    -1.99000     -0.22360     -0.09072      0.53075      3.00000
    -1.97000      0.39520      1.07871      1.47779      4.00000
    -1.95000      0.06976      0.06976      0.11532      2.00000
    -1.93000      0.74792      1.30555      1.55628      3.00000
    -1.91000      0.05135      0.03393      0.50606      3.00000
    -1.89000      0.03108      1.08285      1.64453      3.00000
    -1.87000      0.45845      1.02334      1.53501      4.00000
    -1.85000      0.04161     -0.14459      0.46662      3.00000
    -1.83000      0.72585      1.27940      1.58698      3.00000
    -1.81000      0.12185     -0.04119      0.41855      3.00000
    -1.79000      0.33286      0.66289      1.29844      5.00000
    -1.77000      1.14522      1.14522      0.00000      1.00000
    -1.75000      0.13611      0.67690      1.22381      5.00000
    -1.73000     -0.01253      0.04413      0.08200      3.00000
    -1.71000      0.21072      0.73419      0.99009      5.00000
    -1.69000      2.70108      2.70108      0.00000      1.00000
    -1.67000     -0.01253     -0.01070      0.10748      3.00000
    -1.65000      0.09494      0.34432      0.63768      6.00000
    -1.63000      0.08324      0.08324      0.00000      1.00000
    -1.61000      0.05135      0.17023      0.18194      3.00000
    -1.59000     -0.23645      0.10604      0.64752      3.00000
    -1.57000      0.16043      0.15404      0.34723      4.00000
    -1.55000     -0.00911     -0.00911      0.12763      2.00000
    -1.53000     -0.01130      0.01522      0.34831      5.00000
    -1.51000      0.48336      0.48336      0.27621      2.00000
    -1.49000     -0.11996     -0.13899      0.52395      4.00000
    -1.47000     -0.05303      0.16492      0.54584      4.00000
    -1.45000     -0.37615     -0.37615      0.12917      2.00000
    -1.43000      0.20714      0.23499      0.20399      3.00000
    -1.41000     -0.01354      0.10452      0.43488      4.00000
    -1.39000     -0.13107      0.06351      0.28028      3.00000
    -1.37000      0.02767      0.02767      0.00000      1.00000
    -1.35000      0.08103     -0.06611      0.58842      5.00000
    -1.33000      0.19554      0.23727      0.31530      4.00000
    -1.31000      0.56394      0.54416      0.53482      3.00000
    -1.29000     -0.03216      0.18974      0.42242      3.00000
    -1.27000      0.94669      0.94669      0.00000      1.00000
    -1.25000      0.10730      0.13753      0.61657      6.00000
    -1.23000     -0.02233      0.13214      0.34801      4.00000
    -1.21000      0.42749      0.19666      0.41062      3.00000
    -1.19000          nan          nan          nan      0.00000
    -1.17000     -0.03644      0.19484      0.51375      6.00000
    -1.15000     -0.30222     -0.24822      0.14956      3.00000
    -1.13000     -0.17176     -0.27364      0.28134      3.00000
    -1.11000      0.27922      0.52199      0.71146      3.00000
    -1.09000     -0.08891     -0.12895      0.55542      5.00000
    -1.07000     -0.01357     -0.27376      0.62147      3.00000
    -1.05000     -0.33886     -0.33886      0.00000      1.00000
    -1.03000     -0.24766     -0.24771      0.74039      6.00000
    -1.01000      0.40303      0.40303      0.82493      2.00000
    -0.99000     -1.15396     -1.15396      0.00000      1.00000
    -0.97000     -0.34679     -0.34679      0.00000      1.00000
    -0.95000     -0.10944     -0.22301      0.69655      8.00000
    -0.93000      0.23972      0.23972      0.00000      1.00000
    -0.91000     -0.23537      0.06215      1.07859      3.00000
    -0.89000     -0.31488     -0.42949      0.73422      4.00000
    -0.87000      0.15291     -0.31014      0.75382      3.00000
    -0.85000     -0.36070     -0.33212      0.46738      4.00000
    -0.83000     -0.06257     -0.06257      1.42982      2.00000
    -0.81000     -0.32504     -0.26501      0.47282      4.00000
    -0.79000     -0.05939     -0.05939      0.02428      2.00000
    -0.77000     -0.84233     -0.76721      0.71486      3.00000
    -0.75000      0.63807      0.34224      0.52652      7.00000
    -0.73000     -0.78462     -0.78462      0.00000      1.00000
    -0.71000     -0.32451     -0.41513      0.67443      3.00000
    -0.69000     -0.96929     -0.96929      0.00000      1.00000
    -0.67000      0.56527      0.32013      0.47732      4.00000
    -0.65000     -0.06517     -0.12836      0.59345      8.00000
    -0.63000     -1.17705     -1.17705      0.00000      1.00000
    -0.61000      0.68884      0.68884      0.02083      2.00000
    -0.59000     -0.49990     -0.20069      0.73294      5.00000
    -0.57000     -0.11868     -0.11868      0.00000      1.00000
    -0.55000      0.10765      0.10765      0.45368      2.00000
    -0.53000      0.12082     -0.05469      0.67000      6.00000
    -0.51000      0.06949      0.27456      0.35598      3.00000
    -0.49000      0.25736      0.25736      0.00000      1.00000
    -0.47000      0.32342      0.00213      0.60112      5.00000
    -0.45000      0.36959      0.11205      0.66929      3.00000
    -0.43000      0.32230      0.07991      0.66253      4.00000
    -0.41000      0.16335      0.10622      0.21394      3.00000
    -0.39000      0.47038      0.04173      0.77628      3.00000
    -0.37000      0.26279      0.05337      0.50144      4.00000
    -0.35000      0.83331      0.83331      0.00000      1.00000
    -0.33000      0.26571      0.18693      0.23906      5.00000
    -0.31000     -0.94250     -0.45740      0.93695      3.00000
    -0.29000      0.19646      0.19646      0.00000      1.00000
    -0.27000      0.24134      0.14090      0.20607      3.00000
    -0.25000      0.10251      0.08038      0.65083      8.00000
    -0.23000      0.30037      0.30037      0.09230      2.00000
    -0.21000     -0.41364     -0.41364      0.00000      1.00000
    -0.19000      0.51824      0.32981      0.38649      5.00000
    -0.17000      0.51137      0.29264      0.58458      4.00000
    -0.15000      0.12922      0.12922      0.60971      2.00000
    -0.13000     -0.57640     -0.25485      0.67610      3.00000
    -0.11000      0.26423      0.28333      0.28753      4.00000
    -0.09000      0.18330      0.08311      0.79543      3.00000
    -0.07000     -0.10028     -0.10028      1.11622      2.00000
    -0.05000      0.61396      0.61396      0.00000      1.00000
    -0.03000     -0.12607     -0.09275      0.68360      6.00000
    -0.01000     -0.20752     -0.68966      0.96253      3.00000
     0.01000      0.50461      0.50461      0.04952      2.00000
     0.03000     -0.75733     -0.81520      1.27795      4.00000
     0.05000     -0.23511     -0.77863      1.36490      4.00000
     0.07000     -1.34950     -1.08013      1.38965      3.00000
     0.09000      0.84129      0.84129      0.00000      1.00000
     0.11000     -1.32776     -1.35410      1.55361      6.00000
     0.13000     -0.17091     -0.17091      0.00000      1.00000
     0.15000      0.70968     -0.54341      1.93567      3.00000
     0.17000     -2.43513     -1.90929      1.36362      5.00000
     0.19000     -0.75023     -0.75023      0.30818      2.00000
     0.21000     -0.29626     -0.52232      1.17883      3.00000
     0.23000     -1.29765     -1.17063      2.28366      4.00000
     0.25000     -1.40777     -1.08554      1.03420      4.00000
     0.27000     -0.36313     -0.36313      0.97448      2.00000
     0.29000     -1.81186     -1.82587      1.55489      5.00000
     0.31000      0.62508      0.30294      0.63524      3.00000
     0.33000     -2.43589     -2.37340      0.94473      4.00000
     0.35000     -2.25395     -2.25395      1.43541      2.00000
     0.37000     -1.32572     -0.97307      0.60036      3.00000
     0.39000     -2.07186     -1.66923      2.05469      4.00000
     0.41000     -2.29540     -2.29540      1.17113      2.00000
     0.43000     -0.41527     -0.54170      0.64969      3.00000
     0.45000     -2.01901     -2.01901      1.57023      2.00000
     0.47000     -0.99707     -1.07262      1.62781      5.00000
     0.49000      0.43384     -0.83740      1.95569      3.00000
     0.51000     -0.81318     -1.20344      1.15118      4.00000
     0.53000     -3.99852     -3.99852      0.00000      1.00000
     0.55000     -0.94912     -1.05823      1.64462      4.00000
     0.57000     -1.05226     -1.39338      0.90253      3.00000
     0.59000     -0.41504     -0.29075      0.91446      4.00000
     0.61000     -1.89225     -2.28595      1.32684      4.00000
     0.63000     -1.77147     -1.77147      1.86191      2.00000
     0.65000     -1.43641     -1.43641      1.03334      2.00000
     0.67000     -1.51596     -1.85545      0.49322      3.00000
     0.69000     -2.27354     -2.11856      1.66522      5.00000
     0.71000      0.10205      0.03647      0.48090      3.00000
     0.73000     -2.45821     -2.13410      0.56803      3.00000
     0.75000     -2.26963     -2.05396      1.91243      4.00000
     0.77000     -1.39255     -1.39255      0.81174      2.00000
     0.79000     -2.16966     -1.72534      1.05494      5.00000
     0.81000     -1.98288     -1.98288      1.33045      2.00000
     0.83000     -1.72771     -2.26468      1.65263      4.00000
     0.85000     -1.90052     -1.90052      1.19832      2.00000
     0.87000     -1.98762     -2.28421      1.32793      4.00000
     0.89000     -2.10222     -2.46394      1.66816      4.00000
     0.91000     -1.71398     -1.42403      0.55882      3.00000
     0.93000     -4.14340     -4.14340      0.04179      2.00000
     0.95000     -0.53719     -0.53719      1.15925      2.00000
     0.97000     -0.97744     -1.68387      1.49711      5.00000
     0.99000     -3.24712     -2.57832      1.45535      5.00000
     1.01000     -1.94988     -1.94988      0.44966      2.00000
     1.03000     -4.03547     -4.03547      0.24758      2.00000
     1.05000     -1.08548     -1.57207      1.37110      6.00000
     1.07000     -0.63924     -0.63924      0.00000      1.00000
     1.09000     -3.09732     -2.63190      1.06866      3.00000
     1.11000     -4.92612     -3.89782      1.53675      3.00000
     1.13000     -1.04708     -1.12662      0.53748      5.00000
     1.15000     -3.62235     -3.62235      0.00000      1.00000
     1.17000     -1.25784     -2.02639      1.94034      5.00000
     1.19000     -2.29214     -1.98678      1.01579      3.00000
     1.21000     -1.90675     -1.99491      1.00097      4.00000
     1.23000     -2.72667     -2.72667      1.65350      2.00000
     1.25000     -1.56996     -1.56996      2.64986      2.00000
     1.27000     -1.38772     -1.67381      1.04338      6.00000
     1.29000     -2.89011     -2.75726      1.36109      4.00000
     1.31000     -2.21141     -2.21141      2.17702      2.00000
     1.33000     -2.24588     -2.04482      1.08215      3.00000
     1.35000     -0.27587     -0.27587      0.55312      2.00000
     1.37000     -4.15013     -4.15013      0.64228      2.00000
     1.39000     -1.99156     -1.88517      1.87952      5.00000
     1.41000     -1.34524     -1.24226      0.93872      4.00000
     1.43000     -2.65645     -2.65645      1.71257      2.00000
     1.45000     -1.69536     -1.99150      1.99733      4.00000
     1.47000     -1.63304     -2.97790      2.08035      3.00000
     1.49000     -2.00345     -2.07964      1.72074      3.00000
     1.51000     -1.84221     -1.32550      1.63214      3.00000
     1.53000     -5.35342     -3.97701      2.78565      3.00000
     1.55000     -1.51582     -1.91690      1.32967      5.00000
     1.57000     -1.55095     -1.55095      1.58581      2.00000
     1.59000     -2.19736     -2.19736      0.19846      2.00000
     1.61000     -2.71445     -3.17438      2.56309      4.00000
     1.63000     -1.15896     -2.11650      2.12335      5.00000
     1.65000     -0.04427     -0.04427      0.00000      1.00000
     1.67000     -3.05966     -3.14036      2.31937      4.00000
     1.69000     -2.01357     -2.03732      0.71234      5.00000
     1.71000     -3.36041     -3.36041      3.00285      2.00000
     1.73000     -3.80276     -3.80276      0.61082      2.00000
     1.75000     -0.90889     -1.41185      2.23695      6.00000
     1.77000     -1.72555     -1.72555      0.00000      1.00000
     1.79000     -3.16355     -3.12310      2.22890      4.00000
     1.81000     -4.60300     -3.61563      1.93053      3.00000
     1.83000     -1.71414     -1.44169      0.80447      4.00000
     1.85000     -0.33448     -1.38440      1.68784      3.00000
     1.87000     -5.13818     -5.13818      0.96972      2.00000
     1.89000     -1.89444     -2.13981      1.84281      5.00000
     1.91000     -2.54492     -2.54492      0.91188      2.00000
     1.93000     -0.43738     -1.41264      1.69810      3.00000
     1.95000     -5.52654     -4.04603      2.11914      3.00000
     1.97000     -2.10335     -1.87786      1.17163      5.00000
     1.99000     -2.75507     -2.75507      0.64461      2.00000
     2.01000     -0.04593     -0.04593      0.00000      1.00000
     2.03000     -2.27455     -2.72492      2.17478      6.00000
     2.05000     -1.89444     -2.10015      0.79043      3.00000
     2.07000     -0.52045     -0.52045      0.18597      2.00000
     2.09000     -1.76565     -1.98317      1.11605      3.00000
     2.11000     -3.10998     -3.14755      1.69381      5.00000
     2.13000     -1.73711     -1.45776      0.67906      3.00000
     2.15000     -1.84978     -1.84978      1.34217      2.00000
     2.17000     -2.72918     -2.72918      1.85947      2.00000
     2.19000     -2.19165     -2.17309      1.72568      4.00000
     2.21000     -2.03023     -2.38673      0.62782      3.00000
     2.23000     -0.67112     -0.48646      0.40043      3.00000
     2.25000     -2.28479     -1.58734      2.14138      5.00000
     2.27000     -3.28023     -2.90062      1.36919      3.00000
     2.29000     -0.43755     -0.43755      1.04951      2.00000
     2.31000     -2.09857     -2.35841      1.55110      5.00000
     2.33000     -1.04333     -0.97027      1.58333      3.00000
     2.35000     -2.95768     -2.95768      1.29304      2.00000
     2.37000     -1.67544     -1.44052      1.61464      4.00000
     2.39000     -4.11114     -4.11114      1.17303      2.00000
     2.41000     -0.46145     -0.55796      0.95655      4.00000
     2.43000     -3.00433     -2.77891      0.84154      3.00000
     2.45000     -1.84777     -2.03385      2.25880      4.00000
     2.47000      0.63505      0.63505      0.00000      1.00000
     2.49000     -2.86086     -2.27667      0.99091      3.00000
     2.51000     -0.46290     -0.81221      1.29230      7.00000
     2.53000     -2.92748     -3.37161      1.05798      3.00000
     2.55000     -1.86222     -1.50289      1.42279      4.00000
     2.57000          nan          nan          nan      0.00000
     2.59000     -0.74802     -1.66037      2.14250      4.00000
     2.61000     -2.27335     -2.03213      1.19668      4.00000
     2.63000     -0.96238     -1.16543      1.22218      3.00000
     2.65000     -0.39111     -1.06353      1.29042      3.00000
     2.67000     -2.46356     -2.92777      1.55442      3.00000
     2.69000     -1.81103     -1.50159      1.39279      4.00000
     2.71000     -1.20751     -1.20751      0.65326      2.00000
     2.73000     -0.25949     -0.83383      1.20287      3.00000
     2.75000     -1.85076     -1.89630      2.09227      4.00000
     2.77000     -1.51047     -1.36771      1.30891      4.00000
     2.79000     -1.46386     -1.48095      1.31204      4.00000
     2.81000     -2.00171     -1.91913      1.61080      4.00000
     2.83000     -0.94777     -0.94777      0.52885      2.00000
     2.85000     -1.40283     -1.39951      1.81716      4.00000
     2.87000     -1.44099     -1.44099      2.22609      2.00000
     2.89000     -1.37216     -1.90023      1.65227      3.00000
     2.91000     -1.00246     -0.89599      1.35184      4.00000
     2.93000     -2.58762     -2.61489      1.94957      4.00000
     2.95000     -1.30336     -1.30336      2.40010      2.00000
     2.97000     -1.87095     -1.87095      0.79127      2.00000
     2.99000     -0.39862     -1.33211      2.29963      6.00000
     3.01000     -1.09982     -0.87675      1.64040      3.00000
     3.03000     -2.62910     -1.74578      1.94994      3.00000
     3.05000     -0.78960     -0.78960      0.50944      2.00000
     3.07000     -0.81332     -1.56326      2.77904      4.00000
     3.09000     -1.56941     -1.47288      1.58527      5.00000
     3.11000     -0.98092     -0.98092      0.00000      1.00000
     3.13000     -0.54611     -1.27425      2.77426      5.00000
     3.15000     -2.50771     -2.50771      0.00000      1.00000
     3.17000     -1.70870     -1.31737      1.87896      3.00000
     3.19000     -1.46017     -2.28051      2.19137      4.00000
     3.21000     -0.95374     -0.71856      1.20481      6.00000
     3.23000     -3.69292     -3.69292      0.00000      1.00000
     3.25000     -0.70422     -1.38385      2.82144      4.00000
     3.27000      0.08399     -0.19525      1.30779      4.00000
     3.29000     -0.74542     -0.74542      0.00000      1.00000
     3.31000     -2.57392     -2.16541      2.26275      5.00000
     3.33000          nan          nan          nan      0.00000
     3.35000     -1.00687     -0.69408      1.09468      6.00000
     3.37000     -2.04419     -2.49850      2.05842      3.00000
     3.39000     -1.29383     -1.29383      2.12510      2.00000
     3.41000     -0.53455     -0.24933      0.49464      3.00000
     3.43000     -2.27746     -1.98259      1.81255      5.00000
     3.45000     -3.25242     -3.25242      0.10329      2.00000
     3.47000     -0.04621     -0.04621      0.16131      2.00000
     3.49000     -0.39579     -0.74691      1.11678      5.00000
     3.51000     -1.62868     -1.84760      2.12574      4.00000
     3.53000     -0.77879     -1.43764      1.24157      3.00000
     3.55000     -0.28016     -0.53610      1.08796      3.00000
     3.57000     -0.61149     -1.68408      2.01196      3.00000
     3.59000     -2.67212     -2.16217      0.82668      3.00000
     3.61000     -1.20746     -1.20746      0.54980      2.00000
     3.63000     -0.76581     -1.17426      1.57923      5.00000
     3.65000     -0.56532     -0.56532      0.00000      1.00000
     3.67000     -1.81937     -1.84626      1.30146      6.00000
     3.69000     -0.38065     -1.22657      1.93323      3.00000
     3.71000     -0.39419     -0.39419      0.22130      2.00000
     3.73000     -1.61379     -1.51645      1.00179      3.00000
     3.75000     -0.31652     -0.79222      1.54647      8.00000
     3.77000     -0.46517     -0.46517      0.00000      1.00000
     3.79000     -0.72720     -0.72720      1.08524      2.00000
     3.81000     -3.43944     -3.43944      0.29449      2.00000
     3.83000      0.11112     -0.22227      1.15868      5.00000
     3.85000     -0.24547     -0.51912      0.67523      3.00000
     3.87000     -1.67672     -1.67672      1.94243      2.00000
     3.89000     -1.65793     -1.34421      1.86043      7.00000
     3.91000     -1.28444     -1.28444      0.91177      2.00000
     3.93000      0.29443      0.29443      0.09824      2.00000
     3.95000     -2.88291     -2.73931      1.81085      4.00000
     3.97000     -0.04593      0.23892      0.85867      3.00000
     3.99000     -0.90775     -0.90775      0.82416      2.00000
     4.01000     -1.91176     -2.68750      2.33164      3.00000
     4.03000     -0.53057     -1.07537      2.13676      4.00000
     4.05000     -0.72580     -0.69857      0.15364      4.00000
     4.07000     -3.67626     -3.67626      1.98522      2.00000
     4.09000     -2.14978     -2.21847      1.52939      3.00000
     4.11000      0.31894      0.31894      0.96506      2.00000
     4.13000     -0.88665     -1.80233      2.44062      6.00000
     4.15000     -0.94418     -0.94418      0.59815      2.00000
     4.17000     -1.67843     -1.54518      2.01621      4.00000
     4.19000     -1.19442     -2.40529      2.27687      3.00000
     4.21000     -0.46950     -0.46950      0.00433      2.00000
     4.23000     -0.76474     -1.22181      2.20438      4.00000
     4.25000     -1.68549     -1.29230      2.53491      5.00000
     4.27000     -0.12277     -0.12277      0.29615      2.00000
     4.29000     -0.51562     -0.51562      0.00000      1.00000
     4.31000     -2.03316     -1.42256      2.23247      5.00000
     4.33000     -1.36171     -1.66048      2.27650      5.00000
     4.35000     -0.73112     -1.85392      1.68956      3.00000
     4.37000     -2.19870     -2.01330      1.95914      3.00000
     4.39000     -1.72309     -1.72309      3.42586      2.00000
     4.41000     -1.40178     -0.97130      0.81765      3.00000
     4.43000     -1.12274     -0.81322      0.96559      4.00000
     4.45000     -1.94054     -2.02294      2.52091      5.00000
     4.47000          nan          nan          nan      0.00000
     4.49000     -1.53723     -1.23673      0.66557      4.00000
     4.51000     -2.54442     -2.65212      1.96167      4.00000
     4.53000      0.85013      0.31692      1.35394      3.00000
     4.55000     -1.06348     -1.06348      0.42891      2.00000
     4.57000     -3.22809     -3.14182      1.39883      4.00000
     4.59000     -1.12038     -1.25314      1.76938      6.00000
     4.61000          nan          nan          nan      0.00000
     4.63000     -1.44671     -1.58482      1.97097      5.00000
     4.65000     -1.45137     -1.45137      0.02519      2.00000
     4.67000     -0.79913     -0.88533      2.17549      4.00000
     4.69000     -4.85926     -4.85926      0.00000      1.00000
     4.71000     -0.90748     -1.22024      0.63614      3.00000
     4.73000     -1.00959     -0.72697      2.05048      6.00000
     4.75000      0.00503      0.00503      1.06382      2.00000
     4.77000     -1.50258     -2.06377      1.55940      4.00000
     4.79000      1.77456      1.77456      0.00000      1.00000
     4.81000     -1.82478     -2.58714      1.59277      5.00000
     4.83000     -1.00681     -2.20708      1.87008      3.00000
     4.85000     -0.27677     -0.34469      1.42155      3.00000
     4.87000     -2.09702     -1.80605      2.58826      3.00000
     4.89000     -1.01427     -1.83314      1.65294      4.00000
     4.91000     -1.45334     -1.57146      0.44428      3.00000
     4.93000      0.58800      0.58800      0.89940      2.00000
     4.95000     -1.11717     -2.11121      2.63366      5.00000
     4.97000     -0.33804     -0.33804      0.00000      1.00000
     4.99000     -1.43013     -1.27130      0.69972      3.00000
