    -1.99000      1.13619      1.79849      1.28751     11.00000
    -1.97000      1.10422      1.68053      1.28013     11.00000
    -1.95000      1.04801      1.65981      1.34035     11.00000
    -1.93000      1.06906      2.12461      2.75305     11.00000
    -1.91000      1.05711      1.67925      1.74151     11.00000
    -1.89000      1.06413      1.37179      0.82200     10.00000
    -1.87000      1.00600      1.40982      1.05951     10.00000
    -1.85000      1.01122      1.34660      0.78003     10.00000
    -1.83000      1.02931      1.41185      1.14953     10.00000
    -1.81000      0.98336      1.08786      0.67490     10.00000
    -1.79000      1.21984      1.28114      0.65982     10.00000
    -1.77000      1.16670      1.25524      0.66633     10.00000
    -1.75000      1.07431      1.05293      0.52109     10.00000
    -1.73000      1.05612      1.03920      0.56616     10.00000
    -1.71000      0.99868      1.13601      0.60553     10.00000
    -1.69000      1.20536      1.42545      0.84121     10.00000
    -1.67000      1.41593      1.65774      1.08268     10.00000
    -1.65000      1.31492      1.52131      0.89707     10.00000
    -1.63000      1.38539      2.92605      4.19172     10.00000
    -1.61000      1.33707      1.44594      0.70747     10.00000
    -1.59000      1.31294      1.49168      0.75071     10.00000
    -1.57000      1.16742      3.40928      6.68130     11.00000
    -1.55000      1.47576      2.93776      4.47060     11.00000
    -1.53000      1.24638      2.73924      3.91476     11.00000
    -1.51000      1.31687      2.03335      1.98060     11.00000
    -1.49000      1.38618      1.59924      0.72012     11.00000
    -1.47000      1.19166      1.41850      0.50469     11.00000
    -1.45000      1.47034      1.69848      1.15433     11.00000
    -1.43000      1.17591      1.54060      0.94604     11.00000
    -1.41000      1.17061      1.64069      1.74457     11.00000
    -1.39000      1.09072      1.61568      1.38581     11.00000
    -1.37000      1.02685      1.67084      1.89614     11.00000
    -1.35000      0.85421      1.48930      1.62045     11.00000
    -1.33000      0.81403      2.53779      4.91472     11.00000
    -1.31000      0.78029      1.84648      2.68651     11.00000
    -1.29000      0.72303      2.45390      4.48252     11.00000
    -1.27000      0.85061      2.11504      3.38664     11.00000
    -1.25000      0.97356      1.83475      1.84203     11.00000
    -1.23000      0.97755      1.55681      1.41107     11.00000
    -1.21000      0.90804      1.61295      1.51611     12.00000
    -1.19000      1.07819      1.36586      1.07531     12.00000
    -1.17000      1.11020      1.60843      1.86350     12.00000
    -1.15000      1.24133      1.38848      1.15183     12.00000
    -1.13000      1.19236      1.35230      0.87566     12.00000
    -1.11000      1.17156      1.67678      1.82806     12.00000
    -1.09000      0.94359      1.75758      2.08473     12.00000
    -1.07000      1.02523      2.01322      2.86351     12.00000
    -1.05000      1.08304      2.27502      3.26882     12.00000
    -1.03000      1.17551      1.53217      1.34213     12.00000
    -1.01000      1.01115      1.15263      0.77946     12.00000
    -0.99000      0.92625      0.97788      0.69045     12.00000
    -0.97000      1.21513      1.13797      1.05129     12.00000
    -0.95000      1.15923      1.37286      1.72436     12.00000
    -0.93000      1.00295      1.34868      1.47028     12.00000
    -0.91000      1.03061      1.33718      1.63888     12.00000
    -0.89000      1.06156      0.97451      0.78258     12.00000
    -0.87000      0.68161      0.83673      0.68148     12.00000
    -0.85000      0.71800      0.81332      0.64206     12.00000
    -0.83000      0.61167      0.84381      0.70546     12.00000
    -0.81000      0.61216      0.91873      0.77661     12.00000
    -0.79000      0.71331      0.73302      0.52321     12.00000
    -0.77000      0.67253      0.65359      0.44572     12.00000
    -0.75000      0.72058      0.72464      0.54340     12.00000
    -0.73000      0.46509      0.64487      0.58702     12.00000
    -0.71000      0.47303      0.72803      0.73068     12.00000
    -0.69000      0.48697      1.01503      1.29530     12.00000
    -0.67000      0.55243      1.70404      3.47638     12.00000
    -0.65000      0.60793      1.24246      1.98743     12.00000
    -0.63000      0.55946      1.10203      1.51401     12.00000
    -0.61000      0.51136      0.68383      0.52403     12.00000
    -0.59000      0.55042      0.70990      0.60645     12.00000
    -0.57000      0.55869      0.66839      0.51371     12.00000
    -0.55000      0.55168      0.64008      0.53847     12.00000
    -0.53000      0.71399      0.68055      0.49048     12.00000
    -0.51000      0.68676      0.69325      0.50333     12.00000
    -0.49000      0.59326      0.81121      0.66455     12.00000
    -0.47000      0.44404      0.64995      0.51757     12.00000
    -0.45000      0.76734      0.72615      0.55750     12.00000
    -0.43000      0.47601      0.64611      0.53036     12.00000
    -0.41000      0.41442      0.56359      0.51611     12.00000
    -0.39000      0.64790      0.76693      0.57430     12.00000
    -0.37000      0.74784      0.61895      0.38677     12.00000
    -0.35000      0.81434      0.81562      0.52011     12.00000
    -0.33000      0.80937      1.24538      1.41164     12.00000
    -0.31000      0.76837      0.79518      0.59942     12.00000
    -0.29000      0.40491      0.74903      0.69101     12.00000
    -0.27000      0.47147      0.68283      0.49773     12.00000
    -0.25000      0.59456      0.65864      0.43794     12.00000
    -0.23000      0.45513      0.56983      0.40597     12.00000
    -0.21000      0.31514      0.52110      0.37045     12.00000
    -0.19000      0.39823      0.53258      0.40950     12.00000
    -0.17000      0.54268      0.65976      0.58801     12.00000
    -0.15000      0.44766      0.55819      0.36024     12.00000
    -0.13000      0.50967      0.55252      0.37215     12.00000
    -0.11000      0.46922      0.59170      0.52700     12.00000
    -0.09000      0.41470      0.49826      0.42425     12.00000
    -0.07000      0.28268      0.44476      0.39885     12.00000
    -0.05000      0.22305      0.39636      0.38987     12.00000
    -0.03000      0.26796      0.56379      0.82876     12.00000
    -0.01000      0.21858      0.34244      0.37541     12.00000
     0.01000      0.24911      0.29302      0.27452     12.00000
     0.03000      0.20722      0.26175      0.24604     12.00000
     0.05000      0.12698      0.22029      0.21356     12.00000
     0.07000      0.11219      0.21196      0.22972     12.00000
     0.09000      0.09111      0.19177      0.21891     12.00000
     0.11000      0.06542      0.15267      0.19104     12.00000
     0.13000      0.05881      0.15071      0.22433     12.00000
     0.15000      0.05984      0.11667      0.12316     12.00000
     0.17000      0.05602      0.19378      0.37986     12.00000
     0.19000      0.04882      0.16950      0.28759     12.00000
     0.21000      0.06208      0.12400      0.15095     12.00000
     0.23000      0.06808      0.11027      0.12036     12.00000
     0.25000      0.06230      0.10766      0.11939     12.00000
     0.27000      0.05377      0.11459      0.13121     12.00000
     0.29000      0.05936      0.12126      0.12753     12.00000
     0.31000      0.06427      0.11826      0.10147     12.00000
     0.33000      0.08714      0.13227      0.11038     12.00000
     0.35000      0.10499      0.15606      0.14778     12.00000
     0.37000      0.14150      0.17525      0.16660     12.00000
     0.39000      0.15241      0.18518      0.19412     12.00000
     0.41000      0.14100      0.21475      0.30532     12.00000
     0.43000      0.11024      0.22484      0.35670     12.00000
     0.45000      0.09080      0.19537      0.31216     12.00000
     0.47000      0.11063      0.26681      0.49272     12.00000
     0.49000      0.12311      0.26035      0.46384     12.00000
     0.51000      0.12280      0.28178      0.50549     12.00000
     0.53000      0.14917      0.25097      0.35686     12.00000
     0.55000      0.13548      0.20852      0.25001     12.00000
     0.57000      0.12163      0.15726      0.11693     12.00000
     0.59000      0.17829      0.16310      0.08806     12.00000
     0.61000      0.18635      0.19088      0.12052     12.00000
     0.63000      0.17572      0.19785      0.13597     12.00000
     0.65000      0.19221      0.22149      0.17638     12.00000
     0.67000      0.20313      0.22604      0.20907     12.00000
     0.69000      0.15927      0.20749      0.18906     12.00000
     0.71000      0.18747      0.25681      0.27341     12.00000
     0.73000      0.17017      0.32250      0.46187     12.00000
     0.75000      0.16237      0.41881      0.72825     12.00000
     0.77000      0.20710      0.49930      0.95195     12.00000
     0.79000      0.17616      0.39826      0.58839     12.00000
     0.81000      0.13115      0.34037      0.44879     12.00000
     0.83000      0.20778      0.42231      0.58230     12.00000
     0.85000      0.21138      0.68072      0.90950     12.00000
     0.87000      0.23029      0.41964      0.35520     12.00000
     0.89000      0.25334      0.33876      0.24248     12.00000
     0.91000      0.17039      0.25309      0.17617     12.00000
     0.93000      0.18217      0.29290      0.22801     12.00000
     0.95000      0.27772      0.42430      0.41600     12.00000
     0.97000      0.28226      0.36427      0.29763     12.00000
     0.99000      0.39389      0.60972      0.59764     12.00000
     1.01000      0.34037      0.85272      1.24948     12.00000
     1.03000      0.41461      0.63637      0.59677     12.00000
     1.05000      0.31944      0.69100      0.74899     12.00000
     1.07000      0.46818      0.65570      0.77835     12.00000
     1.09000      0.34016      0.71913      0.93325     12.00000
     1.11000      0.37469      0.66501      0.80282     12.00000
     1.13000      0.40470      0.67740      0.80936     12.00000
     1.15000      0.49468      0.85425      1.01125     12.00000
     1.17000      0.50243      0.81589      0.94208     12.00000
     1.19000      0.47474      0.95292      1.21199     12.00000
     1.21000      0.54808      1.06135      1.21960     12.00000
     1.23000      0.57789      0.74591      0.78354     12.00000
     1.25000      0.51885      0.92799      1.11217     12.00000
     1.27000      0.47794      0.70655      0.60884     12.00000
     1.29000      0.50987      0.72916      0.68888     12.00000
     1.31000      0.40745      1.01673      1.49266     12.00000
     1.33000      0.41470      0.69565      0.68570     12.00000
     1.35000      0.34825      0.65876      0.65005     12.00000
     1.37000      0.50647      0.78759      0.88457     12.00000
     1.39000      0.52512      0.71276      0.66404     12.00000
     1.41000      0.51114      0.82819      0.84572     12.00000
     1.43000      0.62170      1.04767      1.19622     12.00000
     1.45000      0.66234      1.07739      1.55617     12.00000
     1.47000      0.62256      0.77048      0.67236     12.00000
     1.49000      0.57665      0.61489      0.46580     12.00000
     1.51000      0.60656      0.63109      0.45697     12.00000
     1.53000      0.43438      0.63559      0.58544     12.00000
     1.55000      0.36895      0.66204      0.65429     11.00000
     1.57000      0.38754      0.56045      0.47861     11.00000
     1.59000      0.40956      0.51949      0.38792     12.00000
     1.61000      0.31940      0.64142      0.62660     12.00000
     1.63000      0.41762      0.60268      0.50691     12.00000
     1.65000      0.40761      0.62541      0.49572     12.00000
     1.67000      0.41917      0.71795      0.61082     12.00000
     1.69000      0.43696      0.68935      0.53678     12.00000
     1.71000      0.38802      0.87797      1.01610     12.00000
     1.73000      0.39555      0.62500      0.47768     12.00000
     1.75000      0.37132      0.51742      0.40160     12.00000
     1.77000      0.34972      0.51135      0.41993     12.00000
     1.79000      0.38198      0.48227      0.34181     12.00000
     1.81000      0.29390      0.46457      0.40063     12.00000
     1.83000      0.45358      0.51960      0.38824     12.00000
     1.85000      0.36357      0.49054      0.37962     12.00000
     1.87000      0.41603      0.48945      0.32928     12.00000
     1.89000      0.41390      0.46404      0.29481     12.00000
     1.91000      0.42970      0.48321      0.31427     12.00000
     1.93000      0.41199      0.50707      0.33759     12.00000
     1.95000      0.39925      0.55387      0.46443     12.00000
     1.97000      0.52062      0.55670      0.41573     12.00000
     1.99000      0.61248      0.69801      0.61624     12.00000
     2.01000      0.61049      0.59554      0.34996     11.00000
     2.03000      0.57766      0.60258      0.41857     11.00000
     2.05000      0.48610      0.51629      0.35923     10.00000
     2.07000      0.44942      0.42976      0.24312     10.00000
     2.09000      0.51296      0.48114      0.29550     10.00000
     2.11000      0.63722      0.53542      0.34039     10.00000
     2.13000      0.66170      0.58202      0.38249     10.00000
     2.15000      0.42968      0.52113      0.33718     11.00000
     2.17000      0.68627      0.60022      0.38171     12.00000
     2.19000      0.55090      0.90041      0.99356     12.00000
     2.21000      0.48330      0.95162      1.07450     12.00000
     2.23000      0.54099      1.17737      1.26534     12.00000
     2.25000      0.61857      1.45870      1.98146     12.00000
     2.27000      0.64030      0.85713      0.78004     12.00000
     2.29000      0.79671      0.81047      0.58256     12.00000
     2.31000      0.66260      0.87423      0.78622     12.00000
     2.33000      0.72227      0.89410      0.75992     12.00000
     2.35000      1.05492      1.07011      0.86430     12.00000
     2.37000      1.00969      0.92184      0.60931     12.00000
     2.39000      0.86749      1.02830      0.85433     12.00000
     2.41000      0.91057      1.07098      0.82606     12.00000
     2.43000      1.15134      1.13464      0.75433     12.00000
     2.45000      1.14963      1.12209      0.77085     12.00000
     2.47000      0.95652      0.96694      0.58985     12.00000
     2.49000      0.85521      0.93157      0.53175     12.00000
     2.51000      0.88294      1.02519      0.69118     12.00000
     2.53000      0.93994      1.11623      0.89963     12.00000
     2.55000      1.04230      1.12010      0.69240     12.00000
     2.57000      1.10388      1.18726      0.78434     12.00000
     2.59000      0.89657      1.15485      1.19740     12.00000
     2.61000      0.88011      1.17438      0.89306     12.00000
     2.63000      0.85172      1.28400      1.36564     12.00000
     2.65000      0.96079      1.45367      1.48608     12.00000
     2.67000      0.93167      1.65215      1.44197     12.00000
     2.69000      0.89444      2.06335      2.38586     12.00000
     2.71000      0.91721      1.42268      1.46748     12.00000
     2.73000      0.87482      1.11769      0.91304     12.00000
     2.75000      0.77982      1.33203      1.71110     12.00000
     2.77000      0.71987      0.84132      0.72269     12.00000
     2.79000      0.68751      0.93823      1.05395     12.00000
     2.81000      0.65182      0.78265      0.47414     12.00000
     2.83000      0.67848      0.91109      0.66368     12.00000
     2.85000      0.82638      1.05322      0.75067     12.00000
     2.87000      0.83657      1.27393      1.43852     12.00000
     2.89000      0.82946      1.10220      0.86524     12.00000
     2.91000      0.75922      0.85182      0.59342     12.00000
     2.93000      0.72559      0.88925      0.66053     12.00000
     2.95000      0.67818      0.84939      0.77087     11.00000
     2.97000      0.79540      0.99618      0.81459     12.00000
     2.99000      0.81095      1.00657      0.90110     12.00000
     3.01000      0.78385      0.88962      0.72969     12.00000
     3.03000      0.76257      0.85402      0.59346     12.00000
     3.05000      0.81735      0.82583      0.53279     12.00000
     3.07000      0.83840      0.91317      0.60549     12.00000
     3.09000      0.98466      0.98719      0.68873     12.00000
     3.11000      0.93121      0.97482      0.69124     12.00000
     3.13000      0.84679      0.98489      0.68086     12.00000
     3.15000      0.90843      1.09348      0.88433     12.00000
     3.17000      0.90102      1.12839      0.93766     12.00000
     3.19000      0.92437      1.18166      0.99823     12.00000
     3.21000      0.92975      1.56387      2.08707     12.00000
     3.23000      0.82770      1.32299      1.31309     12.00000
     3.25000      0.87632      1.81902      2.05327     12.00000
     3.27000      0.97675      1.80836      2.06322     12.00000
     3.29000      0.95668      2.53355      4.63980     12.00000
     3.31000      0.89788      1.45700      1.55813     12.00000
     3.33000      0.80713      1.28533      1.22737     12.00000
     3.35000      0.81019      1.29223      1.24372     12.00000
     3.37000      0.76487      1.18467      1.13981     12.00000
     3.39000      0.74245      1.10793      0.95907     12.00000
     3.41000      0.77551      1.20811      1.07317     12.00000
     3.43000      0.90888      1.17377      0.99992     12.00000
     3.45000      0.83427      1.04417      0.89878     12.00000
     3.47000      0.73796      0.98588      0.81367     12.00000
     3.49000      0.72575      1.06710      0.98877     12.00000
     3.51000      0.59836      0.92779      0.74831     12.00000
     3.53000      0.72875      0.87204      0.73915     12.00000
     3.55000      0.74965      1.46649      2.12430     12.00000
     3.57000      0.76505      1.54887      1.87470     12.00000
     3.59000      0.75076      1.26068      1.24481     12.00000
     3.61000      0.84114      1.04531      0.83086     12.00000
     3.63000      0.84677      1.07370      0.90204     12.00000
     3.65000      0.93842      1.17729      0.94585     12.00000
     3.67000      0.94406      3.41862      7.29947     12.00000
     3.69000      0.84849      4.16783     10.19473     12.00000
     3.71000      0.82114      1.85295      3.04491     12.00000
     3.73000      0.73337      1.33310      1.33915     12.00000
     3.75000      0.81801      1.15698      0.94196     12.00000
     3.77000      0.78005      1.12041      0.90826     12.00000
     3.79000      0.72551      1.18538      1.11763     12.00000
     3.81000      0.84385      1.18876      1.15196     12.00000
     3.83000      0.95255      1.69730      2.89062     12.00000
     3.85000      1.02295      1.70485      2.14347     12.00000
     3.87000      0.96138      1.34014      1.01270     12.00000
     3.89000      0.99421      1.21952      0.89821     12.00000
     3.91000      1.04960      1.25441      1.07302     12.00000
     3.93000      1.08580      1.23258      0.83649     12.00000
     3.95000      1.04251      1.46998      1.48361     12.00000
     3.97000      0.87112      1.28130      1.11305     12.00000
     3.99000      1.09049      1.76701      2.09739     12.00000
     4.01000      0.87936      1.17269      1.01518     12.00000
     4.03000      0.77594      1.18907      1.68197     12.00000
     4.05000      0.75450      1.18192      1.68284     12.00000
     4.07000      0.78923      1.27790      1.86852     12.00000
     4.09000      0.63461      0.90117      0.65998     12.00000
     4.11000      0.85110      0.92899      0.62041     12.00000
     4.13000      0.72150      1.12852      1.41696     12.00000
     4.15000      0.76249      0.86444      0.61078     12.00000
     4.17000      0.62398      1.54424      2.78135     12.00000
     4.19000      0.70616      0.83211      0.59131     12.00000
     4.21000      0.74820      0.93155      0.67800     12.00000
     4.23000      0.93985      1.03237      0.74918     12.00000
     4.25000      0.95918      1.13834      0.79892     12.00000
     4.27000      0.69270      0.80491      0.42218     12.00000
     4.29000      0.72864      1.05788      0.95665     12.00000
     4.31000      0.68818      1.18003      1.20848     12.00000
     4.33000      0.73806      1.15961      1.09567     12.00000
     4.35000      0.74147      1.10299      1.08062     12.00000
     4.37000      0.66273      1.30438      1.79057     12.00000
     4.39000      0.78881      1.62136      1.86510     12.00000
     4.41000      0.78940      1.65593      2.03311     12.00000
     4.43000      1.04031      1.93678      2.56493     12.00000
     4.45000      0.81073      1.60533      2.00430     12.00000
     4.47000      0.82607      2.05917      3.17636     12.00000
     4.49000      0.87455      1.63769      1.89636     12.00000
     4.51000      1.02869      1.18463      1.09302     12.00000
     4.53000      1.04427      1.16555      0.84903     12.00000
     4.55000      1.05005      1.00773      0.64841     11.00000
     4.57000      1.03154      1.00748      0.63123     11.00000
     4.59000      1.02992      0.92260      0.43962     11.00000
     4.61000      0.90312      0.86851      0.43348     11.00000
     4.63000      1.05399      0.84982      0.43595     11.00000
     4.65000      1.01390      0.84872      0.41313     11.00000
     4.67000      1.00597      0.89233      0.44035     11.00000
     4.69000      1.06774      0.95888      0.51090     11.00000
     4.71000      1.09221      1.11389      0.90720     11.00000
     4.73000      1.08011      1.11392      0.79550     11.00000
     4.75000      1.08839      1.07829      0.61731     11.00000
     4.77000      0.94690      1.24224      1.22357     11.00000
     4.79000      1.03969      1.02054      0.54482     11.00000
     4.81000      1.01568      1.04089      0.62121     11.00000
     4.83000      0.83920      1.13193      1.02184     11.00000
     4.85000      0.87714      1.11413      0.85048     11.00000
     4.87000      0.95529      1.11307      0.55609     11.00000
     4.89000      1.08660      1.15176      0.59258     11.00000
     4.91000      0.88947      0.99569      0.44047     11.00000
     4.93000      1.02975      0.86660      0.35407     11.00000
     4.95000      0.92565      0.82070      0.34072     11.00000
     4.97000      0.89828      0.81028      0.30402     11.00000
     4.99000      1.02048      0.93747      0.52310     11.00000
