    -1.99000      4.39100      6.40016      4.91449     11.00000
    -1.97000      4.39527      6.59182      5.32276     11.00000
    -1.95000      4.54150      6.81295      5.39187     11.00000
    -1.93000      4.90417      7.26220      6.04733     11.00000
    -1.91000      5.24592      7.09606      5.36335     11.00000
    -1.89000      6.84206      8.08491      4.60128     10.00000
    -1.87000      7.01990      7.90543      4.72208     10.00000
    -1.85000      7.32369      8.74830      5.96027     10.00000
    -1.83000      7.13650      9.05086      5.74148     10.00000
    -1.81000      7.72619      7.90409      3.19164     10.00000
    -1.79000      8.42465      7.63350      3.39824     10.00000
    -1.77000      8.91943      8.09470      3.92183     10.00000
    -1.75000      9.17649      7.73651      3.34779     10.00000
    -1.73000      8.84038      7.86998      3.71327     10.00000
    -1.71000      8.24561      8.48594      4.83244     10.00000
    -1.69000      8.49879      8.70572      4.70622     10.00000
    -1.67000      9.26031      9.02711      5.25482     10.00000
    -1.65000      9.69030      8.67530      4.16525     10.00000
    -1.63000      8.66186      8.53053      4.37265     10.00000
    -1.61000      9.50608      9.01300      4.27183     10.00000
    -1.59000      9.89410     10.19901      6.08520     10.00000
    -1.57000      9.38909     12.20226     10.66882     11.00000
    -1.55000      9.57600     13.64299     11.71027     11.00000
    -1.53000      9.62253     12.95438     10.70902     11.00000
    -1.51000      9.00545     12.77006     10.14117     11.00000
    -1.49000      9.22914     11.62049      7.15965     11.00000
    -1.47000      8.29575     10.68518      6.31050     11.00000
    -1.45000      7.44033     10.72443      7.26789     11.00000
    -1.43000      7.39752      9.85154      6.50802     11.00000
    -1.41000      7.13761      9.79361      7.06860     11.00000
    -1.39000      6.87148     10.38246      7.55246     11.00000
    -1.37000      6.85527     10.96929      8.74499     11.00000
    -1.35000      6.41615     10.37059      8.18008     11.00000
    -1.33000      6.86356     10.71519      8.64319     11.00000
    -1.31000      6.70200     10.14871      7.83472     11.00000
    -1.29000      6.58906      9.39247      7.52730     11.00000
    -1.27000      5.09425      9.79508      8.21475     11.00000
    -1.25000      6.52267      9.88139      8.01704     11.00000
    -1.23000      6.88445      9.83092      7.47770     11.00000
    -1.21000      7.29373      9.56249      7.81461     12.00000
    -1.19000      7.16120      9.08458      6.86540     12.00000
    -1.17000      7.15272      9.08034      7.28916     12.00000
    -1.15000      7.11713      8.93282      6.96030     12.00000
    -1.13000      6.21580      9.42094      8.23083     12.00000
    -1.11000      6.08603      9.68962      8.54231     12.00000
    -1.09000      5.38662      9.43978      8.51920     12.00000
    -1.07000      5.61975      9.00235      7.85196     12.00000
    -1.05000      5.12131      9.24891      8.40530     12.00000
    -1.03000      4.98899     11.82723     13.66020     12.00000
    -1.01000      5.19065     11.55585     14.76794     12.00000
    -0.99000      5.24234     10.52072     14.45303     12.00000
    -0.97000      5.43267     11.45973     15.43098     12.00000
    -0.95000      5.65147     11.37619     14.39596     12.00000
    -0.93000      5.24416     12.22664     17.81080     12.00000
    -0.91000      5.33859     11.95008     18.33243     12.00000
    -0.89000      5.29701     11.12345     17.67962     12.00000
    -0.87000      5.22885     10.87680     17.32605     12.00000
    -0.85000      5.72681     10.73759     17.64349     12.00000
    -0.83000      5.26885     10.56207     17.95091     12.00000
    -0.81000      4.96421     10.57469     18.12583     12.00000
    -0.79000      5.37155      7.72850      9.07944     12.00000
    -0.77000      5.01591      7.23671      8.03380     12.00000
    -0.75000      5.17281      6.97062      8.21922     12.00000
    -0.73000      3.93740      5.89205      5.45180     12.00000
    -0.71000      5.06433      6.10350      5.04689     12.00000
    -0.69000      4.35381      6.20239      5.05355     12.00000
    -0.67000      5.08279      7.12958      5.51625     12.00000
    -0.65000      5.22315      7.67602      6.49418     12.00000
    -0.63000      5.07388      7.49470      6.66545     12.00000
    -0.61000      5.15444      6.21491      4.59700     12.00000
    -0.59000      5.29651      6.66073      4.75774     12.00000
    -0.57000      4.44041      6.02755      5.15507     12.00000
    -0.55000      4.31505      5.64607      4.03616     12.00000
    -0.53000      4.71149      6.20652      5.12712     12.00000
    -0.51000      5.60373      6.86681      5.92692     12.00000
    -0.49000      5.46743      9.47572     11.40527     12.00000
    -0.47000      4.99876      8.50610     10.38712     12.00000
    -0.45000      5.14154     10.05889     14.96201     12.00000
    -0.43000      4.90429      9.16549     12.94784     12.00000
    -0.41000      4.34489      7.42040      7.86774     12.00000
    -0.39000      5.74173      9.25534      8.26784     12.00000
    -0.37000      5.50900      9.53026      7.87078     12.00000
    -0.35000      6.35638      9.04539      5.96682     12.00000
    -0.33000      6.19376      8.42078      5.37943     12.00000
    -0.31000      6.03652      7.62077      4.80986     12.00000
    -0.29000      6.62034      8.52898      7.02598     12.00000
    -0.27000      5.52237      8.27273      9.18510     12.00000
    -0.25000      5.30793      9.09234     10.69593     12.00000
    -0.23000      5.23625      9.19391     10.31292     12.00000
    -0.21000      6.73379      8.61467      7.55980     12.00000
    -0.19000      6.67196      7.73839      4.98482     12.00000
    -0.17000      7.38879      7.53399      4.14885     12.00000
    -0.15000      8.04129      9.16276      6.42775     12.00000
    -0.13000      8.78196      9.26047      4.94226     12.00000
    -0.11000      7.54293      7.68667      4.34985     12.00000
    -0.09000      6.21530      7.64252      4.65284     12.00000
    -0.07000      7.16369      7.49753      4.62258     12.00000
    -0.05000      7.70852      7.83961      5.52175     12.00000
    -0.03000      6.82521      7.92616      6.51277     12.00000
    -0.01000      6.50341      8.15448      6.58024     12.00000
     0.01000      7.60324      7.60185      5.83761     12.00000
     0.03000      6.72473      6.83162      6.01469     12.00000
     0.05000      6.65737      5.52573      3.26789     12.00000
     0.07000      6.39975      5.41690      2.81250     12.00000
     0.09000      5.08518      5.16328      3.08658     12.00000
     0.11000      4.64417      4.66563      2.89915     12.00000
     0.13000      3.18092      4.60935      3.36422     12.00000
     0.15000      3.19817      4.42564      3.04687     12.00000
     0.17000      3.04083      4.66127      3.41714     12.00000
     0.19000      3.00038      4.66667      4.58408     12.00000
     0.21000      3.30514      4.02966      2.65393     12.00000
     0.23000      3.76434      4.12679      3.52229     12.00000
     0.25000      3.45210      3.54340      2.21073     12.00000
     0.27000      3.32115      3.14725      1.64738     12.00000
     0.29000      3.29279      3.29599      1.72967     12.00000
     0.31000      3.66795      3.65515      1.79840     12.00000
     0.33000      3.30209      4.31285      3.04900     12.00000
     0.35000      3.23022      4.68577      3.89459     12.00000
     0.37000      3.99761      5.42995      5.24546     12.00000
     0.39000      3.95091      5.45354      4.54809     12.00000
     0.41000      3.81341      6.14634      7.15542     12.00000
     0.43000      3.45255      6.12711      7.62587     12.00000
     0.45000      3.35362      4.89674      5.26164     12.00000
     0.47000      3.74450      5.26365      5.70010     12.00000
     0.49000      3.54351      5.37754      5.95505     12.00000
     0.51000      3.27893      4.82139      4.33787     12.00000
     0.53000      3.04106      5.29190      6.23090     12.00000
     0.55000      2.45752      4.84981      6.83981     12.00000
     0.57000      2.46150      4.45436      6.30031     12.00000
     0.59000      2.70320      5.16661      6.91325     12.00000
     0.61000      2.72290      5.04180      5.91724     12.00000
     0.63000      2.89895      4.91358      5.52931     12.00000
     0.65000      3.05132      4.67924      4.66197     12.00000
     0.67000      2.96992      4.62959      4.81577     12.00000
     0.69000      2.35135      4.09188      4.22582     12.00000
     0.71000      2.45223      4.48589      4.82387     12.00000
     0.73000      2.32507      4.23150      4.13560     12.00000
     0.75000      2.64623      3.93889      3.27863     12.00000
     0.77000      2.86077      3.99634      3.30579     12.00000
     0.79000      2.48823      3.66781      2.78667     12.00000
     0.81000      2.54498      3.56568      2.85446     12.00000
     0.83000      2.23183      3.66615      3.01789     12.00000
     0.85000      2.31273      4.04223      3.84817     12.00000
     0.87000      2.83766      4.22402      3.44239     12.00000
     0.89000      3.33219      4.08856      2.84693     12.00000
     0.91000      2.46384      3.60582      3.34289     12.00000
     0.93000      2.47691      4.20062      5.58773     12.00000
     0.95000      2.51194      5.01794      6.28248     12.00000
     0.97000      2.54740      4.76250      6.23000     12.00000
     0.99000      2.70553      4.34897      4.98469     12.00000
     1.01000      2.81260      4.29896      4.96454     12.00000
     1.03000      2.76230      4.74629      5.03279     12.00000
     1.05000      2.71531      5.03260      5.68506     12.00000
     1.07000      2.36466      5.05048      5.86336     12.00000
     1.09000      2.48356      4.53340      5.06660     12.00000
     1.11000      2.50106      3.78345      3.56811     12.00000
     1.13000      2.51840      3.44581      2.99799     12.00000
     1.15000      1.95557      3.73391      3.85764     12.00000
     1.17000      1.83743      3.36119      3.23030     12.00000
     1.19000      1.91678      3.62052      3.66760     12.00000
     1.21000      1.97948      3.65592      3.53602     12.00000
     1.23000      2.01633      3.28865      2.96111     12.00000
     1.25000      2.20317      2.94254      2.62101     12.00000
     1.27000      2.47186      2.84287      2.65783     12.00000
     1.29000      2.23297      2.63324      2.41016     12.00000
     1.31000      2.01128      2.21347      1.28811     12.00000
     1.33000      2.00263      2.02712      1.14444     12.00000
     1.35000      1.56617      1.95591      1.22370     12.00000
     1.37000      2.32112      2.14246      1.24245     12.00000
     1.39000      2.08782      2.21639      1.44644     12.00000
     1.41000      1.74569      2.31336      1.55512     12.00000
     1.43000      2.38056      2.41862      1.48603     12.00000
     1.45000      2.34243      2.46741      1.47593     12.00000
     1.47000      2.12051      2.36568      1.32169     12.00000
     1.49000      2.02186      2.23427      1.24900     12.00000
     1.51000      2.06733      2.21228      1.26861     12.00000
     1.53000      1.94607      2.21370      1.37434     12.00000
     1.55000      1.82215      2.30815      1.46437     12.00000
     1.57000      1.81082      2.21651      1.37059     11.00000
     1.59000      1.51249      2.06653      1.47953     12.00000
     1.61000      1.47694      2.02060      1.31478     12.00000
     1.63000      1.51353      2.07899      1.39774     12.00000
     1.65000      1.69431      2.22916      1.69493     12.00000
     1.67000      1.78941      2.32427      1.66719     12.00000
     1.69000      1.90394      2.24145      1.36274     12.00000
     1.71000      1.84816      2.14658      1.07237     12.00000
     1.73000      1.91580      2.09279      1.03972     12.00000
     1.75000      1.82055      1.85295      0.77811     12.00000
     1.77000      1.74690      1.88232      0.83884     12.00000
     1.79000      1.52413      1.82703      0.84248     12.00000
     1.81000      1.70524      1.69488      0.79657     12.00000
     1.83000      2.04953      1.84228      0.82013     12.00000
     1.85000      1.89522      1.81458      0.79823     12.00000
     1.87000      1.84277      2.04281      1.20544     12.00000
     1.89000      1.78701      2.07032      1.37879     12.00000
     1.91000      1.77457      2.23327      1.78337     12.00000
     1.93000      1.76774      2.29558      1.87793     12.00000
     1.95000      1.49801      2.32139      1.94243     12.00000
     1.97000      1.75252      2.39133      2.09953     12.00000
     1.99000      1.89916      2.85399      2.28115     12.00000
     2.01000      2.03821      2.96471      2.20126     11.00000
     2.03000      1.77531      2.93706      2.32809     11.00000
     2.05000      1.45220      2.43995      1.88794     10.00000
     2.07000      1.48027      2.39183      1.92986     10.00000
     2.09000      1.65468      2.51189      2.06792     10.00000
     2.11000      2.20916      2.61595      2.08866     10.00000
     2.13000      2.58550      2.85555      2.08582     10.00000
     2.15000      3.02212      2.64393      1.62500     11.00000
     2.17000      3.26600      3.16141      2.11723     12.00000
     2.19000      3.03301      3.31952      2.34483     12.00000
     2.21000      2.58436      3.26339      2.65210     12.00000
     2.23000      3.27910      3.74562      2.83376     12.00000
     2.25000      3.39286      3.47702      2.46151     12.00000
     2.27000      3.25309      3.23472      2.08939     12.00000
     2.29000      3.11835      3.07700      1.88264     12.00000
     2.31000      3.39372      3.54178      2.17217     12.00000
     2.33000      3.42046      3.60989      2.26086     12.00000
     2.35000      3.71283      3.95686      2.29739     12.00000
     2.37000      3.86717      4.07334      2.40037     12.00000
     2.39000      3.59182      3.95755      2.32826     12.00000
     2.41000      3.51550      3.98455      2.30301     12.00000
     2.43000      3.71361      4.09541      2.19112     12.00000
     2.45000      4.08812      4.00888      1.88486     12.00000
     2.47000      3.77849      3.91285      1.57256     12.00000
     2.49000      3.48203      3.75139      1.59656     12.00000
     2.51000      3.30609      3.70664      1.71658     12.00000
     2.53000      3.42482      3.92225      2.06375     12.00000
     2.55000      3.54492      4.17686      2.23763     12.00000
     2.57000      3.83421      4.33672      2.32367     12.00000
     2.59000      3.59116      4.30548      2.36805     12.00000
     2.61000      3.39335      4.67647      3.21673     12.00000
     2.63000      3.38539      4.48184      2.79141     12.00000
     2.65000      3.98001      4.83275      3.11959     12.00000
     2.67000      4.09767      4.99544      3.07760     12.00000
     2.69000      3.89539      5.03585      3.64214     12.00000
     2.71000      3.36454      4.49373      2.76410     12.00000
     2.73000      3.31146      6.01426      6.91862     12.00000
     2.75000      3.22578      6.13750      7.86685     12.00000
     2.77000      3.25804      4.89866      4.34752     12.00000
     2.79000      3.40840      5.04283      4.99056     12.00000
     2.81000      3.28140      5.35134      6.69952     12.00000
     2.83000      3.24798      5.61343      6.97502     12.00000
     2.85000      3.35496      5.71525      5.87848     12.00000
     2.87000      3.88785      5.09530      3.59912     12.00000
     2.89000      3.86216      4.76244      3.52772     12.00000
     2.91000      3.55785      4.28203      2.85227     12.00000
     2.93000      3.70326      4.48354      2.98114     12.00000
     2.95000      3.85400      4.10754      2.46967     11.00000
     2.97000      3.84283      4.18170      2.13877     12.00000
     2.99000      3.99167      5.00163      4.52180     12.00000
     3.01000      3.81295      4.11513      2.59132     12.00000
     3.03000      3.51418      4.10932      2.64530     12.00000
     3.05000      3.71219      4.39373      2.88215     12.00000
     3.07000      3.27497      4.11224      2.48118     12.00000
     3.09000      3.49269      3.80404      1.71170     12.00000
     3.11000      3.55109      4.20048      2.45293     12.00000
     3.13000      3.19715      4.43948      3.35314     12.00000
     3.15000      3.28284      4.32646      2.79812     12.00000
     3.17000      3.39855      4.25567      2.35604     12.00000
     3.19000      3.34658      4.87888      3.82174     12.00000
     3.21000      3.59098      4.68306      2.85041     12.00000
     3.23000      3.65893      4.99126      3.84522     12.00000
     3.25000      3.54268      5.31022      4.75294     12.00000
     3.27000      3.80585      4.68565      2.75376     12.00000
     3.29000      4.01801      4.33546      2.03946     12.00000
     3.31000      3.97966      4.47099      2.04597     12.00000
     3.33000      3.82574      4.51184      2.27437     12.00000
     3.35000      3.91517      4.67820      2.75592     12.00000
     3.37000      3.79689      4.26975      1.99643     12.00000
     3.39000      3.71625      4.06841      1.73550     12.00000
     3.41000      3.82728      4.19411      1.76368     12.00000
     3.43000      4.15290      4.34996      1.80410     12.00000
     3.45000      4.10337      4.23247      1.68638     12.00000
     3.47000      4.02461      4.20514      1.77528     12.00000
     3.49000      4.26724      4.22042      1.90865     12.00000
     3.51000      4.06261      3.89482      1.38631     12.00000
     3.53000      3.86854      3.95239      1.51814     12.00000
     3.55000      3.68065      4.16873      1.91902     12.00000
     3.57000      3.72688      4.15098      1.82412     12.00000
     3.59000      3.63519      3.85771      1.47330     12.00000
     3.61000      3.76527      3.90550      1.43349     12.00000
     3.63000      3.81002      4.12014      1.75580     12.00000
     3.65000      3.82198      4.39945      2.06370     12.00000
     3.67000      3.77576      5.57859      5.65370     12.00000
     3.69000      3.50851      5.51336      6.22706     12.00000
     3.71000      3.14479      5.14188      5.30012     12.00000
     3.73000      3.37867      4.93794      4.85449     12.00000
     3.75000      3.39866      4.82453      4.57656     12.00000
     3.77000      3.14699      4.53519      4.23882     12.00000
     3.79000      3.46525      4.37742      2.79284     12.00000
     3.81000      3.78036      4.60943      2.64528     12.00000
     3.83000      4.23709      4.83360      2.62041     12.00000
     3.85000      4.39836      5.09860      2.93592     12.00000
     3.87000      3.78371      4.90844      3.06764     12.00000
     3.89000      4.08541      5.00806      3.13221     12.00000
     3.91000      4.24319      5.24801      3.62984     12.00000
     3.93000      4.20388      5.51864      4.04003     12.00000
     3.95000      4.63659      5.73560      3.58039     12.00000
     3.97000      4.88600      5.66229      3.36502     12.00000
     3.99000      4.63193      5.94479      4.63781     12.00000
     4.01000      4.57302      5.05950      3.02486     12.00000
     4.03000      4.76198      4.63700      2.20518     12.00000
     4.05000      4.64647      4.51610      2.10445     12.00000
     4.07000      4.89909      4.33133      2.03724     12.00000
     4.09000      4.15737      4.57607      2.65476     12.00000
     4.11000      3.88557      5.37108      4.86806     12.00000
     4.13000      3.68895      5.34706      6.14264     12.00000
     4.15000      3.18602      4.32946      2.94466     12.00000
     4.17000      3.30480      4.64744      3.23353     12.00000
     4.19000      3.24640      4.33909      2.77860     12.00000
     4.21000      4.92088      4.67568      2.51249     12.00000
     4.23000      4.65876      5.02092      3.25738     12.00000
     4.25000      4.39632      5.14980      3.48225     12.00000
     4.27000      4.19427      4.65956      2.97716     12.00000
     4.29000      4.37392      4.92820      3.35431     12.00000
     4.31000      4.33168      4.93821      3.99218     12.00000
     4.33000      3.63704      4.73306      3.51924     12.00000
     4.35000      3.70276      4.39046      2.50179     12.00000
     4.37000      3.68130      4.28058      2.62980     12.00000
     4.39000      4.29390      4.49082      2.48064     12.00000
     4.41000      4.22938      4.57238      2.74416     12.00000
     4.43000      4.41723      4.43420      2.39403     12.00000
     4.45000      4.56424      4.25587      2.25828     12.00000
     4.47000      4.14158      4.28202      2.33811     12.00000
     4.49000      3.92757      4.30766      2.29172     12.00000
     4.51000      3.98506      4.13178      1.72793     12.00000
     4.53000      4.48363      4.36513      1.76631     12.00000
     4.55000      4.25070      4.41411      2.14744     11.00000
     4.57000      4.42482      4.40183      2.10732     11.00000
     4.59000      4.84969      4.41674      2.25310     11.00000
     4.61000      4.23930      4.23371      2.26525     11.00000
     4.63000      4.16650      4.09712      2.26688     11.00000
     4.65000      4.04591      4.00069      2.19252     11.00000
     4.67000      4.27810      4.11954      2.36700     11.00000
     4.69000      3.90600      4.00824      2.44391     11.00000
     4.71000      3.86050      4.22682      2.95303     11.00000
     4.73000      3.81771      4.42124      3.01672     11.00000
     4.75000      3.78500      4.45171      2.79614     11.00000
     4.77000      3.82513      4.48307      2.63709     11.00000
     4.79000      3.76483      4.31260      2.28628     11.00000
     4.81000      3.77000      4.44343      2.43278     11.00000
     4.83000      4.05856      4.59417      2.67506     11.00000
     4.85000      4.07500      4.39446      2.28324     11.00000
     4.87000      4.11158      4.36391      1.80894     11.00000
     4.89000      4.18736      4.44468      1.74102     11.00000
     4.91000      3.90909      4.22143      1.71829     11.00000
     4.93000      3.92267      3.95645      1.75699     11.00000
     4.95000      3.93282      3.96059      1.73158     11.00000
     4.97000      3.82741      3.91897      1.55968     11.00000
     4.99000      3.66273      3.90627      1.62324     11.00000
