    -1.99000  58499.87500 103925.68482 100200.39113     11.00000
    -1.97000  96194.00000 115251.28391 102826.64158     11.00000
    -1.95000  87290.57143 122346.47452 110158.05838     11.00000
    -1.93000  65933.28571 120107.68251 124102.77054     11.00000
    -1.91000  49677.50000 109624.30248 124402.30011     11.00000
    -1.89000  55527.57143 107937.23790 122261.19321     11.00000
    -1.87000  54148.11364 111087.19248 121809.18930     11.00000
    -1.85000  47668.54545 111808.85949 120461.45580     11.00000
    -1.83000  44649.92308 108813.63200 118497.19475     11.00000
    -1.81000  58537.76923 111957.35729 120237.17230     11.00000
    -1.79000  65247.35714 109542.40766 111190.27794     11.00000
    -1.77000  63996.35714 106235.92646 110105.16956     11.00000
    -1.75000  54577.03333  96194.18993  90895.56607     10.00000
    -1.73000  50783.64560  83618.44880  80009.79780     10.00000
    -1.71000  54345.67500  80455.38137  71741.36928     10.00000
    -1.69000  63997.92857  87982.90460  69390.39224     10.00000
    -1.67000  58201.91186  86344.78821  68356.54338     10.00000
    -1.65000  52672.98237  92528.36936  92547.07220     10.00000
    -1.63000  57705.44022  93914.79880  87664.73209     10.00000
    -1.61000  69354.94667  90719.67139  71988.16656     10.00000
    -1.59000  63692.92029  86671.02103  70688.69558     10.00000
    -1.57000  73281.57453  83298.39823  63545.21783     10.00000
    -1.55000  79350.04969  81050.71640  56314.22792     10.00000
    -1.53000  75064.04037  81618.31865  55938.83462     10.00000
    -1.51000  79283.70000  81179.66646  55228.07698     10.00000
    -1.49000  78178.57143  82617.66010  54933.42851     10.00000
    -1.47000  72133.33333  81412.75691  52840.43693     10.00000
    -1.45000  88285.84524  86332.63031  46508.53154     10.00000
    -1.43000  92967.52500  89036.49849  51829.86052     10.00000
    -1.41000  81998.73333  79428.73001  50754.68178     11.00000
    -1.39000  99438.83333  84007.17311  48207.10373     11.00000
    -1.37000  97827.60000  76378.26883  42113.47241     11.00000
    -1.35000  93869.10000  79582.37760  43524.36132     11.00000
    -1.33000  70820.93548  80318.22321  44422.19468     11.00000
    -1.31000  58100.73333  91787.60275  71896.10770     11.00000
    -1.29000  57173.64516  87442.72369  68891.85560     11.00000
    -1.27000  72282.72414  83482.29410  57152.52231     11.00000
    -1.25000  77339.28571  87241.75375  56689.16163     11.00000
    -1.23000  60230.33333  81578.45360  56547.43868     11.00000
    -1.21000  66164.28571  70782.21622  32948.32431     11.00000
    -1.19000  79314.27917  73811.70431  44332.78345     10.00000
    -1.17000  75924.18831  70200.31722  37220.87603     10.00000
    -1.15000  74787.10000  74973.40254  47205.23186     10.00000
    -1.13000  68098.23502  78933.53702  58486.72511     10.00000
    -1.11000  74820.85000  83606.62122  58897.64264     10.00000
    -1.09000  85176.60023  83343.05077  43835.10210     10.00000
    -1.07000  75316.38095  70528.76160  29295.91720     10.00000
    -1.05000  70064.06989  70800.18304  28367.29817     10.00000
    -1.03000  77138.24667  76502.59254  31090.37048     10.00000
    -1.01000  73884.55398  77415.90594  35109.08902     10.00000
    -0.99000  71205.94769  73133.51973  28319.41874     10.00000
    -0.97000  73446.95601  73530.72125  29918.91794     10.00000
    -0.95000  80690.77273  81729.42372  33253.88392     10.00000
    -0.93000  86567.99301  87449.66710  37623.87771     10.00000
    -0.91000  78252.49524 105236.50650  83434.36062     10.00000
    -0.89000  72754.93835  98317.59547  88247.01770     10.00000
    -0.87000  71732.61591 100685.65646  86862.39142     10.00000
    -0.85000  83845.28571  96657.97513  61724.88229     11.00000
    -0.83000  83519.46667  84047.49479  43174.17162     11.00000
    -0.81000  70160.03333  86265.30885  48576.64766     11.00000
    -0.79000  76719.66667 102865.36764  78953.23845     11.00000
    -0.77000  99962.54396 122722.54654  92049.30556     10.00000
    -0.75000 100615.68750 126843.68405 112118.67017     10.00000
    -0.73000  85215.80000 114974.71901  78540.81985     11.00000
    -0.71000  83666.60000 116506.28339  73453.84469     11.00000
    -0.69000 107037.54545 109989.22071  50771.24400     11.00000
    -0.67000  91330.31818 122613.82630  69760.78446     11.00000
    -0.65000 108987.06818 126074.50753  76417.58275     11.00000
    -0.63000 105030.47727 130829.02011  80436.66387     11.00000
    -0.61000  96300.17778 132162.63874  73539.55268     11.00000
    -0.59000  89440.97727 134659.84358  87401.81763     11.00000
    -0.57000  93337.86957 138610.18715 105681.51043     11.00000
    -0.55000  81979.75000 140231.27579 106817.78297     11.00000
    -0.53000 101136.91111 150159.50222 110094.27676     11.00000
    -0.51000 114427.04545 156227.94650 115536.05850     11.00000
    -0.49000 103927.56250 133833.37044  97081.75057     12.00000
    -0.47000  97341.91134 130626.25630  91004.64154     12.00000
    -0.45000 100735.85556 139872.86316  97570.94442     12.00000
    -0.43000 133399.48864 151822.81598  99778.31034     12.00000
    -0.41000 104844.04722 143123.22037  96056.74450     12.00000
    -0.39000  97828.85000 125853.66181  85588.28209     12.00000
    -0.37000 102574.44293 113986.53462  67284.78142     12.00000
    -0.35000  75705.33494 112654.83024  75885.81037     12.00000
    -0.33000  88695.07576 118293.00020  73942.26088     12.00000
    -0.31000  82272.83800 120999.39221  81472.01448     12.00000
    -0.29000  95088.09664 124100.14150  90838.55225     12.00000
    -0.27000 138211.11455 127954.27198  75171.75029     12.00000
    -0.25000 116826.62698 123003.42310  63834.96448     12.00000
    -0.23000 125040.11905 114605.03953  58653.53246     12.00000
    -0.21000 105844.29870 104234.90362  48946.66135     12.00000
    -0.19000  94609.94750 102987.77657  58939.22523     12.00000
    -0.17000  88964.29464  97958.72532  70341.06756     12.00000
    -0.15000  67585.40152  86976.14721  75918.05750     12.00000
    -0.13000  51720.82452  74692.07307  70226.10741     12.00000
    -0.11000  55668.82250  84495.17260  73943.37177     12.00000
    -0.09000  51704.58851  83125.81366  73767.73715     12.00000
    -0.07000  52567.16017  91442.85843  76834.15642     12.00000
    -0.05000  70106.48512  93105.86617  66973.03487     12.00000
    -0.03000  67281.42857  83400.35167  64743.38556     12.00000
    -0.01000  67123.26667  95370.31196  75833.06847     11.00000
     0.01000  87319.47857 106944.74282  84215.54428     12.00000
     0.03000  75400.60714  98074.26428  80846.35624     12.00000
     0.05000  90799.85952 108445.17703  86851.13324     12.00000
     0.07000  58299.17803  89703.68444  71969.88573     12.00000
     0.09000  59260.34318  77297.43181  61316.98201     12.00000
     0.11000  38970.65073  74216.86045  62577.31168     12.00000
     0.13000  28227.88261  65870.33327  64224.73357     12.00000
     0.15000  23119.38917  54764.74860  53832.84091     12.00000
     0.17000  28570.59455  52823.92218  53435.82997     12.00000
     0.19000  30742.24208  55402.83341  56288.76173     12.00000
     0.21000  34540.54751  52094.59683  52650.79798     12.00000
     0.23000  20925.73958  47513.35415  55353.57740     12.00000
     0.25000  17293.59545  51251.92464  64912.05009     12.00000
     0.27000  17771.26904  42245.90870  58507.06904     12.00000
     0.29000  17438.94792  44993.46835  64363.46706     12.00000
     0.31000  19227.42276  43501.09270  65559.30729     12.00000
     0.33000  18448.17535  44718.35567  63970.04410     12.00000
     0.35000  20342.01872  42114.47539  60431.82410     12.00000
     0.37000  21568.01562  44409.37423  68854.65500     12.00000
     0.39000  22843.63690  43365.30406  70383.53042     12.00000
     0.41000  19798.88687  41881.26809  66882.80074     12.00000
     0.43000  22581.83333  41491.10792  67751.26207     12.00000
     0.45000  23536.84314  43366.76575  74953.06504     12.00000
     0.47000  20695.68697  40261.80764  69770.14634     12.00000
     0.49000  17832.51471  34703.17936  54528.79275     12.00000
     0.51000  17055.04915  35424.52565  55538.18143     12.00000
     0.53000  17525.18688  36098.09179  57037.74256     12.00000
     0.55000  22599.53309  34098.16268  50589.36292     12.00000
     0.57000  21569.39286  27338.89521  26071.43247     12.00000
     0.59000  22196.77918  29634.39231  32955.49173     12.00000
     0.61000  17209.84161  20402.91570  15106.17893     12.00000
     0.63000  16028.84441  20947.76251  16677.39983     12.00000
     0.65000  18486.05577  21341.52231  15950.49732     12.00000
     0.67000  20003.18182  23197.82536  16996.13358     12.00000
     0.69000  21136.99167  30160.23151  34998.61056     12.00000
     0.71000  22971.52304  28787.57609  32786.40923     12.00000
     0.73000  22007.18750  27277.47850  28527.03616     12.00000
     0.75000  19984.07440  27929.36144  30092.76981     12.00000
     0.77000  20974.25000  27179.75866  31042.66738     12.00000
     0.79000  22226.47321  26754.40319  28093.16011     12.00000
     0.81000  17495.54792  25419.76639  28741.85858     12.00000
     0.83000  15350.16290  24657.20556  30845.18356     12.00000
     0.85000  16053.11667  22599.11073  21593.00002     12.00000
     0.87000  17833.55000  22975.96352  17177.57350     12.00000
     0.89000  15876.01833  23200.19564  18908.25591     12.00000
     0.91000  17792.54438  23075.15481  14508.47381     12.00000
     0.93000  19250.35795  28691.40820  26885.83154     12.00000
     0.95000  22282.30556  32824.71996  33799.04923     12.00000
     0.97000  25390.51786  42988.88530  55509.87741     12.00000
     0.99000  33968.02381  49147.87644  54055.53784     12.00000
     1.01000  45577.64286  54794.58400  39003.74969     12.00000
     1.03000  40306.52778  83501.06391 100353.94542     12.00000
     1.05000  45334.25167  96006.33761 125619.00270     12.00000
     1.07000  47425.51087 103636.96818 135509.11008     12.00000
     1.09000  36762.90761  93390.12955 121107.63566     12.00000
     1.11000  30499.45536  78875.85613 105565.90571     12.00000
     1.13000  44716.81202  85677.53124  98158.42099     12.00000
     1.15000  52095.21077 107066.45759 120893.10900     12.00000
     1.17000  66943.11449 120727.93566 134764.39762     12.00000
     1.19000  57812.97321 111501.30251 117359.61039     12.00000
     1.21000  62240.60065 107371.37706 111611.05056     12.00000
     1.23000  63869.93590 104242.30218 112090.03636     12.00000
     1.25000  64695.95773  97849.56207  99907.46298     12.00000
     1.27000  62061.95556  90123.69880  90113.35476     12.00000
     1.29000  75003.91558  96025.17964  81995.42747     12.00000
     1.31000 110007.35806 115746.67349 100903.43679     12.00000
     1.33000 106750.72917 103963.18596  89931.74628     12.00000
     1.35000 119434.87931 125540.46791 100443.23473     12.00000
     1.37000 103737.33681 122185.91240  96142.46348     12.00000
     1.39000 106958.52813 121169.99453 103120.60486     12.00000
     1.41000  83909.76471 104901.58138  89395.00438     12.00000
     1.43000  92188.32721 119043.58429 124591.28624     12.00000
     1.45000  89542.99455 128465.84652 132915.46603     12.00000
     1.47000  94965.33520 144248.25919 168325.37703     12.00000
     1.49000 102109.49580 149326.40514 157983.47181     12.00000
     1.51000 125952.39583 165846.94454 177286.85269     12.00000
     1.53000 122392.62121 147455.57451 138985.41439     12.00000
     1.55000 105169.22727 144847.49510 118907.52947     12.00000
     1.57000 111688.46006 137085.65261 100172.16701     12.00000
     1.59000 106583.61277 105350.56683  67659.65272     12.00000
     1.61000  90826.63333  94419.43846  65933.00448     12.00000
     1.63000  97187.87121  93080.31712  69426.06819     12.00000
     1.65000  80831.07465 104574.74919  85319.15573     12.00000
     1.67000  94440.62216 108762.78572  82931.25759     12.00000
     1.69000  91861.66071  99748.85998  56133.79155     12.00000
     1.71000 107483.16903 105967.45981  63317.99288     12.00000
     1.73000 103257.51103  97806.62891  66183.10610     12.00000
     1.75000 101590.10714 101041.44582  67134.13129     12.00000
     1.77000 102227.34118  99713.06080  63781.61722     12.00000
     1.79000  93371.01833  97356.41850  59774.84305     12.00000
     1.81000  84759.39739 106215.54194  87418.43752     12.00000
     1.83000  98787.30548 104761.62976  77002.90523     12.00000
     1.85000  99643.59722  98388.95114  58687.25279     12.00000
     1.87000  91744.90133  98394.83757  58216.98483     12.00000
     1.89000  78718.52957 104700.75306  73874.02763     12.00000
     1.91000  85892.20312 131434.21998 105018.09089     12.00000
     1.93000  87563.67614 130928.17980  98446.57911     12.00000
     1.95000  82437.96706 119902.85573  88868.35348     12.00000
     1.97000  96650.52753 121749.15975  84913.92920     12.00000
     1.99000 106142.55195 122044.83737  67252.07172     12.00000
     2.01000  96863.33854 109618.67867  64693.11228     12.00000
     2.03000  86745.93056 100395.80791  62670.36395     12.00000
     2.05000 103397.77717 102881.24747  63154.92789     12.00000
     2.07000 112900.35417 111419.65997  68722.50975     12.00000
     2.09000  99976.43750 101600.35655  61793.80076     12.00000
     2.11000  91660.50621  96706.76900  62933.97585     12.00000
     2.13000 109167.69762 120725.79642  76503.10151     12.00000
     2.15000 117237.20833 124167.10304  76091.81891     12.00000
     2.17000  86026.62000 132674.58599 118524.34173     12.00000
     2.19000  77460.78365 121303.94323 111507.73242     12.00000
     2.21000  78538.64318 118608.95242 117414.06574     12.00000
     2.23000  64647.03056 115813.94712 116942.53763     12.00000
     2.25000  84659.49265 124722.93910 119934.91485     12.00000
     2.27000  92519.54762 125180.49080 114522.34116     12.00000
     2.29000  79037.04202 113304.66230  97719.78996     12.00000
     2.31000  85183.49160 115958.55956  92873.88896     12.00000
     2.33000  70917.70556 108115.35657  86254.80949     12.00000
     2.35000  74138.44608 109738.18743  91771.12258     12.00000
     2.37000  75144.49206 109566.62439  94528.47552     12.00000
     2.39000  82890.99739 112197.41109  89341.11084     12.00000
     2.41000  91090.14773 125244.18296  96171.66466     12.00000
     2.43000  95633.49020 124450.10607  97076.62961     12.00000
     2.45000  94855.62409 119508.29067  87678.78769     12.00000
     2.47000  84795.89048 104166.95495  69880.66026     12.00000
     2.49000  92249.19444 106345.40099  67752.77511     12.00000
     2.51000  94386.00893 104115.62042  74817.85286     12.00000
     2.53000  98239.04987 110169.08378  88795.28566     12.00000
     2.55000  93289.49877 101294.14443  71859.64107     12.00000
     2.57000  67421.77778 103183.36343  79515.98651     12.00000
     2.59000  68730.54622 107488.82876  80393.24243     12.00000
     2.61000  74370.02778 112617.32481  81629.41269     12.00000
     2.63000  91624.48235 109744.06669  76562.36400     12.00000
     2.65000  90906.84028 105838.58725  73391.19671     12.00000
     2.67000  84290.99580 101313.45328  70016.66849     12.00000
     2.69000  88549.26891 101742.59758  72154.98639     12.00000
     2.71000  88882.94444  97523.93952  74046.33512     12.00000
     2.73000  71911.37745  93731.45634  71721.54269     12.00000
     2.75000  69922.23016  91429.27496  70157.03676     12.00000
     2.77000  60892.31513  87734.97190  72234.62850     12.00000
     2.79000  78819.35714  94755.25215  71325.65112     12.00000
     2.81000  79448.60714 100392.32086  70235.14713     12.00000
     2.83000  75436.77197  92361.28128  58857.17168     12.00000
     2.85000  66498.91667  84651.36989  54521.72752     12.00000
     2.87000  58742.06863  81048.30124  51532.11839     12.00000
     2.89000  60150.18889  93408.61744  76567.20546     12.00000
     2.91000  61800.12299  92399.32378  75099.87562     12.00000
     2.93000  66619.29070  91246.50002  68271.73618     12.00000
     2.95000  72413.48232  84348.04015  48861.35337     12.00000
     2.97000  76744.86413  89386.91694  49362.31727     12.00000
     2.99000  74490.76894  83926.81414  44916.02997     12.00000
     3.01000  68420.73529  79034.73112  39616.50407     12.00000
     3.03000  58860.51628  76746.89203  45837.61295     12.00000
     3.05000  66242.85641  78917.13472  52484.74838     12.00000
     3.07000  64654.77010  80736.95367  54005.46634     12.00000
     3.09000  66666.01111  81465.05737  55748.32688     12.00000
     3.11000  61785.27764  76412.45069  48269.50287     12.00000
     3.13000  53312.16168  73630.51050  56171.21400     12.00000
     3.15000  48848.73077  72567.68529  64895.63147     12.00000
     3.17000  71037.36701  75107.77399  46747.18991     12.00000
     3.19000  84668.65767  78832.98250  49058.99935     12.00000
     3.21000  74754.11010  71680.72907  36372.00109     12.00000
     3.23000  70359.95430  73737.11502  45665.64017     12.00000
     3.25000  82840.71667  82307.76658  43573.75121     12.00000
     3.27000  90253.58293  90588.01535  41652.47356     12.00000
     3.29000  83260.14286  93672.93787  57009.09295     11.00000
     3.31000  88135.57576  94355.79516  59818.07273     11.00000
     3.33000  78699.59375  82668.04672  51214.71897     11.00000
     3.35000  91434.56000  93585.98675  68326.88999     11.00000
     3.37000  81251.40000  98039.36941  72835.88299     11.00000
     3.39000  72354.69231  95571.05707  69651.90645     11.00000
     3.41000  75810.20000 103703.00069  83636.01030     11.00000
     3.43000  78905.50000 100764.91819  83141.78494     11.00000
     3.45000  85058.35714  98055.57901  72425.65324     11.00000
     3.47000  87091.21429  95678.58924  73278.00904     11.00000
     3.49000  87109.50000  94316.01564  71490.13350     11.00000
     3.51000  72878.25806  89363.02791  54950.32152     11.00000
     3.53000  85270.33333  92070.96153  63001.03659     11.00000
     3.55000  78463.06452  86652.07792  44550.42929     11.00000
     3.57000  78817.42857  90159.77993  49069.49854     11.00000
     3.59000  75563.06061  85899.68869  53054.17579     11.00000
     3.61000  72836.34375  81806.39583  47677.33342     11.00000
     3.63000  71763.76471  66200.85627  28487.90590     11.00000
     3.65000  66083.69231  64229.69575  31987.09206     11.00000
     3.67000  67244.06667  69931.11020  37032.50244     11.00000
     3.69000  87233.33333  84492.67511  44846.73782     11.00000
     3.71000  81786.57143  88473.81234  39554.50320     11.00000
     3.73000  83218.62500  81682.68522  33224.07189     11.00000
     3.75000  85012.57143  76102.74837  32988.35875     11.00000
     3.77000  88972.46154  84360.03217  33301.46962     11.00000
     3.79000  87215.51515  85641.40677  31176.31243     11.00000
     3.81000  71743.21739  84869.76945  36931.56176     11.00000
     3.83000  75665.41667  93051.25959  59779.55371     11.00000
     3.85000  90090.56000  95203.17471  56074.75842     11.00000
     3.87000  86392.33333 102051.04586  69568.94418     11.00000
     3.89000  85051.01333 106881.86651  63258.43919     10.00000
     3.91000  84006.36000  83970.63309  42521.09055     11.00000
     3.93000  81951.84000  89651.84868  55089.42227     11.00000
     3.95000 105621.37500  96248.74805  61315.55329     11.00000
     3.97000  92922.82353  98211.39723  62050.96748     11.00000
     3.99000  87904.26087  93400.71748  56281.07997     11.00000
     4.01000  98436.21429  97408.57167  54883.43058     11.00000
     4.03000  86153.44828  92055.20654  32098.22658     11.00000
     4.05000  93754.36667  92871.91637  29464.09612     11.00000
     4.07000  89738.42857  92471.03177  26749.46955     11.00000
     4.09000  99376.50000  97837.78949  37811.32530     11.00000
     4.11000 110788.57143  93815.40868  36291.87367     11.00000
     4.13000  91766.43478 101277.50580  39763.77612     11.00000
     4.15000  96226.85714  98023.37889  34656.85306     11.00000
     4.17000  87823.41667 101280.13089  42112.69430     11.00000
     4.19000  98313.86957 104611.70589  37087.52390     11.00000
     4.21000  89502.34783  97429.20317  45312.73437     11.00000
     4.23000  75575.16000  92593.90421  40654.64070     11.00000
     4.25000  70202.80000  86320.06035  40891.39254     11.00000
     4.27000  75575.37500  83327.22158  39697.20841     11.00000
     4.29000  59036.00000  81553.57988  47374.17171     11.00000
     4.31000  65424.13043  81822.90663  50901.82467     11.00000
     4.33000  63395.60000  82840.21075  50476.47010     11.00000
     4.35000  65476.24000  84758.10307  55800.25428     11.00000
     4.37000  77900.63333  92912.45687  59004.41796     11.00000
     4.39000  70755.12903  86680.43321  48647.88039     11.00000
     4.41000  70710.16667  83514.61154  44945.10573     11.00000
     4.43000  61459.16667  86309.86486  45756.34016     11.00000
     4.45000  55745.47826  86765.22093  43922.40184     11.00000
     4.47000  78189.72222  80863.62009  40165.17685     11.00000
     4.49000  67918.00000  83817.66073  42787.91686     11.00000
     4.51000  71087.16667  78555.54286  44884.55384     11.00000
     4.53000  61571.52941  75060.04228  50950.03027     11.00000
     4.55000  47864.20000  65972.81840  41419.86566     11.00000
     4.57000  48283.59615  63119.54496  45192.50409     10.00000
     4.59000  54864.51261  67120.52678  52511.12059     10.00000
     4.61000  52495.92308  65055.39654  52747.98099      9.00000
     4.63000  41343.03125  54934.98611  47266.68240      9.00000
     4.65000  32813.55556  54188.66917  47227.42556      9.00000
     4.67000  26067.06061  54793.34958  44639.18598      9.00000
     4.69000  24872.00000  55667.93911  48109.55887      9.00000
     4.71000  27635.34783  53755.58136  48313.81688      9.00000
     4.73000  34809.16000  54613.68988  46260.73962      9.00000
     4.75000  33570.52174  54987.33409  46050.22455      9.00000
     4.77000  39889.45455  59515.73979  48532.31092      9.00000
     4.79000  40173.41667  56217.57770  41546.89872      9.00000
     4.81000  43761.06667  59979.37211  41940.20397      9.00000
     4.83000  48293.92308  61419.07854  38522.26897      9.00000
     4.85000  58789.05833  75064.92519  60864.50755     10.00000
     4.87000  50929.14286  66197.34447  46608.40755      9.00000
     4.89000  50916.23411  77342.40869  53505.47130     10.00000
     4.91000  52937.30303  69739.09730  46967.37140     10.00000
     4.93000  61656.95533  74389.55205  50353.65683     10.00000
     4.95000  54954.44508  63322.68266  41298.94055     10.00000
     4.97000  57424.25833  63121.54868  42455.24183     10.00000
     4.99000  53429.40341  63037.05137  35204.85423     10.00000
