    -1.99000      1.08767      1.63691      1.77823     16.00000
    -1.97000      1.09320      1.40499      0.85890     16.00000
    -1.95000      1.07756      1.33713      0.89780     16.00000
    -1.93000      0.98754      1.52848      1.50430     16.00000
    -1.91000      1.07603      1.97087      2.77521     16.00000
    -1.89000      0.95465      1.49158      1.18235     16.00000
    -1.87000      1.29277      1.40797      0.78320     16.00000
    -1.85000      1.24485      1.42691      0.87680     15.00000
    -1.83000      1.01335      1.52156      1.04426     14.00000
    -1.81000      1.20885      1.48803      0.96691     14.00000
    -1.79000      1.02706      1.58679      1.19450     15.00000
    -1.77000      1.07695      1.82668      1.91794     15.00000
    -1.75000      0.83978      1.44708      1.00685     15.00000
    -1.73000      1.08456      2.42435      4.48448     16.00000
    -1.71000      1.07580      2.00521      2.27916     16.00000
    -1.69000      1.01950      3.33143      7.98634     16.00000
    -1.67000      1.20185      1.98149      2.83301     16.00000
    -1.65000      1.14952      2.97332      5.89592     16.00000
    -1.63000      1.10529      2.04059      1.97906     16.00000
    -1.61000      0.99316      1.63820      1.49646     15.00000
    -1.59000      1.03549      1.51778      1.34887     15.00000
    -1.57000      0.98750      1.48804      1.22661     15.00000
    -1.55000      1.09369      1.39311      0.96501     15.00000
    -1.53000      1.10016      1.28267      0.83137     16.00000
    -1.51000      1.29101      1.44778      1.34468     16.00000
    -1.49000      1.33023      1.29161      0.75803     16.00000
    -1.47000      1.26992      1.22869      0.58748     16.00000
    -1.45000      1.13634      1.17422      0.52394     16.00000
    -1.43000      1.11374      1.12349      0.49679     15.00000
    -1.41000      1.16308      1.22941      0.64215     15.00000
    -1.39000      1.25356      1.39857      0.67426     15.00000
    -1.37000      1.38896      1.39320      0.57475     15.00000
    -1.35000      1.42522      1.71184      1.05130     15.00000
    -1.33000      1.52532      1.75581      1.12867     15.00000
    -1.31000      1.48137      1.90805      1.34768     15.00000
    -1.29000      1.69665      2.08931      2.02671     15.00000
    -1.27000      1.64245      1.88106      1.47128     15.00000
    -1.25000      1.50379      1.86781      2.12515     15.00000
    -1.23000      1.49975      1.34623      0.64949     15.00000
    -1.21000      1.37317      1.30826      0.71627     15.00000
    -1.19000      1.23366      1.38073      0.77291     15.00000
    -1.17000      1.14437      1.57857      1.51969     15.00000
    -1.15000      1.16068      1.44486      0.93217     14.00000
    -1.13000      1.20962      2.06046      3.16296     14.00000
    -1.11000      1.32161      1.73342      1.94277     14.00000
    -1.09000      1.10289      1.24886      0.64761     13.00000
    -1.07000      1.14075      1.32897      0.91773     13.00000
    -1.05000      1.08287      1.94841      3.27977     13.00000
    -1.03000      1.14911      1.30676      1.17634     13.00000
    -1.01000      1.10759      1.28936      0.91941     13.00000
    -0.99000      1.02613      1.39332      1.26804     13.00000
    -0.97000      1.00544      1.27172      0.87824     13.00000
    -0.95000      1.02507      1.19279      0.64203     13.00000
    -0.93000      1.08460      1.27922      0.86094     13.00000
    -0.91000      1.05686      1.21701      0.87947     13.00000
    -0.89000      0.99794      1.18907      1.12847     14.00000
    -0.87000      0.90236      1.15510      1.14450     14.00000
    -0.85000      1.00201      1.38733      1.46029     15.00000
    -0.83000      1.19818      1.45710      1.45135     15.00000
    -0.81000      1.18599      1.42702      1.20802     14.00000
    -0.79000      1.16588      1.34009      0.94964     14.00000
    -0.77000      1.33830      1.65605      1.54412     14.00000
    -0.75000      1.39137      1.65083      1.42982     14.00000
    -0.73000      1.28761      1.59615      1.43728     14.00000
    -0.71000      1.06414      1.37966      1.25698     14.00000
    -0.69000      1.25694      1.39484      1.13795     14.00000
    -0.67000      1.21290      2.30092      3.84275     14.00000
    -0.65000      1.25118      1.44824      1.12027     14.00000
    -0.63000      1.21502      1.60584      1.56290     14.00000
    -0.61000      1.18945      1.39538      1.06040     14.00000
    -0.59000      1.09083      1.69072      1.82572     14.00000
    -0.57000      0.97086      1.35726      1.08027     16.00000
    -0.55000      0.95175      1.65299      1.64513     16.00000
    -0.53000      0.87604      1.89277      2.58180     16.00000
    -0.51000      0.71719      1.84013      2.82663     16.00000
    -0.49000      0.69617      1.97163      2.54021     16.00000
    -0.47000      0.58556      1.84870      2.11183     16.00000
    -0.45000      0.61053      3.04553      7.15469     16.00000
    -0.43000      0.80788      1.39466      1.36856     16.00000
    -0.41000      0.79910      1.10461      0.99915     16.00000
    -0.39000      0.68010      1.36626      1.39367     16.00000
    -0.37000      0.65434      1.34611      1.41151     16.00000
    -0.35000      0.84729      1.38655      1.44748     16.00000
    -0.33000      0.79151      1.39147      1.41597     16.00000
    -0.31000      1.00227      2.43124      4.17347     16.00000
    -0.29000      1.17445      1.42912      1.19548     16.00000
    -0.27000      1.34010      1.76572      1.48970     16.00000
    -0.25000      1.26823      9.02124     28.27395     16.00000
    -0.23000      1.33443      2.72170      3.22280     16.00000
    -0.21000      1.82537      3.34660      4.28519     16.00000
    -0.19000      1.69672      4.55896      8.90688     16.00000
    -0.17000      1.40788      3.40323      6.89656     16.00000
    -0.15000      1.61080      2.32400      3.17968     16.00000
    -0.13000      1.14147      2.24296      2.35071     16.00000
    -0.11000      1.29899      2.06391      2.20448     16.00000
    -0.09000      1.04099      1.85555      1.88621     16.00000
    -0.07000      1.30188      2.06649      2.25676     16.00000
    -0.05000      1.14552      1.91578      1.86057     16.00000
    -0.03000      1.22706      1.51778      1.33895     16.00000
    -0.01000      1.10620      1.49384      1.77129     16.00000
     0.01000      0.79285      1.12232      1.32565     16.00000
     0.03000      0.58655      1.34784      1.56918     16.00000
     0.05000      0.58556      0.69753      0.59491     16.00000
     0.07000      0.43727      0.51813      0.36525     16.00000
     0.09000      0.43488      0.46553      0.32668     16.00000
     0.11000      0.38547      0.43884      0.24995     16.00000
     0.13000      0.31014      0.40587      0.28872     16.00000
     0.15000      0.28287      0.44087      0.35678     16.00000
     0.17000      0.27304      0.41445      0.35594     16.00000
     0.19000      0.39147      0.40165      0.30095     16.00000
     0.21000      0.24018      0.36836      0.30454     16.00000
     0.23000      0.24397      0.39184      0.32657     16.00000
     0.25000      0.27172      0.41406      0.35992     16.00000
     0.27000      0.27955      0.33857      0.28152     16.00000
     0.29000      0.29677      0.30744      0.23604     16.00000
     0.31000      0.26120      0.30089      0.22914     16.00000
     0.33000      0.22523      0.27098      0.20776     16.00000
     0.35000      0.19922      0.24144      0.18569     16.00000
     0.37000      0.20014      0.23277      0.17752     16.00000
     0.39000      0.22488      0.24383      0.19758     16.00000
     0.41000      0.23625      0.27512      0.27252     16.00000
     0.43000      0.18484      0.28067      0.28150     16.00000
     0.45000      0.21641      0.27610      0.22395     16.00000
     0.47000      0.19869      0.28940      0.23247     16.00000
     0.49000      0.23451      0.27252      0.19159     16.00000
     0.51000      0.23770      0.24997      0.15199     16.00000
     0.53000      0.23727      0.25375      0.14792     16.00000
     0.55000      0.25704      0.26253      0.16440     16.00000
     0.57000      0.26523      0.27868      0.17965     16.00000
     0.59000      0.24713      0.29614      0.18682     16.00000
     0.61000      0.21313      0.27862      0.18579     16.00000
     0.63000      0.22895      0.31327      0.26116     16.00000
     0.65000      0.21869      0.34510      0.35563     16.00000
     0.67000      0.23286      0.29650      0.21314     16.00000
     0.69000      0.22464      0.31137      0.24052     16.00000
     0.71000      0.19969      0.32852      0.27524     16.00000
     0.73000      0.23246      0.32385      0.26538     16.00000
     0.75000      0.26996      0.34742      0.27406     16.00000
     0.77000      0.26895      0.35768      0.28460     16.00000
     0.79000      0.31736      0.44012      0.44590     16.00000
     0.81000      0.31802      0.48856      0.48875     16.00000
     0.83000      0.27374      0.49694      0.51795     16.00000
     0.85000      0.33223      0.52547      0.53960     16.00000
     0.87000      0.38878      0.48646      0.44162     16.00000
     0.89000      0.35810      0.46086      0.39673     16.00000
     0.91000      0.32140      0.52906      0.54530     16.00000
     0.93000      0.35273      0.61375      0.75010     15.00000
     0.95000      0.33804      0.54692      0.50241     15.00000
     0.97000      0.33687      0.60938      0.58950     16.00000
     0.99000      0.41582      0.65856      0.57919     16.00000
     1.01000      0.47219      0.82079      0.73717     16.00000
     1.03000      0.45708      1.68703      2.55720     16.00000
     1.05000      0.60141      2.48156      5.60625     16.00000
     1.07000      0.56561      2.57696      5.65745     16.00000
     1.09000      0.68121      2.79495      6.58227     16.00000
     1.11000      0.75743      2.34814      5.05568     16.00000
     1.13000      0.86701      3.23490      7.97391     16.00000
     1.15000      0.88734      1.82261      2.83431     16.00000
     1.17000      0.76188      1.80555      2.32130     16.00000
     1.19000      0.60457      0.85423      0.79526     16.00000
     1.21000      0.81256      1.40370      1.52023     16.00000
     1.23000      0.91327      1.22120      1.06636     15.00000
     1.25000      0.86098      1.03733      0.81697     15.00000
     1.27000      1.24242      1.23978      1.05883     15.00000
     1.29000      0.88691      1.45347      1.44037     15.00000
     1.31000      0.94656      1.16096      0.93677     15.00000
     1.33000      0.90436      1.15168      0.95080     15.00000
     1.35000      0.87970      1.11456      0.94217     15.00000
     1.37000      0.96312      1.26408      1.15578     15.00000
     1.39000      0.72436      1.67756      2.43898     14.00000
     1.41000      0.86508      1.63515      2.26838     14.00000
     1.43000      0.84655      1.66604      2.20729     14.00000
     1.45000      0.85141      1.47093      1.76632     14.00000
     1.47000      0.91757      1.66513      2.06475     14.00000
     1.49000      0.90602      1.89337      2.60099     14.00000
     1.51000      0.87136      1.82893      2.62819     14.00000
     1.53000      0.75351      1.52219      2.04198     14.00000
     1.55000      0.84088      1.53917      2.04544     14.00000
     1.57000      0.75228      1.46520      1.85149     14.00000
     1.59000      0.75450      1.55495      1.85491     14.00000
     1.61000      0.88379      1.42354      1.49519     14.00000
     1.63000      0.86111      1.57115      1.84508     14.00000
     1.65000      0.85425      1.97289      3.02855     14.00000
     1.67000      0.66108      1.66093      1.97230     14.00000
     1.69000      0.91409      1.53440      1.84981     14.00000
     1.71000      0.95221      1.55565      1.84245     14.00000
     1.73000      0.93095      1.56184      2.01246     14.00000
     1.75000      0.89868      1.72256      1.99105     14.00000
     1.77000      0.90757      3.42377      7.34316     14.00000
     1.79000      1.04628      3.37028      4.98924     14.00000
     1.81000      1.04237      2.96502      4.12499     15.00000
     1.83000      0.91873      1.87562      2.04523     16.00000
     1.85000      0.78733      2.40641      3.26052     15.00000
     1.87000      0.96353      2.77998      4.83027     15.00000
     1.89000      0.68829      2.19803      3.72980     15.00000
     1.91000      0.90387      2.01969      2.76617     15.00000
     1.93000      0.88763      1.90724      2.88188     15.00000
     1.95000      1.10420      3.24644      5.71166     16.00000
     1.97000      1.30804      3.07718      4.98410     16.00000
     1.99000      0.91094      2.70432      4.30137     16.00000
     2.01000      0.81625      2.58953      3.90144     16.00000
     2.03000      1.04466      6.92945     19.78866     16.00000
     2.05000      1.12291      2.97891      4.77436     16.00000
     2.07000      0.99900      2.21104      3.47729     16.00000
     2.09000      1.01932      1.62245      1.57206     16.00000
     2.11000      1.16362      1.90224      2.13852     16.00000
     2.13000      0.95500      1.98250      2.76193     16.00000
     2.15000      0.88986      2.12191      3.47765     16.00000
     2.17000      0.87664      1.92367      2.84057     16.00000
     2.19000      0.69241      1.95727      3.54438     16.00000
     2.21000      0.71243      2.10288      4.12886     16.00000
     2.23000      0.73831      1.56868      2.48049     16.00000
     2.25000      0.79192      1.41875      1.86556     16.00000
     2.27000      0.85928      1.85403      2.44857     16.00000
     2.29000      1.05647      1.93794      2.38758     16.00000
     2.31000      1.19663      1.88405      1.70893     16.00000
     2.33000      1.18298      1.86196      1.74320     16.00000
     2.35000      1.20702      1.95189      2.01654     16.00000
     2.37000      1.13637      1.34968      0.98583     16.00000
     2.39000      1.14775      1.35263      1.15365     16.00000
     2.41000      1.11084      1.39783      1.17000     16.00000
     2.43000      0.90077      1.56455      1.52663     16.00000
     2.45000      1.07658      2.02322      3.14296     16.00000
     2.47000      1.31443      1.58921      1.26852     16.00000
     2.49000      1.15047      1.68422      1.47311     16.00000
     2.51000      1.18531      1.63332      1.37766     16.00000
     2.53000      1.10305      1.57706      1.23569     16.00000
     2.55000      0.98398      1.55273      1.21267     16.00000
     2.57000      1.07662      1.54217      1.24196     16.00000
     2.59000      1.40566      1.59042      1.18709     16.00000
     2.61000      1.45620      1.97110      1.77065     16.00000
     2.63000      1.37192      1.97867      1.89784     16.00000
     2.65000      1.12292      1.77442      1.78215     16.00000
     2.67000      0.92097      1.69010      1.70724     15.00000
     2.69000      1.09601      2.18808      2.67916     16.00000
     2.71000      1.56027      2.07481      1.84748     16.00000
     2.73000      1.36280      2.06017      1.71294     16.00000
     2.75000      1.42923      2.13551      1.75131     16.00000
     2.77000      1.27655      2.33163      2.31098     16.00000
     2.79000      1.58868      2.68439      2.79690     15.00000
     2.81000      1.49612      4.31289      6.92683     15.00000
     2.83000      1.54291      2.48627      3.06977     15.00000
     2.85000      1.30964      2.12435      2.57311     14.00000
     2.87000      1.18746      1.55709      1.34778     14.00000
     2.89000      1.16304      1.39952      1.09343     14.00000
     2.91000      1.22336      1.50113      1.07764     14.00000
     2.93000      1.49176      2.16347      2.08423     15.00000
     2.95000      1.28214      1.91583      2.14117     15.00000
     2.97000      1.16382      1.59712      1.47948     15.00000
     2.99000      1.25377      1.55240      1.11125     15.00000
     3.01000      1.16416      1.69020      1.20825     15.00000
     3.03000      1.38505      1.66297      1.08907     15.00000
     3.05000      1.62450      1.86072      1.14303     15.00000
     3.07000      1.98526      1.83529      1.01307     15.00000
     3.09000      1.32506      1.45351      0.77831     15.00000
     3.11000      1.18269      1.50467      1.05598     15.00000
     3.13000      1.25210      1.28583      0.77178     14.00000
     3.15000      1.28889      1.50651      0.97616     14.00000
     3.17000      1.46329      1.70811      1.18133     14.00000
     3.19000      1.53313      2.27532      2.03828     15.00000
     3.21000      1.69541      2.27720      2.14396     15.00000
     3.23000      1.81907      3.14051      3.72014     15.00000
     3.25000      1.43658      3.12329      4.30501     15.00000
     3.27000      1.39132      2.15029      2.52565     14.00000
     3.29000      1.41662      1.67688      1.06937     14.00000
     3.31000      1.75726      2.18537      1.48507     15.00000
     3.33000      1.57748      2.31858      1.82648     15.00000
     3.35000      1.75546      2.45829      2.68215     15.00000
     3.37000      1.47940      2.08713      2.23342     15.00000
     3.39000      1.54811      1.89100      1.71344     15.00000
     3.41000      1.41765      1.59275      1.27884     15.00000
     3.43000      1.18679      1.50244      1.15755     15.00000
     3.45000      1.36482      2.60673      4.49583     15.00000
     3.47000      1.52844      7.49522     22.21348     15.00000
     3.49000      1.62365      2.57485      3.96788     15.00000
     3.51000      1.50424      3.51716      7.50445     15.00000
     3.53000      1.56277      2.54370      4.25428     15.00000
     3.55000      1.31090      1.57680      1.07472     15.00000
     3.57000      1.53271      1.64922      0.78117     15.00000
     3.59000      1.69007      1.80108      0.83546     15.00000
     3.61000      1.59666      1.87389      1.11514     15.00000
     3.63000      1.43222      1.77089      1.16853     15.00000
     3.65000      1.52894      1.76513      0.88882     15.00000
     3.67000      1.45067      1.65746      0.76973     15.00000
     3.69000      1.59779      1.59878      0.69131     15.00000
     3.71000      1.57624      1.53971      0.62240     15.00000
     3.73000      1.23354      1.40922      0.57358     15.00000
     3.75000      1.20105      1.41305      0.60213     15.00000
     3.77000      1.65042      1.51753      0.74885     15.00000
     3.79000      1.81575      1.65753      0.77439     15.00000
     3.81000      1.44681      1.69251      0.86621     15.00000
     3.83000      1.71970      1.87952      1.12794     16.00000
     3.85000      1.46205      1.87474      1.14101     16.00000
     3.87000      1.42052      1.53058      0.77108     16.00000
     3.89000      1.29210      1.52211      0.95625     16.00000
     3.91000      1.42782      1.53649      0.85088     16.00000
     3.93000      1.25527      1.41163      0.69172     16.00000
     3.95000      1.46550      1.52644      0.80085     16.00000
     3.97000      1.36156      1.86063      1.33193     16.00000
     3.99000      1.43251      1.65514      0.93261     16.00000
     4.01000      1.45921      1.51362      0.72262     16.00000
     4.03000      1.55364      1.56807      0.72466     16.00000
     4.05000      1.53461      1.57539      0.74419     16.00000
     4.07000      1.40398      1.57792      0.71223     15.00000
     4.09000      1.20121      1.67474      1.05802     15.00000
     4.11000      1.13514      1.92556      1.85497     15.00000
     4.13000      1.23136      2.61972      4.44552     15.00000
     4.15000      1.08780      1.74293      1.31445     15.00000
     4.17000      1.37105      1.90013      1.80924     15.00000
     4.19000      1.43359      1.81005      1.57925     16.00000
     4.21000      1.43446      1.50589      0.97954     16.00000
     4.23000      1.60662      1.58125      1.19263     16.00000
     4.25000      1.54390      1.54075      0.99948     16.00000
     4.27000      1.30431      1.55250      1.06153     16.00000
     4.29000      1.70631      1.51575      0.82527     16.00000
     4.31000      1.40996      2.08008      2.46567     15.00000
     4.33000      1.31855      1.77300      1.81661     15.00000
     4.35000      1.01026      1.78348      2.02689     15.00000
     4.37000      1.47053      1.66420      1.51031     15.00000
     4.39000      1.25646      1.77600      1.39086     15.00000
     4.41000      1.35724      1.63492      1.07411     15.00000
     4.43000      1.07779      1.74055      1.35740     15.00000
     4.45000      1.19268      1.71771      1.22832     15.00000
     4.47000      1.34783      1.89798      1.46387     15.00000
     4.49000      1.13877      2.00017      1.88477     15.00000
     4.51000      1.03890      1.84578      1.43125     15.00000
     4.53000      1.38787      1.87481      1.38668     15.00000
     4.55000      1.20318      1.71959      1.19201     15.00000
     4.57000      1.07923      1.52115      1.05508     15.00000
     4.59000      1.18533      1.62612      1.09821     15.00000
     4.61000      1.16361      1.67179      1.23814     15.00000
     4.63000      1.49240      1.63477      1.18653     15.00000
     4.65000      1.22828      1.55042      1.14994     14.00000
     4.67000      1.31292      1.60623      1.25461     14.00000
     4.69000      1.23480      1.64647      1.20008     14.00000
     4.71000      1.21605      1.62705      1.20993     14.00000
     4.73000      1.09383      1.50450      1.05207     14.00000
     4.75000      1.28668      1.55913      1.05404     14.00000
     4.77000      1.43653      1.53261      0.96166     14.00000
     4.79000      1.18312      1.49697      1.09658     14.00000
     4.81000      1.01277      1.29166      0.99616     14.00000
     4.83000      0.88422      1.21006      0.88992     14.00000
     4.85000      0.99696      1.43442      1.04065     14.00000
     4.87000      1.03718      1.48530      1.10932     14.00000
     4.89000      1.73770      1.92586      1.68586     14.00000
     4.91000      1.35676      1.56025      1.14412     14.00000
     4.93000      0.83657      1.61364      1.51197     14.00000
     4.95000      1.06791      1.80225      1.95433     14.00000
     4.97000      1.37451      2.33349      2.75543     14.00000
     4.99000      1.05789      1.51088      1.25206     14.00000
