    -1.99000      0.02203      0.09190      0.21879      3.00000
    -1.97000     -0.01702      0.62524      1.88424      8.00000
    -1.95000     -0.06654     -0.07767      0.30404      4.00000
    -1.93000      0.23805      0.18108      0.33660      6.00000
    -1.91000      0.38931     -0.01512      0.68209      5.00000
    -1.89000      0.39902      1.15716      2.23596      5.00000
    -1.87000     -0.25751     -0.20408      0.30714      4.00000
    -1.85000      0.23842      0.08453      0.63635      6.00000
    -1.83000     -0.17541     -0.34553      0.54359      4.00000
    -1.81000      0.02927      0.51822      1.87765      9.00000
    -1.79000      0.80672      0.24302      0.80783      3.00000
    -1.77000     -0.33873     -0.33737      0.57128      4.00000
    -1.75000      0.07070      0.23437      0.49229      7.00000
    -1.73000     -0.20726      0.73263      2.23958      6.00000
    -1.71000      0.03201      0.16633      0.45702      5.00000
    -1.69000      0.11428      0.10442      0.04331      3.00000
    -1.67000     -0.01165      0.16109      0.40067      5.00000
    -1.65000      0.14047      0.87733      1.78935      7.00000
    -1.63000     -0.01979      0.11042      0.47453      7.00000
    -1.61000     -0.11225     -0.20402      0.13174      3.00000
    -1.59000      0.05431      0.17564      0.45629      8.00000
    -1.57000      0.02598      1.64533      2.41359      3.00000
    -1.55000     -0.03138      0.18533      0.45487      5.00000
    -1.53000     -0.21981     -0.20509      0.09685      4.00000
    -1.51000      0.16064      0.22718      0.36008      8.00000
    -1.49000     -0.21849      1.10506      2.43853      4.00000
    -1.47000     -0.27403     -0.00576      0.51630      5.00000
    -1.45000     -0.13688     -0.12149      0.07383      3.00000
    -1.43000      0.05778      0.09086      0.36895      8.00000
    -1.41000      0.37663      1.20459      1.97415      4.00000
    -1.39000     -0.00372      0.00675      0.38442      4.00000
    -1.37000      0.06370      0.05904      0.42309      5.00000
    -1.35000     -0.04802     -0.00137      0.29462     11.00000
    -1.33000      4.43225      4.43225      0.00000      1.00000
    -1.31000     -0.27327     -0.14456      0.30079      6.00000
    -1.29000     -0.20219     -0.09825      0.22620      3.00000
    -1.27000     -0.11576     -0.10757      0.29388      4.00000
    -1.25000     -0.09203      0.35374      1.18740     11.00000
    -1.23000     -0.60059     -0.76524      0.62204      3.00000
    -1.21000     -0.34645     -0.17517      0.55236      6.00000
    -1.19000     -0.37673     -0.33886      0.66970      5.00000
    -1.17000      0.06499      0.93287      1.80277      4.00000
    -1.15000     -0.03836     -0.12608      0.46010      6.00000
    -1.13000     -0.42905     -0.39128      0.39159      4.00000
    -1.11000      0.08772     -0.01223      0.50425      6.00000
    -1.09000     -0.00767      0.59524      1.57760      6.00000
    -1.07000      0.15887     -0.05598      0.43260      5.00000
    -1.05000     -0.31707     -0.27640      0.23522      6.00000
    -1.03000      0.10522      0.10522      0.49555      2.00000
    -1.01000     -0.10345      0.32390      1.26347      8.00000
    -0.99000      0.14275      0.14270      0.03762      3.00000
    -0.97000     -0.03655      0.03639      0.20250      5.00000
    -0.95000     -0.06332      0.08125      0.31623      4.00000
    -0.93000      0.09580      0.52788      0.99378      8.00000
    -0.91000      0.07812     -0.10169      0.30443      5.00000
    -0.89000     -0.23185     -0.14844      0.31337      3.00000
    -0.87000     -0.01646      0.11330      0.26335      9.00000
    -0.85000      0.14808      0.60924      1.27232      5.00000
    -0.83000      0.12981      0.12981      0.00000      1.00000
    -0.81000      0.15226      0.07334      0.25549      8.00000
    -0.79000      0.04429      0.24035      0.48388      5.00000
    -0.77000      0.00655      0.56264      1.39598      6.00000
    -0.75000      0.09103      0.03231      0.24592      7.00000
    -0.73000     -0.06685     -0.11675      0.40586      4.00000
    -0.71000     -0.11724      0.00126      0.35050      4.00000
    -0.69000     -0.11132      0.35726      1.20693      5.00000
    -0.67000      0.01601     -0.02260      0.39241      6.00000
    -0.65000     -0.73993     -0.12160      0.92767      3.00000
    -0.63000      0.12896      0.17448      0.19265      7.00000
    -0.61000      0.04703     -0.07918      0.61405      8.00000
    -0.59000      0.13969      0.13969      0.27945      2.00000
    -0.57000     -0.03364     -0.18121      0.35990      6.00000
    -0.55000      0.10955      0.03544      0.47259      4.00000
    -0.53000     -0.59010     -0.33042      0.33005      5.00000
    -0.51000      0.18551      0.13599      0.48009      6.00000
    -0.49000     -0.22922     -0.24514      0.25723      6.00000
    -0.47000     -0.12600     -0.12600      0.03396      2.00000
    -0.45000     -0.03644      0.11688      0.36031      8.00000
    -0.43000      0.07489     -0.16845      0.47845      6.00000
    -0.41000     -0.28411     -0.23344      0.10183      3.00000
    -0.39000      0.17473      0.11769      0.08538      3.00000
    -0.37000      0.03316      0.10639      0.41012     11.00000
    -0.35000      0.18215      0.18215      0.30880      2.00000
    -0.33000     -0.16134     -0.15533      0.43521      5.00000
    -0.31000     -0.24863     -0.10238      0.42939      5.00000
    -0.29000     -0.12539     -0.01791      0.37756      6.00000
    -0.27000      0.41469      0.08388      0.64464      4.00000
    -0.25000     -0.01693      0.06683      0.27354      7.00000
    -0.23000     -0.29738     -0.29738      0.69646      2.00000
    -0.21000      0.20010      0.12912      0.65292      7.00000
    -0.19000      0.14087      0.10336      0.37425      7.00000
    -0.17000     -0.19052     -0.37900      0.72461      3.00000
    -0.15000      0.10106      0.17700      0.19116      3.00000
    -0.13000      0.30580      0.22486      0.46125     10.00000
    -0.11000      0.27448      0.03683      0.50336      5.00000
    -0.09000      0.31892      0.31892      0.10238      2.00000
    -0.07000      0.17150      0.13340      0.48670      8.00000
    -0.05000      0.45073      0.46250      0.24246      5.00000
    -0.03000      0.14849      0.07803      0.47669      4.00000
    -0.01000      0.43984      0.43720      0.28256      6.00000
     0.01000      0.19417     -0.06937      0.60218      4.00000
     0.03000      0.54182      0.30463      0.63880      6.00000
     0.05000     -0.62165     -0.66982      0.84646      4.00000
     0.07000     -0.10447     -0.34181      1.14141      6.00000
     0.09000      0.00002     -0.21933      1.01601      6.00000
     0.11000     -0.79228     -0.96888      1.43754      6.00000
     0.13000     -0.36874     -0.63167      1.14415      6.00000
     0.15000     -0.46262     -0.46262      0.00000      1.00000
     0.17000     -0.23180     -0.83365      1.15040      8.00000
     0.19000     -1.51814     -1.51695      2.10672      6.00000
     0.21000     -1.68877     -0.90869      1.56120      3.00000
     0.23000     -1.01272     -0.97967      1.19082      4.00000
     0.25000     -1.03832     -0.94705      0.81477      6.00000
     0.27000     -0.59076     -1.17423      1.29828      6.00000
     0.29000     -1.73981     -1.53782      0.36825      3.00000
     0.31000     -1.17587     -1.01340      1.16841      4.00000
     0.33000     -1.63093     -1.67951      0.50106      3.00000
     0.35000     -1.27804     -1.18849      1.63379      7.00000
     0.37000     -1.35301     -1.21732      1.28794      8.00000
     0.39000     -0.30242     -0.30242      0.22335      2.00000
     0.41000     -2.06391     -1.94998      0.39746      4.00000
     0.43000     -1.68944     -1.89826      2.09402      6.00000
     0.45000     -1.66592     -1.67317      0.28836      3.00000
     0.47000     -2.50843     -2.55509      2.10084      4.00000
     0.49000     -1.17704     -1.04669      1.27786      6.00000
     0.51000     -0.59944     -1.16138      1.62490      5.00000
     0.53000     -2.38644     -2.75955      1.74792      5.00000
     0.55000     -2.39385     -2.10749      1.84883      4.00000
     0.57000     -1.07414     -1.81161      2.29333      4.00000
     0.59000     -1.41478     -1.94298      1.46849      4.00000
     0.61000     -2.26546     -1.99303      1.89213      4.00000
     0.63000     -1.67758     -2.06513      2.10538      5.00000
     0.65000     -2.18782     -2.14694      1.61569      4.00000
     0.67000     -1.09070     -1.43012      1.90200      8.00000
     0.69000     -1.03081     -0.91252      0.71494      3.00000
     0.71000     -2.54875     -2.81679      1.03950      4.00000
     0.73000     -0.90137     -2.01744      2.00587      5.00000
     0.75000     -1.62889     -1.16379      1.12641      6.00000
     0.77000     -4.88657     -4.88657      0.63403      2.00000
     0.79000     -1.61927     -1.38511      1.39996      7.00000
     0.81000     -1.24517     -1.24517      0.66217      2.00000
     0.83000     -1.62984     -1.75767      1.98725      8.00000
     0.85000     -1.87379     -2.04929      1.34561      4.00000
     0.87000     -1.34191     -2.13437      2.51497      4.00000
     0.89000     -1.66222     -1.88538      1.38380      5.00000
     0.91000     -1.69107     -2.14566      1.05986      4.00000
     0.93000     -0.76821     -1.57750      2.52426      5.00000
     0.95000     -3.49978     -3.06215      1.00087      3.00000
     0.97000     -1.41558     -2.33878      2.10067      5.00000
     0.99000     -1.13631     -1.09085      1.41979      6.00000
     1.01000     -0.91323     -0.91323      0.00000      1.00000
     1.03000     -2.96080     -3.32031      1.68869      5.00000
     1.05000     -2.47041     -2.47041      2.31332      2.00000
     1.07000     -1.82935     -2.40100      1.95117      5.00000
     1.09000     -1.39144     -1.77242      1.46192      7.00000
     1.11000     -2.00697     -2.23490      1.34964      4.00000
     1.13000     -1.19479     -1.80363      2.11945      5.00000
     1.15000     -3.38180     -3.38180      0.77114      2.00000
     1.17000     -1.66743     -2.02600      1.94087      9.00000
     1.19000     -1.26939     -1.05111      0.49214      3.00000
     1.21000     -0.35087     -1.51747      1.66011      3.00000
     1.23000     -1.70176     -2.08904      1.67903      7.00000
     1.25000     -2.04495     -2.00734      0.80913      4.00000
     1.27000     -0.85333     -1.95827      1.97686      6.00000
     1.29000     -1.39283     -1.71678      1.22784      3.00000
     1.31000     -1.07316     -1.07316      0.46860      2.00000
     1.33000     -1.40441     -1.74528      1.75139      8.00000
     1.35000     -1.76987     -2.15493      1.39012      6.00000
     1.37000     -1.51782     -2.18869      1.50432      4.00000
     1.39000     -0.53457     -1.08221      0.96430      3.00000
     1.41000     -1.34692     -1.28725      0.43039      7.00000
     1.43000     -3.18119     -3.10041      2.59509      4.00000
     1.45000     -0.69560     -0.69560      0.34765      2.00000
     1.47000     -1.53881     -2.10532      1.34608      5.00000
     1.49000     -0.70322     -0.75375      1.07068      6.00000
     1.51000     -1.36932     -1.41753      0.57011      5.00000
     1.53000     -4.49343     -3.90806      2.35264      4.00000
     1.55000     -1.74523     -1.16107      0.93497      3.00000
     1.57000     -1.24542     -1.92135      1.78685      8.00000
     1.59000     -1.23046     -2.19981      2.10010      3.00000
     1.61000     -1.48341     -2.03305      1.92032      5.00000
     1.63000     -4.79480     -3.64257      1.67833      3.00000
     1.65000     -1.50273     -1.76514      1.75368      7.00000
     1.67000     -1.58099     -1.99564      1.79052      4.00000
     1.69000     -1.33476     -1.67219      1.81329      5.00000
     1.71000     -1.67736     -2.73943      1.98107      7.00000
     1.73000     -1.35818     -1.04615      0.74288      5.00000
     1.75000     -1.48148     -2.09346      1.54041      5.00000
     1.77000     -4.65123     -3.07018      2.49841      3.00000
     1.79000     -1.14411     -1.56022      1.73037      7.00000
     1.81000     -1.09702     -1.67303      1.99877      8.00000
     1.83000     -3.13956     -3.13956      1.84337      2.00000
     1.85000     -1.20816     -0.79026      0.95516      6.00000
     1.87000     -3.18523     -3.15111      1.80706      4.00000
     1.89000     -0.60076     -1.79229      2.44640      7.00000
     1.91000     -1.18687     -1.70767      1.58812      5.00000
     1.93000     -1.26704     -1.62537      1.82937      6.00000
     1.95000     -1.96258     -2.68299      1.82789      3.00000
     1.97000     -1.19273     -1.75023      2.29617      8.00000
     1.99000     -1.46513     -2.00686      1.78350      4.00000
     2.01000     -1.52904     -2.27630      2.35263      5.00000
     2.03000     -1.35657     -1.35657      0.30839      2.00000
     2.05000     -1.08343     -1.45856      1.89589      6.00000
     2.07000     -3.24991     -3.30878      2.18481      6.00000
     2.09000     -1.08648     -0.86594      0.59975      5.00000
     2.11000     -2.78463     -2.62452      2.02143      4.00000
     2.13000     -0.57285     -1.03250      1.64841      9.00000
     2.15000     -2.59832     -2.84866      2.48206      4.00000
     2.17000     -0.63485     -1.24569      1.61581      5.00000
     2.19000     -1.95577     -2.48750      1.30645      3.00000
     2.21000     -1.00184     -1.56221      1.76357      8.00000
     2.23000     -0.33629     -0.60100      0.55885      3.00000
     2.25000     -1.20505     -2.03298      2.23032      6.00000
     2.27000     -3.18136     -2.68146      1.82194      4.00000
     2.29000     -0.19052     -0.19094      0.84146      7.00000
     2.31000     -1.26939     -1.91964      2.02022      5.00000
     2.33000     -1.55510     -2.11877      1.62896      6.00000
     2.35000     -0.01571     -0.01571      0.50752      2.00000
     2.37000     -0.96903     -1.46092      1.66292      9.00000
     2.39000     -1.18677     -1.76390      1.75412      3.00000
     2.41000     -0.60333     -1.28345      1.50664      5.00000
     2.43000     -1.19365     -2.10855      1.87480      6.00000
     2.45000     -0.50420     -0.80959      1.62880      6.00000
     2.47000     -0.83659     -1.35199      1.54147      4.00000
     2.49000     -0.22906     -1.08358      1.89667      4.00000
     2.51000     -1.22919     -1.99823      1.96450      9.00000
     2.53000     -0.76988     -0.61613      0.39955      4.00000
     2.55000     -0.81317     -1.52117      1.95656      4.00000
     2.57000     -2.61086     -2.70907      1.69938      4.00000
     2.59000     -0.31969     -0.38579      0.40377      5.00000
     2.61000     -0.55612     -1.63011      2.43042      9.00000
     2.63000     -0.53457     -1.73802      2.50620      5.00000
     2.65000     -0.77361     -0.77361      0.20955      2.00000
     2.67000     -0.85295     -2.06764      2.41132      6.00000
     2.69000     -3.13685     -3.17679      2.26066      4.00000
     2.71000     -0.42665     -0.73811      1.27840      8.00000
     2.73000     -0.98866     -1.97979      2.34931      4.00000
     2.75000     -0.76784     -1.63041      2.12204      5.00000
     2.77000     -0.36191     -0.76463      1.84634      4.00000
     2.79000     -0.91586     -1.69828      1.87459      8.00000
     2.81000     -2.87802     -2.73468      1.74849      4.00000
     2.83000     -0.56956     -0.27703      0.47957      5.00000
     2.85000     -1.07005     -1.66611      1.97260      4.00000
     2.87000     -0.92463     -1.55616      2.01995     10.00000
     2.89000     -0.34718     -0.34718      0.65266      2.00000
     2.91000     -1.89627     -2.40445      1.77354      5.00000
     2.93000     -0.39730     -0.77062      2.00409      8.00000
     2.95000     -0.10629     -0.23018      0.59250      4.00000
     2.97000     -2.62233     -2.54868      2.36123      6.00000
     2.99000     -1.08011     -2.47995      2.35859      3.00000
     3.01000     -0.35141     -0.57876      1.66036      6.00000
     3.03000     -1.28064     -1.87247      2.00777      5.00000
     3.05000     -3.67065     -2.78745      2.50762      5.00000
     3.07000     -1.12775     -0.76706      0.47446      5.00000
     3.09000     -0.38295     -0.72071      2.50061      7.00000
     3.11000     -0.22842     -1.91841      2.46392      5.00000
     3.13000     -0.69761     -0.43658      0.66888      4.00000
     3.15000     -4.11745     -3.82105      1.60701      4.00000
     3.17000     -0.49958     -0.93388      2.21491      7.00000
     3.19000     -0.30540     -0.32960      0.63322      4.00000
     3.21000     -0.46801     -1.35689      2.02065      7.00000
     3.23000     -2.92512     -2.97453      2.03076      4.00000
     3.25000     -0.33433     -0.73873      2.29757      8.00000
     3.27000      0.69814      0.06394      0.92261      3.00000
     3.29000     -1.35850     -2.21685      2.22730      3.00000
     3.31000     -1.13889     -1.27271      1.80230     10.00000
     3.33000     -0.44127     -1.12669      2.70299      3.00000
     3.35000     -0.90189     -1.74068      2.15435      6.00000
     3.37000     -1.30207     -1.71674      1.65647      5.00000
     3.39000      0.59481      0.59481      0.00000      1.00000
     3.41000     -0.26631     -1.11256      2.24282     11.00000
     3.43000     -0.77911     -1.31449      1.90184      5.00000
     3.45000     -0.66196     -1.44614      1.55697      3.00000
     3.47000     -1.06864     -1.57752      1.90657      5.00000
     3.49000     -0.54624     -1.16228      2.73132      3.00000
     3.51000     -0.56933     -1.28196      1.69305      8.00000
     3.53000     -0.25465     -1.73281      2.40286      5.00000
     3.55000     -0.88516     -2.10037      2.71112      5.00000
     3.57000     -0.57450     -0.03707      1.34527      4.00000
     3.59000     -0.52332     -1.84184      3.02075      7.00000
     3.61000     -1.45909     -2.56211      2.65116      5.00000
     3.63000     -0.20036     -0.32878      0.68602      3.00000
     3.65000     -0.23886     -1.12127      2.49604     10.00000
     3.67000     -4.04310     -4.04310      3.26379      2.00000
     3.69000     -0.52064     -1.08629      2.09212      6.00000
     3.71000     -2.79895     -3.25575      2.35138      4.00000
     3.73000     -0.10514     -1.23835      2.84393      5.00000
     3.75000     -0.75705     -0.97713      1.46933      7.00000
     3.77000     -1.27448     -2.24777      2.87129      6.00000
     3.79000     -0.27394     -1.77417      2.87497      4.00000
     3.81000     -0.05394     -0.65017      1.42410      7.00000
     3.83000     -0.74592     -2.58461      3.15090      3.00000
     3.85000     -1.17231     -1.94109      2.54602      6.00000
     3.87000     -1.96667     -2.36634      2.19135      3.00000
     3.89000      0.24274     -0.87472      2.67140      6.00000
     3.91000     -2.22809     -2.06989      2.48519      7.00000
     3.93000     -0.46584     -0.38352      0.74768      7.00000
     3.95000     -4.14947     -3.72175      2.76146      4.00000
     3.97000     -1.05635     -1.99858      2.97664      4.00000
     3.99000      0.21052      0.07512      0.41414      4.00000
     4.01000     -3.30672     -3.19207      2.91974      3.00000
     4.03000      0.50181     -1.04997      2.57733      7.00000
     4.05000     -3.12476     -2.39545      2.06041      5.00000
     4.07000     -0.33412     -1.00806      2.60901      7.00000
     4.09000     -1.10872     -2.05498      2.90083      4.00000
     4.11000      0.62406     -0.33882      1.72010      4.00000
     4.13000     -0.34847     -1.78216      2.95515      7.00000
     4.15000     -1.37352     -1.85271      2.60688      6.00000
     4.17000      0.37626      0.09237      0.58017      3.00000
     4.19000     -1.34565     -1.92680      2.76627      5.00000
     4.21000     -2.68070     -2.54571      3.04957      4.00000
     4.23000      0.31712     -0.21230      1.95597     10.00000
     4.25000     -3.10454     -3.91992      2.08036      3.00000
     4.27000      0.46013     -1.16580      2.99443      6.00000
     4.29000      0.33055      0.33055      1.21135      2.00000
     4.31000     -0.96694     -2.03564      3.02250      8.00000
     4.33000     -1.41062     -2.56928      3.03820      4.00000
     4.35000     -1.37044     -1.92375      3.01860      6.00000
     4.37000      0.58162      0.20727      0.93628      5.00000
     4.39000      0.49148     -1.25383      3.12239      5.00000
     4.41000     -1.32978     -2.05645      2.77473      6.00000
     4.43000     -0.77167     -0.34922      0.87574      5.00000
     4.45000     -1.38279     -1.77110      2.54098      4.00000
     4.47000      0.60021     -0.72343      2.52111      6.00000
     4.49000     -2.51790     -2.14727      1.97098      5.00000
     4.51000      0.10244     -0.49353      2.64939      5.00000
     4.53000     -0.45427     -1.40412      2.37808      5.00000
     4.55000      0.99333      0.30951      1.75453      5.00000
     4.57000     -0.64575     -1.54303      2.04613      5.00000
     4.59000     -2.31500     -2.25130      2.40715      6.00000
     4.61000      0.72152      0.72962      0.63630      4.00000
     4.63000     -1.29118     -1.61043      2.08585      5.00000
     4.65000     -0.59010     -1.09610      2.14816      7.00000
     4.67000     -0.90137     -1.90777      2.25145      3.00000
     4.69000      0.21878     -0.51845      2.19100      8.00000
     4.71000     -1.18817     -1.35567      2.80482      4.00000
     4.73000     -0.11885      0.00651      0.56923      4.00000
     4.75000     -1.14954     -1.42761      2.18585      5.00000
     4.77000     -1.25838     -1.85617      2.25737      6.00000
     4.79000     -0.27319     -0.19702      1.56524      7.00000
     4.81000      0.01688     -0.71236      1.89496      6.00000
     4.83000     -2.13656     -2.28536      2.15342      3.00000
     4.85000     -0.17509     -0.92213      1.99209      6.00000
     4.87000     -0.05619     -0.19544      2.52185      5.00000
     4.89000     -0.93109     -1.19764      2.15638      6.00000
     4.91000      0.05681     -0.26576      0.47134      3.00000
     4.93000      0.51612     -0.74605      2.27727      7.00000
     4.95000     -1.14655     -1.35560      2.47819      8.00000
     4.97000      0.27499      0.27499      0.52007      2.00000
     4.99000     -0.85960     -1.39754      2.70365      4.00000
