    -1.99000      4.82706      6.18446      4.45085     38.00000
    -1.97000      4.80797      6.13416      4.30877     38.00000
    -1.95000      4.44263      5.90771      4.11267     38.00000
    -1.93000      4.58651      6.10985      4.61698     38.00000
    -1.91000      5.08023      6.39436      4.45832     38.00000
    -1.89000      5.11096      6.43673      3.88422     37.00000
    -1.87000      4.84996      6.17022      3.78027     37.00000
    -1.85000      4.88651      6.51316      4.45243     36.00000
    -1.83000      5.22950      6.68358      4.42955     35.00000
    -1.81000      5.61700      6.31460      3.47066     35.00000
    -1.79000      4.94143      6.31550      3.56601     36.00000
    -1.77000      5.19696      6.50401      3.82430     36.00000
    -1.75000      5.16338      6.29920      3.88441     35.00000
    -1.73000      4.74685      6.60177      4.69803     36.00000
    -1.71000      4.58261      6.95735      5.37241     36.00000
    -1.69000      4.60720      7.05870      5.71766     36.00000
    -1.67000      5.12393      7.15982      5.52601     36.00000
    -1.65000      5.32791      7.28999      5.59906     36.00000
    -1.63000      5.45584      7.39259      5.85575     36.00000
    -1.61000      5.68505      7.57562      6.20077     35.00000
    -1.59000      5.81707      7.62656      5.62793     35.00000
    -1.57000      5.80842      8.51516      8.52062     36.00000
    -1.55000      5.72840      8.41028      8.51860     36.00000
    -1.53000      5.19086      8.13362      8.46370     37.00000
    -1.51000      6.12943      7.91912      7.61159     37.00000
    -1.49000      5.69061      7.62205      6.14713     37.00000
    -1.47000      5.98154      7.68130      6.09857     37.00000
    -1.45000      5.06291      7.81329      6.40832     37.00000
    -1.43000      5.74443      7.58574      5.80664     36.00000
    -1.41000      6.05003      7.56089      5.97028     37.00000
    -1.39000      6.16365      7.72469      6.14257     37.00000
    -1.37000      5.93755      7.76702      6.54123     37.00000
    -1.35000      6.28062      8.07641      6.82958     37.00000
    -1.33000      5.84360      8.34639      7.08130     37.00000
    -1.31000      6.14169      7.87886      6.15943     37.00000
    -1.29000      5.49176      7.76871      6.25828     37.00000
    -1.27000      5.04203      8.11313      7.36090     37.00000
    -1.25000      5.52571      8.36456      7.32833     37.00000
    -1.23000      5.55107      7.84526      6.43279     37.00000
    -1.21000      5.11366      7.48471      6.37370     38.00000
    -1.19000      5.33517      7.51871      6.35477     37.00000
    -1.17000      5.17020      7.57896      6.55610     37.00000
    -1.15000      5.29220      7.77974      6.41864     36.00000
    -1.13000      4.92622      8.04603      6.97180     36.00000
    -1.11000      5.38843      8.87476      7.06715     36.00000
    -1.09000      5.36443      8.04245      6.61095     35.00000
    -1.07000      4.83000      7.63266      6.12214     35.00000
    -1.05000      4.70800      7.67537      6.62814     35.00000
    -1.03000      4.66720      8.72894      9.83663     35.00000
    -1.01000      4.83196      9.02347     10.71947     35.00000
    -0.99000      4.92423      8.20346      9.76801     35.00000
    -0.97000      4.44550      8.47183     10.64053     35.00000
    -0.95000      4.59613      8.93000     10.67755     35.00000
    -0.93000      4.76688      9.26640     12.50944     35.00000
    -0.91000      4.66933      8.81521     12.29869     35.00000
    -0.89000      4.37989      7.96711     11.30624     36.00000
    -0.87000      4.57971      7.90332     11.05137     36.00000
    -0.85000      5.34624      8.63166     11.24045     38.00000
    -0.83000      5.04374      9.06373     11.82268     38.00000
    -0.81000      4.83611      9.79721     13.00137     37.00000
    -0.79000      5.48743      8.54064      8.80099     37.00000
    -0.77000      5.00459      8.47482      9.08330     36.00000
    -0.75000      5.21279      8.43738      9.28080     36.00000
    -0.73000      4.98623      8.38631      9.76891     37.00000
    -0.71000      5.70538      8.81624      8.55585     37.00000
    -0.69000      5.99906      9.48121      9.34471     37.00000
    -0.67000      5.77323     10.12047     10.87142     37.00000
    -0.65000      6.50862      9.59484      8.73420     37.00000
    -0.63000      6.42339      9.46392      8.08382     37.00000
    -0.61000      6.36093      9.16640      7.44208     37.00000
    -0.59000      6.30353      9.49417      7.87645     37.00000
    -0.57000      6.46079      9.00464      7.66399     39.00000
    -0.55000      6.25690      8.81002      7.87696     39.00000
    -0.53000      6.44722      9.15840      7.96441     39.00000
    -0.51000      6.53769      9.11388      8.61628     39.00000
    -0.49000      6.27065     10.42472     10.56570     40.00000
    -0.47000      6.71588     10.47963      9.97250     40.00000
    -0.45000      7.01368     11.45964     12.23973     40.00000
    -0.43000      7.29351     12.50155     14.13253     40.00000
    -0.41000      7.66980     11.08244     10.39768     40.00000
    -0.39000      7.80205     11.82242     11.22000     40.00000
    -0.37000      7.70738     12.06339     11.67786     40.00000
    -0.35000      7.65167     12.17779     11.40531     40.00000
    -0.33000      8.35525     12.55038     11.44455     40.00000
    -0.31000      9.84844     12.81876     11.04699     40.00000
    -0.29000      8.10030     12.93052     10.76862     40.00000
    -0.27000      9.24643     13.58283     11.44051     40.00000
    -0.25000      9.90913     14.17106     12.23168     40.00000
    -0.23000      8.61497     14.41641     13.33290     40.00000
    -0.21000      8.96640     14.47978     14.37772     40.00000
    -0.19000      9.90289     14.76021     13.47172     40.00000
    -0.17000     10.50823     14.62900     14.16274     40.00000
    -0.15000     10.92113     14.67637     12.84609     40.00000
    -0.13000     11.26775     14.47527     12.74102     40.00000
    -0.11000     10.24872     13.05940      9.83092     40.00000
    -0.09000     10.82017     12.71408      9.26032     40.00000
    -0.07000     11.15883     13.01822     10.17926     40.00000
    -0.05000     10.37648     13.05389     10.58382     40.00000
    -0.03000     10.57496     13.59786     12.97871     40.00000
    -0.01000     11.43164     12.98193     12.98947     39.00000
     0.01000      9.66941     11.82903     11.00836     40.00000
     0.03000      8.43517     11.98386     14.03522     40.00000
     0.05000      7.56624     10.13109     10.76733     40.00000
     0.07000      7.44302      8.31324      5.44123     40.00000
     0.09000      7.09957      7.90635      5.34982     40.00000
     0.11000      6.86943      7.54071      5.28027     40.00000
     0.13000      5.92380      7.05954      4.90996     40.00000
     0.15000      6.14374      6.83500      4.58507     40.00000
     0.17000      6.70747      6.64239      4.19739     40.00000
     0.19000      5.81257      6.95083      4.79318     40.00000
     0.21000      5.54979      6.27059      3.92122     40.00000
     0.23000      5.21652      6.33098      4.41331     40.00000
     0.25000      4.45539      6.31752      4.61784     39.00000
     0.27000      4.24298      5.95077      4.84965     39.00000
     0.29000      3.96750      5.95211      5.07599     39.00000
     0.31000      4.27592      5.97124      4.71768     39.00000
     0.33000      4.59182      5.97032      4.47284     40.00000
     0.35000      4.73947      5.97033      4.75806     40.00000
     0.37000      4.38000      6.33899      5.33182     40.00000
     0.39000      4.62420      6.49508      5.48497     40.00000
     0.41000      4.26416      6.88093      6.56264     40.00000
     0.43000      4.63367      6.80373      6.35065     40.00000
     0.45000      4.53333      6.40767      4.95903     40.00000
     0.47000      5.51050      6.67192      5.00940     40.00000
     0.49000      5.50448      6.69533      4.85292     40.00000
     0.51000      5.36438      6.46727      4.16798     40.00000
     0.53000      5.52540      6.60512      4.60930     40.00000
     0.55000      5.95185      6.54843      4.84808     40.00000
     0.57000      6.25758      6.61576      4.90544     40.00000
     0.59000      5.52708      6.87515      5.25348     40.00000
     0.61000      4.85311      6.38278      4.75991     40.00000
     0.63000      4.81623      6.39761      4.87912     40.00000
     0.65000      4.45900      6.46006      4.91470     40.00000
     0.67000      4.53875      6.25161      4.52875     40.00000
     0.69000      4.27867      6.19207      4.57952     40.00000
     0.71000      4.48366      6.23265      4.59762     40.00000
     0.73000      4.45262      5.96252      4.24908     40.00000
     0.75000      4.76217      5.91971      4.01021     40.00000
     0.77000      4.51925      5.94834      4.16201     40.00000
     0.79000      4.52721      6.31690      5.34331     40.00000
     0.81000      4.05395      6.49188      5.84714     40.00000
     0.83000      4.14113      6.33126      5.47200     40.00000
     0.85000      4.59538      6.56894      5.59131     40.00000
     0.87000      5.15804      6.45821      4.68185     40.00000
     0.89000      5.06533      6.26906      4.16101     40.00000
     0.91000      4.88594      6.20992      4.89108     40.00000
     0.93000      4.95962      6.46839      5.98331     39.00000
     0.95000      5.68017      6.46638      5.02264     39.00000
     0.97000      5.55933      6.54497      4.91400     40.00000
     0.99000      5.37676      6.49409      4.42743     40.00000
     1.01000      5.80254      7.27205      4.95193     40.00000
     1.03000      6.26860      8.48285      6.93748     40.00000
     1.05000      7.43278      9.51021      7.99682     40.00000
     1.07000      7.49374      8.53691      6.32146     40.00000
     1.09000      6.89601      7.58339      5.28757     40.00000
     1.11000      6.57748      7.85634      5.83115     40.00000
     1.13000      6.43684      7.42700      5.47996     40.00000
     1.15000      6.90028      6.99228      4.76227     40.00000
     1.17000      6.52739      7.06216      4.81895     40.00000
     1.19000      6.26742      6.85387      4.47652     40.00000
     1.21000      5.75673      7.09577      4.96854     40.00000
     1.23000      5.38131      6.67171      4.67890     39.00000
     1.25000      5.24346      6.32536      4.28813     39.00000
     1.27000      5.75727      6.24722      4.46780     39.00000
     1.29000      4.88425      6.55192      5.21730     39.00000
     1.31000      4.83500      6.24140      4.75471     39.00000
     1.33000      5.15050      6.12882      4.53756     39.00000
     1.35000      4.49425      5.73937      4.49141     39.00000
     1.37000      4.31708      6.14280      4.89541     39.00000
     1.39000      4.68324      6.14103      5.27174     38.00000
     1.41000      4.93353      6.42708      6.62769     38.00000
     1.43000      4.58084      6.14988      5.55712     38.00000
     1.45000      4.70834      6.15422      5.05847     38.00000
     1.47000      4.87175      6.76679      5.99496     38.00000
     1.49000      5.08313      6.57611      5.76994     38.00000
     1.51000      4.70623      5.93701      4.86972     38.00000
     1.53000      4.97509      5.61657      4.44564     38.00000
     1.55000      4.70409      5.51290      4.11466     38.00000
     1.57000      4.59669      5.35780      3.74524     37.00000
     1.59000      4.63780      6.10676      6.90052     38.00000
     1.61000      4.27535      5.30659      4.13251     38.00000
     1.63000      4.37209      4.75466      3.20718     38.00000
     1.65000      4.19015      5.15254      3.85411     38.00000
     1.67000      4.49544      5.87107      4.83465     38.00000
     1.69000      4.60247      5.48897      4.04404     38.00000
     1.71000      4.05682      5.14191      3.83998     38.00000
     1.73000      4.13876      4.97284      3.78556     38.00000
     1.75000      3.85236      4.91064      3.77430     38.00000
     1.77000      4.10105      5.20359      4.08227     38.00000
     1.79000      3.77663      6.24958      8.24385     38.00000
     1.81000      4.27903      7.19334     10.76374     39.00000
     1.83000      4.45510      6.35615      6.92662     40.00000
     1.85000      4.09812      6.19497      6.33544     39.00000
     1.87000      4.47882      6.50585      7.62815     39.00000
     1.89000      4.29744      6.04339      6.89812     39.00000
     1.91000      4.56065      6.42531      7.21077     39.00000
     1.93000      4.21320      6.00209      6.04596     39.00000
     1.95000      4.51004      6.00310      6.19116     40.00000
     1.97000      4.12889      6.01221      6.45936     40.00000
     1.99000      4.57359      6.01845      6.16777     40.00000
     2.01000      4.15035      5.77405      5.91230     39.00000
     2.03000      4.53789      6.09580      6.83699     39.00000
     2.05000      4.16476      6.15182      6.78344     38.00000
     2.07000      3.75924      6.12324      6.54588     38.00000
     2.09000      4.06844      6.03275      6.22381     38.00000
     2.11000      4.41320      5.78987      5.57771     38.00000
     2.13000      4.98761      5.71176      4.62299     38.00000
     2.15000      4.87981      5.54361      4.07788     39.00000
     2.17000      4.95901      5.92064      4.30067     40.00000
     2.19000      5.10786      5.64892      3.83921     40.00000
     2.21000      5.09223      5.70613      4.21549     40.00000
     2.23000      4.89846      5.67293      4.11720     40.00000
     2.25000      5.08804      5.60181      4.04340     40.00000
     2.27000      4.84721      5.91521      5.16349     40.00000
     2.29000      4.75065      5.89340      5.13245     40.00000
     2.31000      5.10026      6.39703      5.52416     40.00000
     2.33000      5.23026      6.46529      5.54164     40.00000
     2.35000      4.99952      6.32206      5.08940     40.00000
     2.37000      4.68853      6.06168      4.63921     40.00000
     2.39000      5.19368      5.96427      3.90707     40.00000
     2.41000      5.07110      5.94295      4.04497     40.00000
     2.43000      5.11942      5.80976      3.84579     40.00000
     2.45000      5.05469      5.64418      3.48125     40.00000
     2.47000      4.91472      5.57290      3.46517     40.00000
     2.49000      4.90700      5.48568      3.71232     40.00000
     2.51000      4.68192      5.46194      3.77509     40.00000
     2.53000      4.83310      5.66206      4.02615     40.00000
     2.55000      5.03205      5.55708      3.12129     40.00000
     2.57000      4.96906      5.67595      3.14974     40.00000
     2.59000      4.99214      5.77490      3.63887     40.00000
     2.61000      4.76481      5.87222      3.92131     40.00000
     2.63000      4.46872      5.62616      3.58341     40.00000
     2.65000      4.72611      5.94287      4.08931     40.00000
     2.67000      4.85220      6.00467      3.89139     39.00000
     2.69000      4.78946      5.99269      4.04698     40.00000
     2.71000      4.56059      6.06286      4.64451     40.00000
     2.73000      4.72351      6.75592      6.20455     40.00000
     2.75000      4.33207      6.73164      6.44291     40.00000
     2.77000      4.19109      6.43201      5.52156     40.00000
     2.79000      4.43000      6.55145      5.73608     39.00000
     2.81000      4.31324      6.89458      6.89701     39.00000
     2.83000      4.74856      6.92695      6.99238     39.00000
     2.85000      4.75081      7.20821      7.66442     38.00000
     2.87000      4.76395      6.20959      4.15550     38.00000
     2.89000      4.41345      5.92402      3.48972     38.00000
     2.91000      4.22876      5.80555      3.41168     38.00000
     2.93000      4.15300      6.10463      4.31178     39.00000
     2.95000      4.45432      5.62653      3.06317     38.00000
     2.97000      4.55168      5.57836      3.06456     39.00000
     2.99000      4.31593      5.98521      4.12541     39.00000
     3.01000      4.35608      5.82178      3.84428     39.00000
     3.03000      4.27020      5.87550      4.13912     39.00000
     3.05000      4.30245      5.96051      4.01850     39.00000
     3.07000      4.55305      5.79100      3.90905     39.00000
     3.09000      4.19482      5.50781      3.65019     39.00000
     3.11000      4.07620      5.42508      3.65650     39.00000
     3.13000      3.99130      5.45343      3.93282     38.00000
     3.15000      4.02907      5.49533      3.98269     38.00000
     3.17000      4.24427      5.65606      4.06985     38.00000
     3.19000      4.34300      6.17113      4.79835     39.00000
     3.21000      4.25440      6.26088      4.92375     39.00000
     3.23000      4.05523      6.29883      4.75875     39.00000
     3.25000      4.27504      6.46074      4.93476     39.00000
     3.27000      4.25975      6.13760      4.12964     38.00000
     3.29000      4.04836      5.51225      3.17409     37.00000
     3.31000      4.25713      6.50881      6.14897     38.00000
     3.33000      4.22212      6.77987      6.82785     38.00000
     3.35000      4.38042      6.91195      6.41656     38.00000
     3.37000      4.27070      6.32505      4.87641     38.00000
     3.39000      4.44973      5.97051      4.43190     38.00000
     3.41000      4.74491      6.25275      5.30609     38.00000
     3.43000      4.54512      6.38044      7.35402     38.00000
     3.45000      4.38120      6.54567      8.65698     38.00000
     3.47000      4.82989      6.18184      6.10376     38.00000
     3.49000      4.47625      6.29572      6.10548     38.00000
     3.51000      4.41411      5.87942      4.27106     38.00000
     3.53000      4.40733      5.53347      3.18517     38.00000
     3.55000      4.15054      5.57541      3.54593     38.00000
     3.57000      4.44984      5.61855      3.40583     38.00000
     3.59000      4.32447      5.53506      3.18452     38.00000
     3.61000      3.98562      5.46750      3.07924     38.00000
     3.63000      4.21452      5.36178      2.77564     38.00000
     3.65000      4.50371      5.39594      2.89461     38.00000
     3.67000      4.70403      5.89487      4.24038     38.00000
     3.69000      4.27940      5.67181      4.37083     38.00000
     3.71000      4.47315      5.61593      4.06146     38.00000
     3.73000      4.55068      5.70863      3.98011     38.00000
     3.75000      4.32533      5.70732      3.88632     38.00000
     3.77000      4.03776      5.61008      4.01055     38.00000
     3.79000      4.32616      5.64294      3.69221     38.00000
     3.81000      4.61176      5.47689      3.02322     38.00000
     3.83000      4.59850      6.54099      6.99959     39.00000
     3.85000      4.77372      6.72071      6.64195     39.00000
     3.87000      4.45500      6.38863      5.51610     39.00000
     3.89000      4.66210      6.43405      5.57461     38.00000
     3.91000      4.83823      6.61331      5.43737     39.00000
     3.93000      4.75117      6.60086      5.28821     39.00000
     3.95000      5.06575      6.71433      5.14491     39.00000
     3.97000      5.03075      6.47211      4.87018     39.00000
     3.99000      4.97313      6.52091      5.18016     39.00000
     4.01000      5.26381      6.17358      4.80865     39.00000
     4.03000      4.77541      6.19323      5.58196     39.00000
     4.05000      4.70281      6.49561      6.69972     39.00000
     4.07000      4.97188      6.56298      7.31041     38.00000
     4.09000      5.01934      6.35868      5.58285     38.00000
     4.11000      4.81228      6.49946      6.00817     38.00000
     4.13000      4.79909      6.35858      6.04105     38.00000
     4.15000      4.41972      5.91310      5.28870     38.00000
     4.17000      4.24925      5.64298      3.90561     38.00000
     4.19000      4.30832      5.45527      3.45605     39.00000
     4.21000      5.12842      5.50456      2.81061     39.00000
     4.23000      4.84604      5.58061      3.04530     39.00000
     4.25000      4.54450      5.58351      3.15244     39.00000
     4.27000      4.34600      5.59945      3.42144     39.00000
     4.29000      4.38163      5.99417      4.22830     39.00000
     4.31000      4.46607      6.19566      4.81687     38.00000
     4.33000      4.41107      5.78160      3.98821     38.00000
     4.35000      4.43437      5.57744      3.39856     38.00000
     4.37000      4.48319      5.39215      3.20823     38.00000
     4.39000      4.61817      5.71734      3.24242     38.00000
     4.41000      4.77850      5.84331      3.38814     38.00000
     4.43000      4.74418      5.62705      3.27171     38.00000
     4.45000      4.83255      5.54746      3.18197     38.00000
     4.47000      4.66432      5.52374      3.15576     38.00000
     4.49000      4.36943      5.41290      3.03960     38.00000
     4.51000      4.47515      5.23908      2.85364     38.00000
     4.53000      4.58396      5.08001      2.39780     38.00000
     4.55000      4.25070      4.96374      2.50977     37.00000
     4.57000      4.36058      4.99737      2.55053     36.00000
     4.59000      4.86499      5.44740      3.38654     36.00000
     4.61000      4.45868      5.39621      3.45367     35.00000
     4.63000      4.58340      5.42565      3.82829     35.00000
     4.65000      4.97686      5.71562      5.04665     34.00000
     4.67000      4.56920      5.84577      5.68366     34.00000
     4.69000      4.14811      5.94263      6.23226     34.00000
     4.71000      4.21817      5.91126      5.63997     34.00000
     4.73000      4.53148      6.03106      5.35849     34.00000
     4.75000      4.21582      6.23745      6.37244     34.00000
     4.77000      4.32230      6.49843      8.79434     34.00000
     4.79000      4.20989      6.03554      6.90751     34.00000
     4.81000      4.01247      5.70374      5.66098     34.00000
     4.83000      4.06564      5.61252      4.53261     34.00000
     4.85000      4.24510      5.42831      3.69456     35.00000
     4.87000      4.11401      5.42149      3.55213     34.00000
     4.89000      4.14682      5.24622      3.46763     35.00000
     4.91000      4.06031      5.00532      3.32279     35.00000
     4.93000      4.01804      4.88445      3.19146     35.00000
     4.95000      4.20746      5.00187      3.51562     35.00000
     4.97000      3.92550      4.90352      3.26382     35.00000
     4.99000      3.91879      4.75158      2.73562     35.00000
