    -1.99000    456.71280    489.83364    108.65078     13.00000
    -1.97000    458.13400    493.46175    110.34304     13.00000
    -1.95000    469.09917    494.03941    109.03780     13.00000
    -1.93000    457.54375    493.05935    106.30565     13.00000
    -1.91000    476.71759    501.72146    105.08142     13.00000
    -1.89000    463.25997    506.49389    121.52288     12.00000
    -1.87000    458.56260    506.35447    123.49168     12.00000
    -1.85000    464.64752    507.57874    121.97311     12.00000
    -1.83000    456.35913    507.43949    121.69676     12.00000
    -1.81000    460.51366    510.53234    123.00096     12.00000
    -1.79000    462.71268    514.45812    126.29381     12.00000
    -1.77000    455.81698    513.19866    127.57077     12.00000
    -1.75000    458.90077    511.62409    127.48381     12.00000
    -1.73000    460.77412    511.30184    125.37264     12.00000
    -1.71000    459.66072    508.44621    123.01203     12.00000
    -1.69000    450.33641    505.45237    122.29566     12.00000
    -1.67000    454.36496    507.30325    124.31444     12.00000
    -1.65000    451.87291    503.50652    121.34910     12.00000
    -1.63000    454.58329    502.32718    118.08530     12.00000
    -1.61000    458.04050    505.39441    120.76343     12.00000
    -1.59000    455.08107    509.34059    125.78682     12.00000
    -1.57000    451.97952    508.77572    120.26892     12.00000
    -1.55000    454.58052    506.43189    114.09230     12.00000
    -1.53000    455.38967    506.74516    115.10249     12.00000
    -1.51000    458.73940    506.74903    114.35987     12.00000
    -1.49000    453.38933    505.37411    113.02576     12.00000
    -1.47000    458.37854    506.42077    112.15745     12.00000
    -1.45000    458.71358    510.02824    112.69731     12.00000
    -1.43000    455.93828    511.54461    118.51344     12.00000
    -1.41000    460.00330    512.59603    114.86954     12.00000
    -1.39000    473.64719    518.67783    112.12158     12.00000
    -1.37000    473.05646    519.83826    111.18759     12.00000
    -1.35000    475.85317    522.54503    120.74139     12.00000
    -1.33000    474.88691    520.24283    118.90646     12.00000
    -1.31000    472.17365    517.08645    114.89903     12.00000
    -1.29000    473.89473    516.16383    113.25918     12.00000
    -1.27000    466.12319    521.79638    116.30110     12.00000
    -1.25000    472.33720    523.52725    118.21895     12.00000
    -1.23000    475.37118    523.99359    118.31244     12.00000
    -1.21000    489.05833    521.43675    104.29805     13.00000
    -1.19000    501.55312    520.82749    105.13224     13.00000
    -1.17000    480.50118    523.25141    109.00632     13.00000
    -1.15000    483.36870    523.87873    108.16743     13.00000
    -1.13000    500.78056    524.11132    109.03156     13.00000
    -1.11000    521.80647    526.25422    108.58586     13.00000
    -1.09000    517.32059    529.77492    109.99925     13.00000
    -1.07000    507.54667    529.97147    104.62467     13.00000
    -1.05000    505.06172    535.08692    108.00158     13.00000
    -1.03000    515.66897    537.00615    102.78519     13.00000
    -1.01000    516.85704    538.59563     98.01923     13.00000
    -0.99000    513.94000    540.15576    100.11613     13.00000
    -0.97000    509.41769    540.69032    101.68465     13.00000
    -0.95000    502.08750    539.54188    102.28681     13.00000
    -0.93000    505.97759    536.80541    102.50469     13.00000
    -0.91000    489.55586    527.64274    104.54504     13.00000
    -0.89000    489.26346    524.70406    102.42434     13.00000
    -0.87000    472.87294    520.21625    101.02172     13.00000
    -0.85000    464.44412    520.05281    101.86588     13.00000
    -0.83000    460.68700    521.78062    103.40211     13.00000
    -0.81000    481.19467    526.47243    100.98684     13.00000
    -0.79000    505.91286    529.06559    103.71832     13.00000
    -0.77000    493.44267    527.66564    103.65231     13.00000
    -0.75000    488.71562    527.50742    108.65194     13.00000
    -0.73000    484.72933    526.96374    111.67228     13.00000
    -0.71000    488.46133    528.46295    122.01919     13.00000
    -0.69000    476.35800    524.36092    116.40959     13.00000
    -0.67000    488.39400    532.15978    102.69182     13.00000
    -0.65000    540.46056    542.88520    104.83025     13.00000
    -0.63000    547.80176    551.02688    110.29471     13.00000
    -0.61000    538.95889    551.76590    114.17620     13.00000
    -0.59000    563.01958    567.43397    126.86108     13.00000
    -0.57000    565.44667    563.30907    124.23618     13.00000
    -0.55000    558.73958    567.97056    137.09650     13.00000
    -0.53000    567.02000    566.18364    122.89294     13.00000
    -0.51000    580.85043    574.48377    108.16171     13.00000
    -0.49000    614.73565    605.33107    117.03354     13.00000
    -0.47000    623.90565    605.84969    122.77770     13.00000
    -0.45000    613.04174    617.69428    134.80506     13.00000
    -0.43000    601.79542    611.92526    123.04907     13.00000
    -0.41000    606.94091    621.71512    116.65515     13.00000
    -0.39000    607.88429    628.94816    139.60220     13.00000
    -0.37000    612.81767    637.29029    116.52272     13.00000
    -0.35000    652.79529    650.79781    118.42328     13.00000
    -0.33000    647.15897    650.27337    123.51402     13.00000
    -0.31000    694.62000    670.59190    117.04162     13.00000
    -0.29000    645.71048    674.74477    124.96971     13.00000
    -0.27000    670.81737    678.34398    124.88390     13.00000
    -0.25000    689.79750    679.30611    127.37735     13.00000
    -0.23000    685.50364    680.02982    128.08289     13.00000
    -0.21000    688.73765    696.04559    117.12999     13.00000
    -0.19000    679.66625    700.15101    115.76497     13.00000
    -0.17000    655.05600    699.06834    117.09501     13.00000
    -0.15000    681.28000    703.19226    119.11524     13.00000
    -0.13000    686.35667    707.19698    120.75901     13.00000
    -0.11000    699.88667    732.46856     96.15260     13.00000
    -0.09000    716.05750    744.02424    100.57510     13.00000
    -0.07000    722.46154    747.82431    102.16031     13.00000
    -0.05000    699.74176    755.12362    105.75014     13.00000
    -0.03000    702.44222    757.96102    107.38152     13.00000
    -0.01000    698.94706    755.24020    109.26778     13.00000
     0.01000    699.89455    748.55498    100.39743     13.00000
     0.03000    722.51793    747.80171    100.18444     13.00000
     0.05000    707.83889    742.18896     98.39741     13.00000
     0.07000    728.06862    745.79155     99.09455     13.00000
     0.09000    719.79393    741.43171    102.16126     13.00000
     0.11000    695.58586    733.96989    103.16985     13.00000
     0.13000    671.92348    726.08907    106.63894     13.00000
     0.15000    663.16273    726.34952    111.70173     13.00000
     0.17000    660.83167    718.08958    109.38279     13.00000
     0.19000    663.68091    723.85023    109.53302     13.00000
     0.21000    684.00821    725.43336    108.90424     13.00000
     0.23000    687.84571    722.67299    105.21093     13.00000
     0.25000    688.74276    714.07820    100.49511     13.00000
     0.27000    684.51207    709.13329     98.39734     13.00000
     0.29000    676.36533    703.49905     92.51374     13.00000
     0.31000    670.91034    704.42436     91.62630     13.00000
     0.33000    669.18552    701.34609     93.45568     13.00000
     0.35000    663.04467    697.97565     92.65261     13.00000
     0.37000    660.94379    698.10821     94.12271     13.00000
     0.39000    656.54621    694.68519     98.86432     13.00000
     0.41000    648.93345    688.94729     97.01764     13.00000
     0.43000    648.28679    685.66525     95.46531     13.00000
     0.45000    649.34483    678.81454     97.39810     13.00000
     0.47000    645.62207    675.31644     99.52580     13.00000
     0.49000    644.42690    672.93730     96.66058     13.00000
     0.51000    639.91467    667.96775     96.37891     13.00000
     0.53000    637.71036    662.66924     94.72959     13.00000
     0.55000    637.86083    662.54828     92.11636     13.00000
     0.57000    651.18364    663.43840     95.16719     13.00000
     0.59000    655.92000    665.30791     98.34703     13.00000
     0.61000    640.04545    660.63691     97.97112     13.00000
     0.63000    628.29667    660.84525     96.17930     13.00000
     0.65000    621.62900    660.99119     94.72993     13.00000
     0.67000    616.33000    653.76117     87.40992     13.00000
     0.69000    624.84818    652.05935     85.47530     13.00000
     0.71000    639.16400    650.47712     86.90007     13.00000
     0.73000    631.61792    647.87624     88.31332     13.00000
     0.75000    629.71375    642.97800     87.65524     13.00000
     0.77000    630.15783    643.75910     89.70295     13.00000
     0.79000    637.81667    644.16527     92.47978     13.00000
     0.81000    637.43700    640.88115     90.59958     13.00000
     0.83000    627.94455    639.47438     92.05917     13.00000
     0.85000    629.98000    642.25956     94.57373     13.00000
     0.87000    631.40200    639.99440     94.38592     13.00000
     0.89000    613.23000    636.97134     89.24400     13.00000
     0.91000    637.72625    638.70467     87.37048     13.00000
     0.93000    634.01789    638.80572     89.24538     13.00000
     0.95000    609.69429    633.34360     85.28384     13.00000
     0.97000    593.41259    629.03096     81.74719     13.00000
     0.99000    591.37000    623.62929     82.97755     13.00000
     1.01000    582.34917    624.05246     85.75986     13.00000
     1.03000    582.17000    626.62284     85.50790     13.00000
     1.05000    603.11792    626.35365     82.40357     13.00000
     1.07000    616.14438    624.73793     84.93765     13.00000
     1.09000    634.99706    626.69760     84.97173     13.00000
     1.11000    634.60562    625.42498     82.07487     13.00000
     1.13000    632.37800    621.73652     83.15368     13.00000
     1.15000    616.02750    625.38595     80.95380     13.00000
     1.17000    604.18250    625.43891     78.79133     13.00000
     1.19000    605.04118    623.02050     79.59200     13.00000
     1.21000    599.48250    621.73787     78.32239     13.00000
     1.23000    615.83800    621.85393     74.99747     13.00000
     1.25000    605.18875    619.18811     77.84242     13.00000
     1.27000    603.18000    618.17000     75.59612     13.00000
     1.29000    607.85815    615.16955     67.81175     13.00000
     1.31000    617.78600    616.22544     71.26662     13.00000
     1.33000    603.12188    617.25893     76.08222     13.00000
     1.35000    596.07500    619.88216     86.67936     13.00000
     1.37000    591.76069    619.55926     87.35225     13.00000
     1.39000    589.91688    612.63996     85.26208     13.00000
     1.41000    586.65188    602.76256     87.34700     13.00000
     1.43000    583.50000    600.36277     87.82096     13.00000
     1.45000    577.52714    597.85441     89.15737     13.00000
     1.47000    592.19467    599.28291     86.22253     13.00000
     1.49000    585.44563    602.13191     85.19752     13.00000
     1.51000    575.24125    599.59687     89.09778     13.00000
     1.53000    560.67647    595.55994     95.23549     13.00000
     1.55000    581.50875    592.36507     94.15901     13.00000
     1.57000    582.29813    591.53274    105.87350     13.00000
     1.59000    588.01400    592.46759    105.96621     13.00000
     1.61000    565.82000    589.20091    101.51128     13.00000
     1.63000    566.54867    588.24864    102.73293     13.00000
     1.65000    564.49125    591.26916    112.10468     13.00000
     1.67000    556.30714    589.74964    108.56136     13.00000
     1.69000    573.87688    583.59187    103.08687     13.00000
     1.71000    575.32000    591.24724    110.50386     13.00000
     1.73000    567.44625    589.12876    113.58940     13.00000
     1.75000    577.00667    581.48017    103.02132     13.00000
     1.77000    582.14333    581.19583    107.43690     13.00000
     1.79000    575.02467    575.59955    109.73901     13.00000
     1.81000    571.69824    574.24627    115.62499     13.00000
     1.83000    569.54333    569.90321    109.34356     13.00000
     1.85000    561.78533    572.75953    115.75268     13.00000
     1.87000    563.61133    570.20281    116.80630     13.00000
     1.89000    560.95687    569.08777    115.12079     13.00000
     1.91000    553.49667    564.21317    115.07170     13.00000
     1.93000    549.75600    558.04171    108.79818     13.00000
     1.95000    553.66000    558.84522    106.07074     13.00000
     1.97000    545.86500    559.06634    105.90949     13.00000
     1.99000    540.34714    562.83958    111.19784     13.00000
     2.01000    572.69952    576.75252    113.71302     12.00000
     2.03000    567.56424    579.23965    104.34741     12.00000
     2.05000    553.89000    574.20423    110.54862     11.00000
     2.07000    545.95250    570.05539    111.88959     11.00000
     2.09000    536.66308    565.62450    111.33061     11.00000
     2.11000    542.12000    575.00594    113.97110     11.00000
     2.13000    554.59500    590.09784    134.10866     11.00000
     2.15000    526.62267    572.05113    132.86189     12.00000
     2.17000    527.67929    573.02380    130.22843     13.00000
     2.19000    536.08727    574.75076    131.90599     13.00000
     2.21000    529.71867    576.47889    134.86073     13.00000
     2.23000    531.13250    579.19400    129.64809     13.00000
     2.25000    540.29538    577.76354    134.80222     13.00000
     2.27000    543.13125    577.58834    137.02643     13.00000
     2.29000    557.01429    577.15492    130.92796     13.00000
     2.31000    524.91793    576.80081    126.11496     13.00000
     2.33000    525.61214    575.98930    127.88188     13.00000
     2.35000    556.15276    577.32223    125.35590     13.00000
     2.37000    568.47448    584.01727    128.35409     13.00000
     2.39000    561.16571    582.02754    118.49426     13.00000
     2.41000    528.85296    572.43707    110.45061     13.00000
     2.43000    559.28690    570.29175     99.55716     13.00000
     2.45000    565.88385    569.67469     97.22760     13.00000
     2.47000    556.45250    573.46994     92.21720     13.00000
     2.49000    545.38310    574.37743     97.18085     13.00000
     2.51000    550.53345    575.46812    102.45012     13.00000
     2.53000    575.23533    575.19192    103.12505     13.00000
     2.55000    578.04467    572.85736    110.02729     13.00000
     2.57000    557.88655    570.14660    110.30095     13.00000
     2.59000    549.75300    569.85915    109.62543     13.00000
     2.61000    557.44310    575.29648    108.25189     13.00000
     2.63000    513.58500    566.84875    109.83931     13.00000
     2.65000    508.73103    562.15664    114.73395     13.00000
     2.67000    507.82345    565.23928    113.33251     13.00000
     2.69000    534.18667    565.90867    113.72573     13.00000
     2.71000    493.42115    555.46281    114.56593     13.00000
     2.73000    556.67885    568.24136    123.66826     13.00000
     2.75000    564.68667    572.85563    124.88160     13.00000
     2.77000    564.64696    577.48743    126.38781     13.00000
     2.79000    561.74160    570.65561    122.06309     13.00000
     2.81000    553.73125    566.00525    122.09957     13.00000
     2.83000    554.62875    566.08370    123.73520     13.00000
     2.85000    552.87435    568.90505    125.74316     13.00000
     2.87000    546.16042    564.98972    129.17231     13.00000
     2.89000    540.39778    565.58651    126.21507     13.00000
     2.91000    537.14118    562.23281    125.56729     13.00000
     2.93000    532.35000    556.56009    124.37889     13.00000
     2.95000    526.73053    549.65820    131.35492     12.00000
     2.97000    540.35333    561.99328    132.54734     13.00000
     2.99000    534.84562    561.96375    132.78790     13.00000
     3.01000    542.69778    561.63501    131.71834     13.00000
     3.03000    541.01471    559.62609    132.43090     13.00000
     3.05000    547.40375    560.94611    131.01064     13.00000
     3.07000    536.46889    559.59374    133.00128     13.00000
     3.09000    543.57706    562.72957    131.19588     13.00000
     3.11000    535.30077    565.00537    132.30645     13.00000
     3.13000    541.05538    559.72100    130.36247     13.00000
     3.15000    540.17037    560.64889    124.83648     13.00000
     3.17000    540.44937    562.07097    125.51322     13.00000
     3.19000    532.90353    557.91048    128.78443     13.00000
     3.21000    521.20654    556.62670    134.24213     13.00000
     3.23000    513.33000    552.71712    135.11468     13.00000
     3.25000    507.79731    551.43327    127.86855     13.00000
     3.27000    506.27000    550.00489    129.14573     13.00000
     3.29000    495.52400    551.15247    130.17687     13.00000
     3.31000    495.31786    550.85233    128.23242     13.00000
     3.33000    489.55000    549.13037    125.45300     13.00000
     3.35000    492.58000    548.54323    122.08542     13.00000
     3.37000    487.43800    544.31288    121.66397     13.00000
     3.39000    478.73800    540.05884    122.92791     13.00000
     3.41000    485.75115    541.23538    124.59279     13.00000
     3.43000    481.87385    544.02974    122.34446     13.00000
     3.45000    489.91259    540.26651    122.95465     13.00000
     3.47000    492.48654    536.83455    120.33411     13.00000
     3.49000    488.91000    535.71453    121.49133     13.00000
     3.51000    482.91769    535.98516    119.24877     13.00000
     3.53000    475.48346    532.26399    115.62336     13.00000
     3.55000    475.07000    528.53943    116.74387     13.00000
     3.57000    499.59357    527.76113    115.82842     13.00000
     3.59000    477.23067    522.69080    117.03668     13.00000
     3.61000    462.56667    525.38395    116.41725     13.00000
     3.63000    467.28500    523.45104    117.02373     13.00000
     3.65000    479.54500    525.67553    117.64283     13.00000
     3.67000    469.14533    519.93194    115.76273     13.00000
     3.69000    457.44933    513.48320    119.42228     13.00000
     3.71000    453.38067    512.81908    120.87991     13.00000
     3.73000    452.57875    509.72520    119.58019     13.00000
     3.75000    452.42333    512.29413    118.45782     13.00000
     3.77000    449.36867    511.42417    119.99121     13.00000
     3.79000    448.42400    509.90680    116.15353     13.00000
     3.81000    447.71063    509.06519    112.25843     13.00000
     3.83000    448.33867    517.07566    116.72583     13.00000
     3.85000    447.61333    512.06271    109.28774     13.00000
     3.87000    450.86933    511.07335    111.63110     13.00000
     3.89000    466.52421    512.25523    106.57434     13.00000
     3.91000    455.76571    511.46677    106.48974     13.00000
     3.93000    457.15000    510.94378    108.13284     13.00000
     3.95000    460.79867    510.80566    107.12914     13.00000
     3.97000    470.62750    511.21448    105.11019     13.00000
     3.99000    456.02857    508.60999    101.48071     13.00000
     4.01000    447.52700    508.88148    104.54935     13.00000
     4.03000    460.05105    504.49175     94.97808     13.00000
     4.05000    452.33053    502.42960     96.24480     13.00000
     4.07000    454.92190    505.58239     97.12105     13.00000
     4.09000    457.42611    509.40043     94.04927     13.00000
     4.11000    465.73421    510.74873     91.26949     13.00000
     4.13000    477.67563    510.77550     92.19271     13.00000
     4.15000    488.51750    509.87061     89.12080     13.00000
     4.17000    483.57867    511.99387     88.25906     13.00000
     4.19000    483.06429    517.62025     94.79087     13.00000
     4.21000    471.88333    516.71051     98.26939     13.00000
     4.23000    473.89583    518.67747     98.86851     13.00000
     4.25000    465.07833    517.54618     98.70124     13.00000
     4.27000    484.97421    521.42574     96.78434     13.00000
     4.29000    475.33500    517.35375     91.37148     13.00000
     4.31000    492.78400    517.63104     85.45781     13.00000
     4.33000    488.97421    515.50730     87.18983     13.00000
     4.35000    495.67550    516.86433     83.23240     13.00000
     4.37000    495.17625    515.90172     86.11134     13.00000
     4.39000    496.49900    515.04322     86.83426     13.00000
     4.41000    513.89917    515.98292     85.95516     13.00000
     4.43000    527.08000    516.27223     87.50515     13.00000
     4.45000    521.11895    513.15917     87.48852     13.00000
     4.47000    516.56619    509.74706     85.44683     13.00000
     4.49000    522.62706    510.38528     85.85152     13.00000
     4.51000    520.53053    507.69799     83.69768     13.00000
     4.53000    521.91100    511.88909     88.16259     13.00000
     4.55000    536.15845    521.24495     85.96082     12.00000
     4.57000    547.11305    517.60845     87.75128     12.00000
     4.59000    554.20294    519.52242     87.18131     12.00000
     4.61000    545.29051    517.20423     87.77975     12.00000
     4.63000    537.95044    515.35939     87.29914     12.00000
     4.65000    537.77286    514.96636     91.27354     12.00000
     4.67000    542.76265    514.89125     87.13765     12.00000
     4.69000    555.90368    525.36067     90.79171     12.00000
     4.71000    557.04750    524.24375     90.72965     12.00000
     4.73000    550.55537    522.46198     91.33293     12.00000
     4.75000    549.57208    527.13692     95.90954     12.00000
     4.77000    544.92034    524.52641     89.16522     12.00000
     4.79000    550.55875    531.72917     96.74039     12.00000
     4.81000    554.41617    530.78066     92.62217     12.00000
     4.83000    557.27264    528.21352     88.96729     12.00000
     4.85000    562.03591    523.78297     83.35843     12.00000
     4.87000    566.24270    525.41379     81.67652     12.00000
     4.89000    556.88050    526.59752     83.01315     12.00000
     4.91000    553.14115    528.47704     82.78430     12.00000
     4.93000    554.66404    525.97188     87.00411     12.00000
     4.95000    559.06306    523.98426     84.53064     12.00000
     4.97000    560.90455    527.34333     86.17069     12.00000
     4.99000    566.42167    523.72166     86.15063     12.00000
