    -1.99000  63482.13636  76497.29354  47931.82577     16.00000
    -1.97000  63771.36538  75277.41652  50725.52077     16.00000
    -1.95000  61026.69960  76543.75711  47467.13296     16.00000
    -1.93000  68586.83838  78989.76311  49267.15353     16.00000
    -1.91000  63522.64231  75087.92315  49138.18443     16.00000
    -1.89000  67633.35985  76218.73981  44781.95050     16.00000
    -1.87000  69438.22078  83833.76506  55965.05148     16.00000
    -1.85000  66783.62500  86076.38797  58937.82132     17.00000
    -1.83000  68284.49621  84467.85495  65795.88122     16.00000
    -1.81000  71039.92857  80869.00543  57168.72855     16.00000
    -1.79000  66412.31250  77506.47531  49081.31923     16.00000
    -1.77000  66318.43750  78365.84123  51847.90757     16.00000
    -1.75000  68517.48824  76122.90078  49371.74570     16.00000
    -1.73000  64910.45536  70695.09639  47038.61376     16.00000
    -1.71000  74954.42735  70248.07954  42442.28103     16.00000
    -1.69000  70234.23810  73568.69369  42589.95904     16.00000
    -1.67000  74147.85714  70217.56735  38484.10902     16.00000
    -1.65000  71518.12987  66144.09455  36836.05308     16.00000
    -1.63000  72084.95000  65201.34505  35414.17056     16.00000
    -1.61000  68505.79167  64142.65912  35535.87396     16.00000
    -1.59000  62227.33523  61601.22822  35196.68037     16.00000
    -1.57000  63807.79670  64515.81776  38502.37321     16.00000
    -1.55000  58244.67857  59496.46932  34512.57800     16.00000
    -1.53000  55718.20455  58429.88988  34770.38292     16.00000
    -1.51000  65483.02083  60339.07447  31869.58935     16.00000
    -1.49000  64324.44118  59697.84745  30951.60348     16.00000
    -1.47000  39674.30769  54893.98985  31425.77540     16.00000
    -1.45000  44908.07143  51123.99881  26585.92505     16.00000
    -1.43000  49801.40909  53476.04986  27494.33247     16.00000
    -1.41000  46465.63636  51925.61694  29179.91040     16.00000
    -1.39000  52665.22727  56075.58536  33046.69802     15.00000
    -1.37000  59760.78247  58914.12867  32737.44609     16.00000
    -1.35000  63701.61371  63561.74140  32329.22241     16.00000
    -1.33000  61804.27244  59783.72111  28852.58179     16.00000
    -1.31000  53198.37063  56787.81051  27585.91451     16.00000
    -1.29000  61544.75000  57899.33702  26983.11226     16.00000
    -1.27000  60577.78744  57810.78241  22528.30878     16.00000
    -1.25000  57129.85294  57811.36653  24454.68452     16.00000
    -1.23000  50587.04004  53803.16199  22595.15112     16.00000
    -1.21000  53575.13889  56176.78466  22708.26042     16.00000
    -1.19000  53581.26087  55444.10866  21385.23427     16.00000
    -1.17000  55440.29310  53761.53158  21101.93351     16.00000
    -1.15000  54513.45085  57654.83888  24874.82538     16.00000
    -1.13000  55392.21073  62103.51626  34659.02911     16.00000
    -1.11000  59934.26724  64736.70252  33532.63069     16.00000
    -1.09000  64935.80667  63982.21349  36837.57886     16.00000
    -1.07000  59603.31897  67466.46438  42852.53328     16.00000
    -1.05000  57163.43098  70305.88293  45391.40010     16.00000
    -1.03000  51848.58532  71054.18984  47391.35955     16.00000
    -1.01000  54068.13697  74163.65378  55297.04052     16.00000
    -0.99000  61894.26587  78305.28520  59925.46102     16.00000
    -0.97000  68601.72143  85199.27504  63427.79129     16.00000
    -0.95000  66903.87273  82689.06599  65060.53822     16.00000
    -0.93000  63083.16667  85167.38622  66267.22624     16.00000
    -0.91000  52260.55000  77443.76249  63636.85259     16.00000
    -0.89000  56228.85455  73387.87965  55064.17174     16.00000
    -0.87000  58875.47980  73271.29403  56165.92105     14.00000
    -0.85000  56039.44444  73064.84067  55148.25497     15.00000
    -0.83000  52421.87500  63737.13629  45194.85964     15.00000
    -0.81000  47510.00000  61431.57633  43594.35261     15.00000
    -0.79000  55933.46154  60706.18953  40361.69523     15.00000
    -0.77000  50896.23077  59229.40955  40667.73140     15.00000
    -0.75000  47202.00000  57981.01250  39710.75684     15.00000
    -0.73000  43798.96111  60728.41919  43661.07268     14.00000
    -0.71000  46929.31818  57825.17154  38463.30103     14.00000
    -0.69000  43353.37222  53206.74425  34183.83487     14.00000
    -0.67000  46284.02674  54798.16615  32988.29879     14.00000
    -0.65000  49209.50455  59462.83622  36296.62690     14.00000
    -0.63000  49270.06250  60094.22379  42606.42151     14.00000
    -0.61000  50266.75253  54960.54876  33416.09209     14.00000
    -0.59000  50570.27778  54407.13640  30497.82365     14.00000
    -0.57000  52932.61111  55808.92734  29471.72207     14.00000
    -0.55000  48952.68182  53302.69964  29882.15069     14.00000
    -0.53000  47400.31818  53560.89178  29831.82100     14.00000
    -0.51000  44339.94412  55730.89293  35063.49170     14.00000
    -0.49000  44815.60526  56338.87043  36637.44948     14.00000
    -0.47000  46168.54545  59633.03528  42223.49874     14.00000
    -0.45000  45014.66667  58137.78900  42546.96256     14.00000
    -0.43000  48157.17647  57024.79796  39490.08485     15.00000
    -0.41000  46987.50000  56433.30699  42124.71875     15.00000
    -0.39000  45929.94118  56929.60080  42734.22882     15.00000
    -0.37000  48533.05882  54852.36969  42960.84701     15.00000
    -0.35000  47216.11111  54982.95676  45645.89669     13.00000
    -0.33000  47351.06417  57722.87306  47593.87168     14.00000
    -0.31000  44036.94444  57536.02759  48533.19258     15.00000
    -0.29000  35902.00000  55966.79632  49155.26381     15.00000
    -0.27000  34543.50000  53132.47396  43721.99151     15.00000
    -0.25000  49014.94118  57675.30478  48681.29223     15.00000
    -0.23000  41592.00000  58030.56885  50077.77841     15.00000
    -0.21000  37316.44444  58954.15308  49192.76514     16.00000
    -0.19000  39189.53846  55898.72628  43831.76935     16.00000
    -0.17000  37241.53846  54115.07510  38465.22710     16.00000
    -0.15000  44213.90909  50042.36657  34835.95401     15.00000
    -0.13000  37299.54167  45031.22493  29815.17946     16.00000
    -0.11000  34397.91667  46905.30203  31281.76871     16.00000
    -0.09000  33955.71795  47621.19118  30693.12714     16.00000
    -0.07000  34694.37500  45445.84211  26008.52329     16.00000
    -0.05000  41389.33333  46214.53324  24622.12191     17.00000
    -0.03000  42399.00000  49787.17673  26031.88530     17.00000
    -0.01000  42247.29310  53699.25714  25766.30677     16.00000
     0.01000  77129.25000 103205.12498  67636.62979     18.00000
     0.03000 100929.48611 114501.50425  62129.33621     18.00000
     0.05000  96776.75466 112141.00062  63534.06988     18.00000
     0.07000  91255.34524 111172.85726  71467.06544     18.00000
     0.09000  85642.47101 109395.12166  82982.50719     18.00000
     0.11000  85060.55615 120220.92006  88838.06462     18.00000
     0.13000  88121.49129 120291.32213  92229.34457     18.00000
     0.15000  86927.49488 117578.21753  88231.46171     18.00000
     0.17000 107884.94444 122819.88045  87003.15328     17.00000
     0.19000  83660.67593 115655.49801  85125.12830     18.00000
     0.21000  70359.70076 110807.30235  82744.84380     18.00000
     0.23000  72024.62500 105087.93926  76043.05887     18.00000
     0.25000  82793.30000 101922.33908  73060.44122     18.00000
     0.27000  75440.61111  99516.80925  68534.03311     18.00000
     0.29000  67854.32059  98839.22595  67927.19599     18.00000
     0.31000  76350.21667  98562.83016  64697.19801     18.00000
     0.33000  76499.31250 100501.66561  65374.89414     18.00000
     0.35000  70348.02778  96700.31473  57254.09090     18.00000
     0.37000  77047.58182  87560.49209  52424.71059     18.00000
     0.39000  60861.20673  74185.45385  40845.18841     18.00000
     0.41000  63555.18182  77461.90400  42157.84502     18.00000
     0.43000  60929.60769  76840.08863  41503.85050     18.00000
     0.45000  74355.73052  78611.87838  43562.30954     18.00000
     0.47000  62682.31061  70665.00310  37427.78932     18.00000
     0.49000  65237.67391  70913.22737  36860.61825     18.00000
     0.51000  76625.93182  70454.00303  32548.96365     18.00000
     0.53000  69236.26042  78665.65641  43453.46578     18.00000
     0.55000  77373.82353  81390.78998  46578.31994     17.00000
     0.57000  73985.75329  79554.46801  42761.38315     18.00000
     0.59000  72290.69608  78732.32366  41825.06937     18.00000
     0.61000  68600.11111  71217.76307  39397.83454     18.00000
     0.63000  67644.00435  70036.04966  38495.81212     18.00000
     0.65000  74407.00000  70616.46287  31711.78962     18.00000
     0.67000  71912.05556  72197.21856  36921.90769     18.00000
     0.69000  70426.03846  72187.17449  36036.65108     18.00000
     0.71000  57268.14286  63489.94125  32368.66502     18.00000
     0.73000  61618.40476  65094.08050  39270.72365     18.00000
     0.75000  55787.34783  60746.56855  36182.10817     18.00000
     0.77000  52284.16667  59333.19813  38622.48641     18.00000
     0.79000  45595.62500  55597.39740  36561.12786     18.00000
     0.81000  44688.15385  53436.83614  36090.91896     18.00000
     0.83000  44996.05000  55144.81252  37692.26513     18.00000
     0.85000  45067.72857  60613.32014  39937.49448     18.00000
     0.87000  45986.30882  60634.73756  38459.34402     18.00000
     0.89000  52643.86364  58604.83793  36245.55200     18.00000
     0.91000  48047.75893  63689.54185  43701.96180     18.00000
     0.93000  45191.44156  60180.36739  35698.02930     18.00000
     0.95000  47656.20000  63372.63817  42106.78885     18.00000
     0.97000  47231.36364  58844.30945  40882.54636     18.00000
     0.99000  47885.05000  64686.22515  47526.96553     18.00000
     1.01000  47927.00000  67147.41726  57014.21079     18.00000
     1.03000  38829.65873  51801.23375  37620.36160     18.00000
     1.05000  36681.77778  47449.42663  36899.77394     18.00000
     1.07000  32736.35000  45448.85808  34351.38488     18.00000
     1.09000  34654.26429  43833.21465  33169.83050     18.00000
     1.11000  32312.61303  40943.24704  32706.41078     18.00000
     1.13000  29273.50000  40717.06139  30716.83957     18.00000
     1.15000  32280.40000  37457.17012  25149.55192     18.00000
     1.17000  35508.66667  35367.68079  21786.22967     18.00000
     1.19000  37952.15217  35141.94847  19089.42267     18.00000
     1.21000  32442.20000  34113.95811  17413.34610     18.00000
     1.23000  31642.18391  36459.30657  22773.57570     18.00000
     1.25000  32695.73016  37876.62498  26278.88922     18.00000
     1.27000  27764.65747  34584.04049  23646.69881     18.00000
     1.29000  27719.54688  34257.56950  29102.03886     18.00000
     1.31000  29240.70779  34057.26752  21877.75358     18.00000
     1.33000  31134.43590  32347.95773  19028.89352     18.00000
     1.35000  26838.18182  31134.29119  19671.88298     17.00000
     1.37000  26049.91667  32736.05759  21587.30668     17.00000
     1.39000  22888.00000  30692.04912  20875.81569     17.00000
     1.41000  25695.18182  30204.57212  18446.71363     18.00000
     1.43000  26801.87121  34038.46669  24218.55572     18.00000
     1.45000  27008.75833  39200.64767  45493.57930     18.00000
     1.47000  20645.24026  39586.72427  43975.77295     18.00000
     1.49000  20534.98221  38586.92922  40231.25311     18.00000
     1.51000  19384.25000  37701.25745  33157.53665     18.00000
     1.53000  21992.59091  40388.86911  54213.34041     18.00000
     1.55000  22341.45000  40778.12545  62412.70093     18.00000
     1.57000  24751.59441  39315.75870  62352.66201     18.00000
     1.59000  23126.98433  36910.43806  57763.37069     18.00000
     1.61000  26325.71429  38458.62615  60256.05530     18.00000
     1.63000  27108.45455  37831.93327  43115.66891     18.00000
     1.65000  25133.33333  34886.73869  36241.00062     18.00000
     1.67000  27822.99107  32929.67249  30216.32254     18.00000
     1.69000  28304.55769  37839.61233  41068.59737     18.00000
     1.71000  19486.14130  37080.60839  38630.01508     16.00000
     1.73000  26927.30556  38712.19128  36430.47388     18.00000
     1.75000  23181.23261  36655.13484  36554.58636     18.00000
     1.77000  22032.00242  33813.20058  30635.17815     18.00000
     1.79000  21575.23846  29865.20821  26064.81703     18.00000
     1.81000  21051.85606  30720.37935  32064.45187     18.00000
     1.83000  21307.23579  31418.96546  29845.42368     18.00000
     1.85000  22621.88889  34806.21691  32304.50582     18.00000
     1.87000  24244.48352  34994.22399  31569.41676     18.00000
     1.89000  25511.36218  33818.88322  27559.43993     18.00000
     1.91000  25107.21429  32675.95229  27306.26855     18.00000
     1.93000  24162.64286  33833.05629  28297.35175     18.00000
     1.95000  22408.25000  33799.93965  30051.63059     18.00000
     1.97000  23420.10256  32325.65982  29049.18887     18.00000
     1.99000  22016.62500  32775.27089  28864.93668     18.00000
     2.01000  20364.22115  30616.39406  29081.28394     18.00000
     2.03000  23240.31429  30097.26784  23117.48626     18.00000
     2.05000  22740.52381  31042.29328  23853.56238     18.00000
     2.07000  23777.90909  25689.14842  18049.69701     17.00000
     2.09000  23114.13043  24518.56729  16747.44680     17.00000
     2.11000  24069.33333  25937.20408  17202.25199     17.00000
     2.13000  20131.62500  25908.77377  18091.12212     17.00000
     2.15000  19550.00000  26223.71744  19391.61816     17.00000
     2.17000  20293.25000  27460.70380  20973.36583     17.00000
     2.19000  23388.72727  29053.17400  19033.24225     17.00000
     2.21000  20625.50000  29993.57868  21304.73576     17.00000
     2.23000  20247.59615  29226.27689  19217.63374     16.00000
     2.25000  20503.00000  28744.81193  17608.91089     17.00000
     2.27000  27673.54054  30643.87526  20163.44834     17.00000
     2.29000  22018.63636  29768.03513  20611.00197     17.00000
     2.31000  20362.53846  27155.38643  18330.28814     17.00000
     2.33000  19868.86486  26574.38088  17848.43020     17.00000
     2.35000  22327.57895  28385.81809  19559.06774     17.00000
     2.37000  21922.95031  35242.88403  31868.22668     18.00000
     2.39000  21462.60811  34505.46842  30492.91417     18.00000
     2.41000  20636.64264  36316.56822  32983.76379     18.00000
     2.43000  20021.53696  35521.69153  32726.65511     18.00000
     2.45000  18565.82174  35451.78421  33698.45616     18.00000
     2.47000  20634.04762  35060.68171  32091.31135     18.00000
     2.49000  20612.83333  36319.68915  33970.62334     18.00000
     2.51000  23629.68182  35521.56851  33399.32934     18.00000
     2.53000  17405.20455  36304.36451  36573.84630     18.00000
     2.55000  21871.83690  38344.47379  38891.21843     18.00000
     2.57000  20621.97297  39234.75932  39351.26833     18.00000
     2.59000  25760.26389  36488.83739  32819.15017     18.00000
     2.61000  23461.59058  40722.30042  44226.98913     18.00000
     2.63000  29106.81250  44217.12601  51495.45583     18.00000
     2.65000  28168.76496  44079.91213  48525.08787     18.00000
     2.67000  28807.51587  42847.73620  43839.10837     18.00000
     2.69000  24897.77273  42863.80941  40899.13165     18.00000
     2.71000  25626.74396  46893.89855  48645.25398     18.00000
     2.73000  27090.66239  47890.19282  48978.93542     18.00000
     2.75000  30024.78571  51357.35967  57456.99460     17.00000
     2.77000  25277.20536  49778.47486  60040.19585     18.00000
     2.79000  25227.82692  49760.49031  58344.41470     18.00000
     2.81000  24838.49451  48396.04974  55868.52690     18.00000
     2.83000  23672.61538  46982.65852  55695.22636     18.00000
     2.85000  25899.96429  47994.81863  57076.35509     18.00000
     2.87000  27183.66484  51193.23000  60411.36466     18.00000
     2.89000  29770.93132  51604.14105  58853.20938     18.00000
     2.91000  34118.78497  50303.89922  60770.63808     18.00000
     2.93000  31024.64286  48501.75031  62551.25479     18.00000
     2.95000  30268.07692  46887.68519  51444.20520     18.00000
     2.97000  30795.84416  45535.15278  48765.94561     18.00000
     2.99000  29601.06494  46354.78312  44633.74770     18.00000
     3.01000  28421.25275  40798.07848  36796.83982     18.00000
     3.03000  25248.86364  39658.79832  35863.46330     18.00000
     3.05000  26395.41304  42004.11402  40221.33053     18.00000
     3.07000  24312.18789  42036.03028  37072.80107     18.00000
     3.09000  23222.38636  40678.11121  35434.00758     18.00000
     3.11000  22178.26398  38469.46419  32662.16853     18.00000
     3.13000  23513.48190  39121.34387  34237.90374     18.00000
     3.15000  28192.10714  43328.71367  35426.29293     18.00000
     3.17000  31570.36905  42736.17293  35271.36451     18.00000
     3.19000  31337.78782  43486.34170  37584.72321     18.00000
     3.21000  33412.87557  44930.52212  39818.06128     18.00000
     3.23000  38344.91667  45044.36501  35842.94503     18.00000
     3.25000  41231.16387  47344.09852  34673.13519     18.00000
     3.27000  46872.44444  49024.29952  34585.42532     17.00000
     3.29000  35199.37185  44735.69962  35893.35730     18.00000
     3.31000  30463.09028  46691.53477  38480.10796     18.00000
     3.33000  35883.77626  59067.39385  57339.59303     18.00000
     3.35000  35186.38362  56205.53182  47531.78972     18.00000
     3.37000  39148.20238  60727.64834  48645.04707     18.00000
     3.39000  47437.64706  62684.20221  57339.22263     18.00000
     3.41000  45137.57143  62553.98446  57562.78974     18.00000
     3.43000  37974.12637  60588.40669  62103.91784     18.00000
     3.45000  37619.90385  54963.48922  49313.25629     18.00000
     3.47000  36880.90659  54910.89725  46679.36721     18.00000
     3.49000  35536.70330  56348.13113  50302.87818     18.00000
     3.51000  37778.45833  55186.60877  44921.17971     18.00000
     3.53000  38034.42262  53561.48745  39454.88522     18.00000
     3.55000  37048.41667  54283.95756  45657.29927     18.00000
     3.57000  32539.32143  52156.69609  41298.23787     18.00000
     3.59000  31752.41270  48137.23192  34420.45431     18.00000
     3.61000  30799.66667  46223.53751  30370.24070     18.00000
     3.63000  30968.60000  54069.97751  39938.24995     18.00000
     3.65000  38305.13636  54894.78323  39541.37544     18.00000
     3.67000  41549.42308  55798.71886  40603.43183     18.00000
     3.69000  40778.96429  58857.83197  41224.45488     18.00000
     3.71000  43887.45833  61122.20111  48614.79226     18.00000
     3.73000  41394.25000  61075.55700  50902.91678     18.00000
     3.75000  48524.69551  60301.34213  50098.95172     18.00000
     3.77000  47150.58636  59364.19682  49909.03144     18.00000
     3.79000  44673.33012  55637.99548  49191.61600     18.00000
     3.81000  41114.20192  55066.27176  46825.79182     18.00000
     3.83000  42389.03571  57216.31331  49188.03215     18.00000
     3.85000  36836.66387  52939.15362  45947.41791     18.00000
     3.87000  37696.60924  54231.39501  46395.89220     18.00000
     3.89000  41498.11111  56295.65456  51938.97749     18.00000
     3.91000  40681.91597  53218.98644  46231.23178     18.00000
     3.93000  43727.37912  55066.84992  46590.57519     18.00000
     3.95000  45519.76786  55469.77176  46790.57184     18.00000
     3.97000  48530.48571  54508.72322  44564.36681     18.00000
     3.99000  50492.99107  59283.02714  51112.02665     18.00000
     4.01000  43006.96154  58232.61859  55549.70940     18.00000
     4.03000  39771.41429  57505.66536  55678.07906     18.00000
     4.05000  41695.05952  64188.56187  65668.81227     18.00000
     4.07000  40998.41667  63232.07846  61213.07333     18.00000
     4.09000  42139.46429  65481.03572  68247.62629     18.00000
     4.11000  42883.37897  67606.09050  79253.41790     18.00000
     4.13000  42617.48413  65781.98550  78071.35275     18.00000
     4.15000  43617.60714  66919.02533  79288.32080     18.00000
     4.17000  41690.30769  71397.49735  80890.42400     17.00000
     4.19000  38473.36364  71052.38222  78791.73575     17.00000
     4.21000  34912.24286  64815.70878  74798.54589     18.00000
     4.23000  37613.53896  67096.95005  73322.11177     18.00000
     4.25000  33049.00000  68670.94538  78584.37570     18.00000
     4.27000  34309.75000  69771.76366  82767.61842     18.00000
     4.29000  31870.82308  68351.69175  81914.63216     18.00000
     4.31000  35696.26087  66625.64988  79271.63212     18.00000
     4.33000  34641.55455  67046.95003  83784.07252     18.00000
     4.35000  36258.83333  67011.58393  86116.97209     18.00000
     4.37000  40045.91883  69191.19290  87752.78879     18.00000
     4.39000  43335.64130  68990.40062  88674.59136     18.00000
     4.41000  43003.17532  68799.24278  82990.00476     18.00000
     4.43000  44970.32500  66130.23887  74919.96258     18.00000
     4.45000  41428.27083  68115.08709  77221.79285     18.00000
     4.47000  40074.67143  66584.59419  72967.10338     18.00000
     4.49000  42902.86429  69734.43671  75060.35405     18.00000
     4.51000  37670.54167  69543.63618  76093.94596     18.00000
     4.53000  42741.90000  75265.21834  80438.88683     17.00000
     4.55000  51789.30000  71423.76556  77060.84552     17.00000
     4.57000  47893.00000  72924.69789  84897.43876     17.00000
     4.59000  49202.12500  68985.30706  81093.67765     17.00000
     4.61000  43554.69565  64312.04921  73349.44546     17.00000
     4.63000  38710.12500  62945.76682  71272.46028     17.00000
     4.65000  49482.47619  67027.11788  67884.37985     17.00000
     4.67000  38897.30000  69835.04278  69290.24098     17.00000
     4.69000  47077.45455  76324.16918  80820.64061     17.00000
     4.71000  48666.71429  78766.59592  84985.68048     17.00000
     4.73000  41344.17143  76965.23932  85923.28151     17.00000
     4.75000  51411.50000  73881.36497  81431.05140     17.00000
     4.77000  49882.34615  73740.52018  76642.60867     17.00000
     4.79000  43379.66667  72274.01736  73960.70450     17.00000
     4.81000  41716.00505  75483.74605  75517.96058     16.00000
     4.83000  39545.66667  73339.63467  82474.78812     17.00000
     4.85000  39496.09091  75134.04629  87148.89376     17.00000
     4.87000  46731.42857  71735.27768  80619.71048     17.00000
     4.89000  40166.00000  74961.02233  85636.42683     17.00000
     4.91000  50386.50000  76501.64034  84539.97931     17.00000
     4.93000  38700.00000  72705.84071  78366.87087     17.00000
     4.95000  37310.37500  72771.27806  81754.25138     17.00000
     4.97000  44270.88735  76344.28135  80551.39729     16.00000
     4.99000  45307.23913  78288.79336  91172.25437     16.00000
