    -1.99000     -0.37542     -0.33289      0.93277      6.00000
    -1.97000      0.02598     -0.19961      1.04989     21.00000
    -1.95000     -0.12449     -0.12230      0.86096     17.00000
    -1.93000     -0.00880      0.83133      3.49436     22.00000
    -1.91000     -0.24407     -0.58709      1.27581     16.00000
    -1.89000     -0.06687      0.75691      3.49053     16.00000
    -1.87000     -0.06645     -0.00914      0.69100     19.00000
    -1.85000      0.09778      0.57984      1.86258     20.00000
    -1.83000     -0.15940     -0.47641      1.04193     18.00000
    -1.81000     -0.05160     -0.09005      0.67074     17.00000
    -1.79000     -0.07096      0.09977      1.35933     19.00000
    -1.77000     -0.36614     -0.59010      1.20696     18.00000
    -1.75000     -0.06983     -0.08649      0.79614     22.00000
    -1.73000     -0.26226     -0.28757      0.55825     16.00000
    -1.71000      0.14734     -0.12313      1.42959     17.00000
    -1.69000     -0.29178     -0.33957      0.63531     23.00000
    -1.67000     -0.16767     -0.16064      0.80414     10.00000
    -1.65000     -0.19710     -0.39537      1.23987     23.00000
    -1.63000     -0.17597     -0.20830      0.53889     17.00000
    -1.61000     -0.20229     -0.38000      0.85537     18.00000
    -1.59000     -0.53909     -0.87004      1.05364     17.00000
    -1.57000     -0.03450      0.01805      0.94088     24.00000
    -1.55000     -0.19052     -0.36814      0.66147     15.00000
    -1.53000     -0.13527     -0.43946      0.99958     18.00000
    -1.51000     -0.23939     -0.40158      0.60815     20.00000
    -1.49000     -0.24670     -0.07225      1.08126     13.00000
    -1.47000     -0.21689     -0.56764      0.97003     21.00000
    -1.45000      0.05362     -0.34527      0.76607     17.00000
    -1.43000      0.01567     -0.08600      0.51041     20.00000
    -1.41000     -0.27994     -0.48464      0.99259     17.00000
    -1.39000     -0.15709     -0.23123      0.61758     15.00000
    -1.37000     -0.00215     -0.05089      0.58641     21.00000
    -1.35000     -0.10106     -0.39497      0.76348     21.00000
    -1.33000     -0.05428     -0.46970      1.14502     16.00000
    -1.31000     -0.16555     -0.10395      0.65384     17.00000
    -1.29000     -0.03484     -0.19898      0.79234     20.00000
    -1.27000     -0.03108     -0.16826      0.77176     15.00000
    -1.25000     -0.03863     -0.08616      0.79801     24.00000
    -1.23000     -0.05413     -0.22424      0.89205     16.00000
    -1.21000     -0.05632     -0.22352      0.70259     16.00000
    -1.19000     -0.12155     -0.18041      0.78755     24.00000
    -1.17000      0.11428      0.02679      0.87417     13.00000
    -1.15000     -0.05710     -0.46316      1.34951     21.00000
    -1.13000     -0.04815     -0.12514      0.88122     18.00000
    -1.11000     -0.08214     -0.26275      0.77705     16.00000
    -1.09000     -0.03511     -0.11200      0.56896     20.00000
    -1.07000     -0.18147     -0.21106      0.75473     14.00000
    -1.05000     -0.08192     -0.56188      1.69496     24.00000
    -1.03000     -0.29007     -0.32970      0.78833     12.00000
    -1.01000     -0.03015     -0.01130      0.56466     24.00000
    -0.99000      0.05766      0.08589      0.56381      9.00000
    -0.97000     -0.13802     -0.22105      0.77198     21.00000
    -0.95000     -0.26324     -0.98703      2.21169     16.00000
    -0.93000      0.04839      0.09867      0.56039     22.00000
    -0.91000     -0.17446     -0.44458      1.11977     16.00000
    -0.89000     -0.11469     -0.47719      1.18007     15.00000
    -0.87000      0.22938     -0.05876      1.13639     19.00000
    -0.85000     -0.39948     -0.74391      1.91691     19.00000
    -0.83000      0.01663     -0.29541      1.13779     18.00000
    -0.81000     -0.07863     -0.11928      0.86889     17.00000
    -0.79000      0.03107     -0.47514      1.14886     18.00000
    -0.77000     -0.23577     -0.97951      1.61847     18.00000
    -0.75000     -0.05473     -0.56210      1.96376     21.00000
    -0.73000      0.05921     -0.06887      0.63530     16.00000
    -0.71000     -0.39744     -0.81067      1.55714     17.00000
    -0.69000     -0.10136     -0.55801      1.46480     22.00000
    -0.67000      0.05074     -0.13054      0.90885     10.00000
    -0.65000     -0.13261     -1.10264      2.16365     22.00000
    -0.63000      0.17169     -0.18684      0.87908     17.00000
    -0.61000     -0.39190     -0.71428      1.08488     18.00000
    -0.59000     -0.49836     -0.88711      1.73743     16.00000
    -0.57000     -0.34450     -0.61383      1.17042     24.00000
    -0.55000      0.20694     -0.75941      2.47754     14.00000
    -0.53000     -0.27106     -0.64788      1.55245     18.00000
    -0.51000     -0.41527     -0.89234      1.25532     17.00000
    -0.49000     -0.19618     -0.51051      1.61982     13.00000
    -0.47000     -0.35035     -1.00394      1.71588     21.00000
    -0.45000      0.33415     -0.68102      2.51168     16.00000
    -0.43000     -0.27541     -0.72844      1.69818     20.00000
    -0.41000     -0.70468     -1.22609      1.88254     17.00000
    -0.39000     -0.04925     -0.51572      1.58403     14.00000
    -0.37000      0.08705     -0.32182      1.35594     21.00000
    -0.35000     -0.82451     -1.66495      2.68095     20.00000
    -0.33000     -0.55416     -0.81712      1.55411     16.00000
    -0.31000     -1.05518     -1.35925      1.99804     17.00000
    -0.29000     -0.80608     -1.23382      1.77862     19.00000
    -0.27000     -0.44205     -0.90099      1.56617     15.00000
    -0.25000     -1.04385     -1.59334      2.28186     23.00000
    -0.23000     -1.29647     -1.80070      2.29508     16.00000
    -0.21000     -0.48772     -0.73500      1.28558     16.00000
    -0.19000     -1.74581     -1.79258      1.87864     23.00000
    -0.17000     -0.70220     -1.70851      2.25206     13.00000
    -0.15000     -1.40328     -1.56227      2.49685     20.00000
    -0.13000     -1.29135     -1.77310      2.21536     18.00000
    -0.11000     -1.09264     -1.47457      1.89058     16.00000
    -0.09000     -0.58300     -1.29565      1.97180     19.00000
    -0.07000     -1.69107     -2.00664      1.81752     14.00000
    -0.05000     -0.85115     -1.98451      2.76436     24.00000
    -0.03000     -1.43612     -1.94338      2.34680     12.00000
    -0.01000     -1.24309     -1.88571      1.98401     22.00000
     0.01000     -2.89164     -3.42266      2.78164      6.00000
     0.03000     -1.25849     -1.90052      2.03188     21.00000
     0.05000     -1.62461     -2.65080      3.10456     16.00000
     0.07000     -1.66425     -2.15838      2.28631     22.00000
     0.09000     -1.30134     -1.88529      2.04096     16.00000
     0.11000     -2.24338     -2.52579      2.23878     15.00000
     0.13000     -1.54176     -2.12388      2.49499     19.00000
     0.15000     -2.16677     -2.74549      2.76306     19.00000
     0.17000     -1.66740     -2.43090      2.42621     18.00000
     0.19000     -1.34692     -1.79829      2.11342     17.00000
     0.21000     -1.10864     -1.98656      2.54109     18.00000
     0.23000     -2.40129     -2.80238      2.55324     18.00000
     0.25000     -1.89305     -3.11168      2.99351     21.00000
     0.27000     -1.25250     -1.93501      2.56823     16.00000
     0.29000     -1.40296     -2.18610      2.43406     18.00000
     0.31000     -1.56789     -2.13279      2.48701     22.00000
     0.33000     -2.62271     -3.22176      2.50109     10.00000
     0.35000     -1.55457     -2.65698      3.08281     22.00000
     0.37000     -1.75897     -1.82526      2.08535     17.00000
     0.39000     -1.90544     -2.78349      2.63340     18.00000
     0.41000     -1.53791     -1.69911      1.95307     16.00000
     0.43000     -2.09181     -2.67286      2.63789     24.00000
     0.45000     -1.01325     -2.09941      3.39404     14.00000
     0.47000     -3.12947     -3.02551      3.08456     18.00000
     0.49000     -1.33240     -1.55527      1.50705     16.00000
     0.51000     -1.28207     -2.21520      2.81661     15.00000
     0.53000     -1.38420     -2.44601      3.19076     21.00000
     0.55000     -1.32629     -2.37252      3.65809     16.00000
     0.57000     -2.25708     -3.03774      3.04497     20.00000
     0.59000     -1.16876     -1.68268      2.10801     17.00000
     0.61000     -1.61451     -2.40999      3.34774     14.00000
     0.63000     -0.55425     -1.67863      2.23156     21.00000
     0.65000     -1.70596     -3.23522      3.81985     20.00000
     0.67000     -1.48897     -2.02585      1.80104     16.00000
     0.69000     -1.91868     -2.53209      3.02506     18.00000
     0.71000     -1.18687     -1.62517      1.95620     19.00000
     0.73000     -1.78145     -2.00614      2.53900     15.00000
     0.75000     -1.49189     -2.75716      3.00881     23.00000
     0.77000     -2.47853     -2.42742      2.46809     16.00000
     0.79000     -0.70065     -1.65497      2.26843     16.00000
     0.81000     -1.47639     -1.52003      1.74929     23.00000
     0.83000     -1.79577     -2.68368      2.43761     13.00000
     0.85000     -1.27101     -2.18373      2.94053     20.00000
     0.87000     -1.27808     -1.94326      2.46159     18.00000
     0.89000     -1.04325     -1.17995      1.62370     17.00000
     0.91000     -0.91757     -1.60665      2.03383     19.00000
     0.93000     -1.74343     -1.68057      1.93251     14.00000
     0.95000     -0.92152     -1.90587      2.80382     25.00000
     0.97000     -2.00811     -2.14653      2.62116     12.00000
     0.99000     -0.76919     -1.24871      1.52943     25.00000
     1.01000     -0.31291     -1.21963      2.55456      8.00000
     1.03000     -1.21547     -1.51859      2.00024     21.00000
     1.05000     -1.08952     -2.20334      2.85424     17.00000
     1.07000     -1.38457     -1.60025      1.74156     22.00000
     1.09000     -0.60333     -1.23865      1.63714     17.00000
     1.11000     -0.63413     -1.70241      2.10845     15.00000
     1.13000     -1.22580     -1.52981      1.95663     19.00000
     1.15000     -1.26278     -2.00168      2.48247     20.00000
     1.17000     -1.39002     -2.14780      1.83938     18.00000
     1.19000     -0.84166     -1.33407      1.95994     18.00000
     1.21000     -1.29319     -1.33713      1.67980     18.00000
     1.23000     -2.42449     -2.29333      2.36685     18.00000
     1.25000     -1.51547     -2.13461      2.21088     22.00000
     1.27000     -1.61145     -1.37948      1.98873     16.00000
     1.29000     -1.11911     -1.63678      1.95552     18.00000
     1.31000     -1.30578     -1.47976      2.01851     22.00000
     1.33000     -2.09304     -2.22779      1.78762     10.00000
     1.35000     -1.44671     -2.16206      2.40550     23.00000
     1.37000     -0.85774     -0.86758      1.91292     17.00000
     1.39000     -1.44462     -2.10245      2.15129     18.00000
     1.41000     -1.48270     -1.42810      2.00184     16.00000
     1.43000     -1.51393     -1.97161      2.06312     24.00000
     1.45000     -1.09610     -1.21840      2.54776     15.00000
     1.47000     -2.63589     -2.50032      2.28799     18.00000
     1.49000     -0.59350     -0.49584      0.73875     17.00000
     1.51000     -1.47116     -1.74331      2.57216     17.00000
     1.53000     -0.99612     -1.56139      1.83317     21.00000
     1.55000     -1.29771     -1.63074      2.73891     17.00000
     1.57000     -1.41546     -1.82079      1.85396     20.00000
     1.59000     -0.98786     -1.47306      2.41226     18.00000
     1.61000     -0.66748     -1.35082      1.95142     14.00000
     1.63000     -1.23990     -1.36813      1.99498     21.00000
     1.65000     -1.10596     -1.80536      2.38312     21.00000
     1.67000     -0.89539     -1.49022      1.67666     16.00000
     1.69000     -0.84625     -1.40946      2.30943     18.00000
     1.71000     -0.84361     -1.00125      2.08069     19.00000
     1.73000     -0.73112     -1.17056      2.04585     15.00000
     1.75000     -1.05583     -1.53555      2.18157     24.00000
     1.77000     -1.78959     -2.10075      2.61081     16.00000
     1.79000     -0.60393     -0.94947      2.06769     17.00000
     1.81000     -0.83824     -0.99279      1.79743     23.00000
     1.83000     -1.73192     -1.91531      2.36900     13.00000
     1.85000     -0.97690     -1.49517      2.31521     21.00000
     1.87000      0.09334     -0.91070      2.50727     18.00000
     1.89000     -1.08011     -1.21772      1.84339     17.00000
     1.91000     -0.49659     -1.11334      2.14390     19.00000
     1.93000     -0.67435     -0.75548      1.92944     14.00000
     1.95000     -0.97690     -1.75159      2.74090     25.00000
     1.97000     -1.35214     -1.58696      2.11005     12.00000
     1.99000     -0.67233     -0.92534      2.00166     24.00000
     2.01000      0.61647     -0.63422      3.07304      8.00000
     2.03000     -0.95396     -1.19118      1.98402     21.00000
     2.05000     -0.82269     -1.69332      2.99078     17.00000
     2.07000     -0.97402     -1.18513      1.89365     22.00000
     2.09000     -0.61632     -0.84516      2.23350     17.00000
     2.11000     -0.64837     -1.30956      2.33597     15.00000
     2.13000     -1.05717     -1.30782      2.32526     19.00000
     2.15000     -0.39480     -1.03704      2.45989     20.00000
     2.17000     -1.33539     -1.70006      2.01578     18.00000
     2.19000     -0.22200     -0.73422      1.86051     18.00000
     2.21000     -0.21382     -0.47882      2.09692     18.00000
     2.23000     -1.85232     -1.71912      2.53546     18.00000
     2.25000     -0.97533     -1.49430      2.29710     22.00000
     2.27000     -0.65640     -0.85109      1.79694     16.00000
     2.29000     -0.10638     -1.12181      2.57579     18.00000
     2.31000     -0.34821     -0.73584      1.91038     22.00000
     2.33000     -2.07792     -1.96866      2.02552     10.00000
     2.35000     -0.61149     -1.26388      2.13791     23.00000
     2.37000     -0.22842     -0.48672      2.09447     17.00000
     2.39000     -0.79342     -1.49374      1.98162     19.00000
     2.41000     -0.34690     -0.89538      2.22410     16.00000
     2.43000     -0.82785     -1.39831      1.99271     24.00000
     2.45000      0.00533     -0.48903      2.61192     15.00000
     2.47000     -2.35192     -1.68442      2.72933     18.00000
     2.49000     -0.17289      0.06952      0.76943     15.00000
     2.51000     -0.78225     -1.07703      2.71565     17.00000
     2.53000     -0.77048     -0.96347      2.17251     21.00000
     2.55000     -0.21004     -0.83585      2.95529     17.00000
     2.57000     -0.59320     -0.88191      2.11517     20.00000
     2.59000     -0.34829     -0.98550      2.36964     18.00000
     2.61000      0.29968     -0.58697      2.24903     14.00000
     2.63000     -0.54695     -0.78193      2.09602     21.00000
     2.65000      0.13607     -1.04474      2.50924     21.00000
     2.67000     -0.39846     -0.88583      1.74856     16.00000
     2.69000     -0.09403     -0.67295      2.29762     18.00000
     2.71000     -0.41096     -0.82121      1.88826     19.00000
     2.73000     -0.01431     -0.40160      2.32607     15.00000
     2.75000     -0.69224     -1.10962      1.95846     24.00000
     2.77000     -0.74128     -1.18205      2.55598     16.00000
     2.79000     -0.45210     -0.76628      2.23360     17.00000
     2.81000     -0.38065     -0.63899      1.72933     23.00000
     2.83000     -1.03548     -1.31662      2.12173     13.00000
     2.85000     -0.52833     -0.93503      2.32040     21.00000
     2.87000     -0.30254     -0.52564      2.10815     18.00000
     2.89000     -0.58873     -0.65411      1.79452     17.00000
     2.91000     -0.40137     -0.58277      1.86298     19.00000
     2.93000     -0.47802     -0.33604      1.64262     14.00000
     2.95000     -0.61110     -1.31816      2.52335     25.00000
     2.97000     -0.47407     -1.28738      3.19381     12.00000
     2.99000     -0.29926     -0.45241      1.48218     25.00000
     3.01000     -0.48059     -0.29804      2.26388     10.00000
     3.03000     -0.29557     -1.01942      2.59532     21.00000
     3.05000     -0.07887     -0.87738      2.89102     17.00000
     3.07000     -0.52211     -0.52313      1.67522     22.00000
     3.09000      0.22817     -0.21658      1.84508     17.00000
     3.11000     -0.14746     -0.87072      2.12418     15.00000
     3.13000     -0.12927     -0.34131      2.24336     19.00000
     3.15000      0.01863     -0.66601      2.20675     20.00000
     3.17000     -0.38814     -1.29779      3.07397     18.00000
     3.19000     -0.06789     -0.10363      1.65683     18.00000
     3.21000      0.15441      0.07520      1.71198     18.00000
     3.23000     -1.23464     -1.70654      3.53503     18.00000
     3.25000     -0.31226     -0.92888      2.01362     22.00000
     3.27000      0.00074     -0.23502      1.96257     16.00000
     3.29000     -0.45427     -1.30711      3.48261     19.00000
     3.31000      0.19838     -0.24358      1.95857     22.00000
     3.33000     -0.48356     -0.74620      1.85255     10.00000
     3.35000      0.02612     -0.73957      2.38522     23.00000
     3.37000      0.19055     -0.34445      2.81229     17.00000
     3.39000     -0.37843     -0.93402      1.79641     19.00000
     3.41000      0.17323     -0.41027      2.36926     16.00000
     3.43000     -0.39100     -1.09635      2.51752     24.00000
     3.45000      0.43981     -0.34649      2.49041     15.00000
     3.47000     -1.67097     -1.56237      2.09183     18.00000
     3.49000      0.16335     -0.06750      2.79884     17.00000
     3.51000     -1.24763     -1.22188      2.35990     17.00000
     3.53000      0.09097     -0.69662      1.86333     21.00000
     3.55000     -0.62303     -0.82226      2.61694     17.00000
     3.57000     -0.24831     -0.94052      2.67836     20.00000
     3.59000     -0.23474     -0.83679      2.49579     18.00000
     3.61000     -0.89412     -0.69682      1.75863     14.00000
     3.63000     -0.35420     -0.87851      2.92699     21.00000
     3.65000     -0.38815     -1.09961      2.46947     21.00000
     3.67000      0.06647     -0.28919      1.98885     16.00000
     3.69000     -0.79244     -1.31879      3.17419     19.00000
     3.71000     -0.32581     -0.88655      2.39284     19.00000
     3.73000      0.07883     -0.60391      2.52976     15.00000
     3.75000     -0.13151     -0.61088      2.18298     24.00000
     3.77000     -0.67320     -1.71116      3.58600     16.00000
     3.79000     -0.70597     -1.09205      2.68239     17.00000
     3.81000      0.19904     -0.51156      2.05461     23.00000
     3.83000     -0.98883     -1.63378      3.11887     13.00000
     3.85000      0.04845     -0.76601      2.65960     21.00000
     3.87000     -0.34047     -0.73517      2.54879     18.00000
     3.89000     -0.27066     -1.32907      2.79450     18.00000
     3.91000      0.00066     -0.32613      2.11669     19.00000
     3.93000      0.11472     -0.26662      2.01317     14.00000
     3.95000     -0.78708     -1.40845      2.71454     25.00000
     3.97000     -0.68484     -1.40299      3.03693     12.00000
     3.99000      0.18824      0.12084      1.83043     25.00000
     4.01000     -0.62680     -0.05322      2.43435      8.00000
     4.03000     -0.00992     -1.04881      2.55780     21.00000
     4.05000     -0.44877     -0.90801      2.86939     17.00000
     4.07000     -0.12540     -0.30250      2.00417     22.00000
     4.09000     -0.01015     -0.53906      2.81394     18.00000
     4.11000     -1.52367     -1.22779      2.37144     15.00000
     4.13000     -0.14566     -0.50606      2.37882     19.00000
     4.15000      0.09791     -0.53754      2.30905     20.00000
     4.17000     -0.24511     -1.06578      2.81851     18.00000
     4.19000     -0.19559     -0.46300      2.05927     18.00000
     4.21000      0.26212      0.30487      1.75368     18.00000
     4.23000     -2.21632     -1.83301      3.19269     18.00000
     4.25000     -0.07274     -0.47950      1.64035     22.00000
     4.27000     -0.71987     -0.55216      2.27452     16.00000
     4.29000     -0.45427     -1.04350      3.02420     19.00000
     4.31000      0.13227     -0.28391      2.19997     22.00000
     4.33000     -1.54695     -0.69671      1.77334     10.00000
     4.35000     -0.01485     -0.64948      2.52443     23.00000
     4.37000     -0.40868     -0.41047      2.67018     17.00000
     4.39000     -0.39744     -0.95440      2.04716     19.00000
     4.41000      0.02498     -0.37577      2.65210     16.00000
     4.43000     -0.47672     -0.98938      2.49039     24.00000
     4.45000      0.49148      0.14125      2.47962     15.00000
     4.47000     -1.51986     -1.66328      2.11908     18.00000
     4.49000      0.48114      0.34899      2.62405     17.00000
     4.51000     -1.35850     -0.82349      2.44535     15.00000
     4.53000     -0.17176     -0.46065      2.20229     21.00000
     4.55000     -0.20361     -0.49171      2.48630     17.00000
     4.57000     -0.61841     -0.54075      2.72015     20.00000
     4.59000     -0.11187     -0.75291      2.59549     18.00000
     4.61000     -0.86687     -0.24586      1.92602     14.00000
     4.63000     -0.38021     -0.56528      2.78103     21.00000
     4.65000     -0.05619     -0.47859      2.42865     21.00000
     4.67000     -0.21235     -0.37215      2.12893     16.00000
     4.69000     -0.26383     -0.80648      2.83301     19.00000
     4.71000      0.10068     -0.25474      2.09873     19.00000
     4.73000      0.00066     -0.15770      2.34109     15.00000
     4.75000      0.03710     -0.34685      1.83112     24.00000
     4.77000     -0.98133     -1.25143      3.04599     16.00000
     4.79000     -0.56121     -0.43538      2.37092     17.00000
     4.81000      0.05681      0.05261      1.63476     23.00000
     4.83000     -1.43864     -1.63843      2.83862     13.00000
     4.85000      0.01615     -0.28794      2.25524     21.00000
     4.87000     -0.40526     -0.28364      2.30291     18.00000
     4.89000     -0.06364     -0.84150      2.41507     18.00000
     4.91000      0.10412     -0.00369      2.35329     19.00000
     4.93000     -0.26010     -0.09426      1.91482     14.00000
     4.95000     -0.44885     -0.85145      2.36819     25.00000
     4.97000     -0.71826     -1.48924      2.75752     12.00000
     4.99000      0.49623      0.10234      1.76373     22.00000
