    -1.99000      0.05816      0.06528      0.03663     18.00000
    -1.97000      0.06196      0.07493      0.06033     18.00000
    -1.95000      0.06414      0.07318      0.05202     18.00000
    -1.93000      0.06216      0.06445      0.03470     18.00000
    -1.91000      0.05648      0.06516      0.03504     18.00000
    -1.89000      0.05712      0.06206      0.02103     18.00000
    -1.87000      0.05699      0.05618      0.01787     18.00000
    -1.85000      0.04345      0.05836      0.02827     18.00000
    -1.83000      0.06162      0.06351      0.02520     18.00000
    -1.81000      0.05863      0.05645      0.02137     18.00000
    -1.79000      0.05565      0.06279      0.02154     18.00000
    -1.77000      0.06463      0.06863      0.02582     18.00000
    -1.75000      0.06828      0.06894      0.02206     18.00000
    -1.73000      0.07557      0.08921      0.06004     18.00000
    -1.71000      0.07854      0.08913      0.05498     18.00000
    -1.69000      0.07861      0.09593      0.05848     18.00000
    -1.67000      0.07194      0.08320      0.03879     18.00000
    -1.65000      0.07223      0.07897      0.02928     18.00000
    -1.63000      0.06141      0.07116      0.02777     18.00000
    -1.61000      0.06006      0.06488      0.03271     18.00000
    -1.59000      0.06126      0.06558      0.02262     18.00000
    -1.57000      0.06123      0.06248      0.02129     18.00000
    -1.55000      0.06324      0.06229      0.02193     18.00000
    -1.53000      0.05929      0.06177      0.02500     18.00000
    -1.51000      0.05307      0.06216      0.02935     18.00000
    -1.49000      0.06654      0.06121      0.02357     18.00000
    -1.47000      0.05582      0.05648      0.01963     18.00000
    -1.45000      0.05360      0.06136      0.02772     18.00000
    -1.43000      0.05461      0.05702      0.02285     18.00000
    -1.41000      0.05987      0.06431      0.02820     18.00000
    -1.39000      0.06876      0.07714      0.03152     18.00000
    -1.37000      0.06345      0.06975      0.02694     18.00000
    -1.35000      0.06844      0.06768      0.02353     18.00000
    -1.33000      0.05623      0.06434      0.02542     18.00000
    -1.31000      0.05832      0.06156      0.01863     18.00000
    -1.29000      0.06613      0.06617      0.02282     18.00000
    -1.27000      0.06365      0.06753      0.02541     18.00000
    -1.25000      0.06484      0.06079      0.02621     18.00000
    -1.23000      0.05254      0.06207      0.02780     18.00000
    -1.21000      0.05070      0.06478      0.03360     18.00000
    -1.19000      0.05061      0.05976      0.02931     18.00000
    -1.17000      0.05348      0.05785      0.01923     18.00000
    -1.15000      0.05109      0.05744      0.01925     18.00000
    -1.13000      0.05861      0.05840      0.02774     18.00000
    -1.11000      0.05419      0.05871      0.02504     18.00000
    -1.09000      0.05303      0.05746      0.03068     18.00000
    -1.07000      0.05736      0.06122      0.03154     18.00000
    -1.05000      0.04967      0.05738      0.03546     18.00000
    -1.03000      0.04368      0.05029      0.02245     18.00000
    -1.01000      0.05757      0.05973      0.02954     18.00000
    -0.99000      0.05357      0.05411      0.02806     18.00000
    -0.97000      0.04820      0.05622      0.03193     18.00000
    -0.95000      0.05752      0.05642      0.02454     18.00000
    -0.93000      0.05615      0.05124      0.02470     18.00000
    -0.91000      0.04366      0.05211      0.02799     18.00000
    -0.89000      0.05416      0.05909      0.03231     18.00000
    -0.87000      0.05532      0.05756      0.02469     18.00000
    -0.85000      0.05619      0.05841      0.01882     18.00000
    -0.83000      0.06213      0.06075      0.01965     18.00000
    -0.81000      0.06479      0.06441      0.02530     18.00000
    -0.79000      0.06308      0.06555      0.02924     18.00000
    -0.77000      0.06878      0.06467      0.02795     18.00000
    -0.75000      0.06096      0.05947      0.02501     18.00000
    -0.73000      0.06139      0.06099      0.02278     18.00000
    -0.71000      0.06416      0.05964      0.02111     18.00000
    -0.69000      0.06265      0.06204      0.02099     18.00000
    -0.67000      0.07081      0.07839      0.05514     18.00000
    -0.65000      0.06891      0.07099      0.02510     18.00000
    -0.63000      0.06044      0.06639      0.03383     18.00000
    -0.61000      0.05689      0.06030      0.02817     18.00000
    -0.59000      0.05775      0.06125      0.03135     18.00000
    -0.57000      0.05690      0.06056      0.02896     18.00000
    -0.55000      0.04829      0.05868      0.03073     18.00000
    -0.53000      0.05553      0.06259      0.03792     18.00000
    -0.51000      0.05295      0.06291      0.04246     18.00000
    -0.49000      0.05657      0.06884      0.04944     18.00000
    -0.47000      0.05658      0.06587      0.04171     18.00000
    -0.45000      0.05342      0.06908      0.05748     18.00000
    -0.43000      0.06620      0.06864      0.03472     18.00000
    -0.41000      0.04723      0.05560      0.03096     18.00000
    -0.39000      0.05192      0.05798      0.03383     18.00000
    -0.37000      0.05044      0.05709      0.03286     18.00000
    -0.35000      0.05684      0.05921      0.03230     18.00000
    -0.33000      0.05334      0.05683      0.02861     18.00000
    -0.31000      0.05176      0.05674      0.03042     18.00000
    -0.29000      0.04918      0.06079      0.03661     18.00000
    -0.27000      0.05291      0.05809      0.02698     18.00000
    -0.25000      0.04358      0.06259      0.05386     18.00000
    -0.23000      0.03562      0.04795      0.02941     18.00000
    -0.21000      0.04857      0.05888      0.03967     18.00000
    -0.19000      0.05726      0.06327      0.04407     18.00000
    -0.17000      0.05013      0.06115      0.03544     18.00000
    -0.15000      0.05579      0.05566      0.02737     18.00000
    -0.13000      0.03708      0.04749      0.03082     18.00000
    -0.11000      0.04045      0.04461      0.02075     18.00000
    -0.09000      0.03840      0.04413      0.02494     18.00000
    -0.07000      0.05865      0.06048      0.03078     18.00000
    -0.05000      0.06333      0.06743      0.03430     18.00000
    -0.03000      0.05460      0.05669      0.02975     18.00000
    -0.01000      0.03645      0.05308      0.04092     18.00000
     0.01000      0.03236      0.04073      0.02270     18.00000
     0.03000      0.02784      0.04081      0.02724     18.00000
     0.05000      0.02659      0.02856      0.01014     18.00000
     0.07000      0.02128      0.02595      0.01446     18.00000
     0.09000      0.02499      0.02512      0.00804     18.00000
     0.11000      0.02221      0.02491      0.00979     18.00000
     0.13000      0.02102      0.02529      0.01100     18.00000
     0.15000      0.02399      0.03038      0.01741     18.00000
     0.17000      0.02268      0.02561      0.01132     18.00000
     0.19000      0.02353      0.02369      0.00782     18.00000
     0.21000      0.02220      0.02280      0.00870     18.00000
     0.23000      0.01903      0.02511      0.01425     18.00000
     0.25000      0.02102      0.02281      0.00982     18.00000
     0.27000      0.01828      0.02128      0.00893     18.00000
     0.29000      0.01826      0.02000      0.00916     18.00000
     0.31000      0.01780      0.02194      0.01319     18.00000
     0.33000      0.01710      0.01935      0.00883     18.00000
     0.35000      0.01730      0.02043      0.00965     18.00000
     0.37000      0.01768      0.01866      0.00693     18.00000
     0.39000      0.01829      0.02001      0.00743     18.00000
     0.41000      0.01844      0.01967      0.00802     18.00000
     0.43000      0.01683      0.01926      0.00673     18.00000
     0.45000      0.01619      0.01954      0.00868     18.00000
     0.47000      0.01583      0.02029      0.01008     18.00000
     0.49000      0.01499      0.01969      0.01028     18.00000
     0.51000      0.01610      0.01927      0.00726     18.00000
     0.53000      0.02318      0.02086      0.00713     18.00000
     0.55000      0.02069      0.01942      0.00711     18.00000
     0.57000      0.01776      0.01841      0.00568     18.00000
     0.59000      0.01870      0.01862      0.00621     18.00000
     0.61000      0.01558      0.01694      0.00571     18.00000
     0.63000      0.01743      0.01921      0.00782     18.00000
     0.65000      0.01781      0.02204      0.01162     18.00000
     0.67000      0.01737      0.01925      0.00614     18.00000
     0.69000      0.01884      0.01990      0.00592     18.00000
     0.71000      0.01891      0.01960      0.00546     18.00000
     0.73000      0.01938      0.01948      0.00630     18.00000
     0.75000      0.01977      0.02151      0.01007     18.00000
     0.77000      0.01762      0.01876      0.00704     18.00000
     0.79000      0.01809      0.02128      0.00938     18.00000
     0.81000      0.01792      0.02031      0.00762     18.00000
     0.83000      0.01707      0.01735      0.00682     18.00000
     0.85000      0.01696      0.02059      0.00993     18.00000
     0.87000      0.01971      0.02199      0.00947     18.00000
     0.89000      0.02058      0.02297      0.00897     18.00000
     0.91000      0.02029      0.02209      0.00779     18.00000
     0.93000      0.02166      0.02327      0.00942     18.00000
     0.95000      0.02456      0.02513      0.01208     18.00000
     0.97000      0.02809      0.02937      0.01309     18.00000
     0.99000      0.02943      0.03334      0.02100     18.00000
     1.01000      0.02922      0.03724      0.02404     18.00000
     1.03000      0.03894      0.04590      0.02924     18.00000
     1.05000      0.04495      0.04950      0.02821     18.00000
     1.07000      0.04700      0.05372      0.02885     18.00000
     1.09000      0.04142      0.05460      0.03284     18.00000
     1.11000      0.05045      0.05924      0.03134     18.00000
     1.13000      0.05608      0.06723      0.04446     18.00000
     1.15000      0.04985      0.05976      0.03777     18.00000
     1.17000      0.05571      0.05846      0.03506     18.00000
     1.19000      0.03752      0.04405      0.02285     18.00000
     1.21000      0.05120      0.05547      0.03171     18.00000
     1.23000      0.04783      0.05020      0.02324     18.00000
     1.25000      0.04313      0.04498      0.02155     18.00000
     1.27000      0.03892      0.04783      0.02893     18.00000
     1.29000      0.05373      0.05394      0.02752     18.00000
     1.31000      0.04978      0.05230      0.02618     18.00000
     1.33000      0.04981      0.05031      0.02240     18.00000
     1.35000      0.03989      0.04469      0.02287     18.00000
     1.37000      0.04538      0.04920      0.02237     18.00000
     1.39000      0.03942      0.05374      0.03564     18.00000
     1.41000      0.05844      0.05749      0.03090     18.00000
     1.43000      0.04451      0.04772      0.01957     18.00000
     1.45000      0.04480      0.05009      0.02470     18.00000
     1.47000      0.04550      0.05733      0.02852     18.00000
     1.49000      0.04706      0.05012      0.01983     18.00000
     1.51000      0.04276      0.04995      0.02263     18.00000
     1.53000      0.04115      0.04477      0.02004     18.00000
     1.55000      0.04672      0.04882      0.02138     18.00000
     1.57000      0.04259      0.04900      0.02497     18.00000
     1.59000      0.04122      0.04908      0.02923     18.00000
     1.61000      0.04675      0.04834      0.02265     18.00000
     1.63000      0.04846      0.05330      0.02809     18.00000
     1.65000      0.05492      0.05869      0.02368     18.00000
     1.67000      0.04971      0.05609      0.02546     18.00000
     1.69000      0.03998      0.05023      0.02846     18.00000
     1.71000      0.04166      0.05274      0.02519     18.00000
     1.73000      0.04689      0.05392      0.02832     18.00000
     1.75000      0.04604      0.05484      0.02923     18.00000
     1.77000      0.05248      0.06312      0.04422     18.00000
     1.79000      0.04850      0.06212      0.04105     18.00000
     1.81000      0.05297      0.06525      0.04343     18.00000
     1.83000      0.06295      0.06278      0.02589     18.00000
     1.85000      0.06379      0.06433      0.02907     18.00000
     1.87000      0.05741      0.06207      0.03289     18.00000
     1.89000      0.05249      0.05571      0.02503     18.00000
     1.91000      0.06397      0.06327      0.03158     18.00000
     1.93000      0.06005      0.06341      0.03009     18.00000
     1.95000      0.05006      0.05292      0.02257     18.00000
     1.97000      0.06163      0.05978      0.02583     18.00000
     1.99000      0.06084      0.05766      0.02821     18.00000
     2.01000      0.05311      0.05463      0.02543     18.00000
     2.03000      0.06072      0.06850      0.05483     18.00000
     2.05000      0.05128      0.06025      0.03383     18.00000
     2.07000      0.04877      0.04934      0.02847     18.00000
     2.09000      0.04511      0.04853      0.01929     18.00000
     2.11000      0.05805      0.05885      0.02776     18.00000
     2.13000      0.05744      0.05649      0.02511     18.00000
     2.15000      0.05884      0.06497      0.03252     18.00000
     2.17000      0.05192      0.06082      0.02708     18.00000
     2.19000      0.04272      0.04963      0.02583     18.00000
     2.21000      0.05088      0.05466      0.02680     18.00000
     2.23000      0.04790      0.05198      0.02288     18.00000
     2.25000      0.04686      0.04979      0.02108     18.00000
     2.27000      0.05920      0.06103      0.03132     18.00000
     2.29000      0.05598      0.05961      0.03077     18.00000
     2.31000      0.06040      0.05586      0.02318     18.00000
     2.33000      0.05129      0.05024      0.02302     18.00000
     2.35000      0.06436      0.06209      0.02705     18.00000
     2.37000      0.05623      0.05476      0.02065     18.00000
     2.39000      0.03699      0.04189      0.01819     18.00000
     2.41000      0.05043      0.04834      0.02019     18.00000
     2.43000      0.05964      0.05579      0.02241     18.00000
     2.45000      0.05971      0.05985      0.02806     18.00000
     2.47000      0.05978      0.05762      0.02507     18.00000
     2.49000      0.05251      0.05954      0.03588     18.00000
     2.51000      0.04628      0.05664      0.03026     18.00000
     2.53000      0.05842      0.05458      0.02666     18.00000
     2.55000      0.05744      0.05342      0.02765     18.00000
     2.57000      0.05581      0.05461      0.02708     18.00000
     2.59000      0.05866      0.05938      0.03278     18.00000
     2.61000      0.05961      0.06401      0.03828     18.00000
     2.63000      0.05061      0.05237      0.02731     18.00000
     2.65000      0.04806      0.04805      0.01995     18.00000
     2.67000      0.05278      0.04822      0.02054     18.00000
     2.69000      0.04826      0.05597      0.02945     18.00000
     2.71000      0.04667      0.05754      0.02816     18.00000
     2.73000      0.05469      0.06145      0.04021     18.00000
     2.75000      0.06568      0.06582      0.03465     18.00000
     2.77000      0.06772      0.06499      0.03518     18.00000
     2.79000      0.06478      0.06586      0.03595     18.00000
     2.81000      0.06030      0.07022      0.04230     18.00000
     2.83000      0.05966      0.06148      0.02666     18.00000
     2.85000      0.05886      0.05916      0.02171     18.00000
     2.87000      0.05858      0.06628      0.03504     18.00000
     2.89000      0.05608      0.06493      0.03183     18.00000
     2.91000      0.06112      0.06583      0.03350     18.00000
     2.93000      0.05373      0.07056      0.04616     18.00000
     2.95000      0.05146      0.06743      0.04116     18.00000
     2.97000      0.05018      0.06075      0.03053     18.00000
     2.99000      0.05936      0.06552      0.02735     18.00000
     3.01000      0.05919      0.06573      0.02745     18.00000
     3.03000      0.07004      0.06948      0.02741     18.00000
     3.05000      0.06231      0.07561      0.03741     18.00000
     3.07000      0.06730      0.07557      0.03882     18.00000
     3.09000      0.05875      0.06256      0.02518     18.00000
     3.11000      0.06276      0.06725      0.03359     18.00000
     3.13000      0.06846      0.07030      0.03217     18.00000
     3.15000      0.07118      0.07820      0.03985     18.00000
     3.17000      0.06278      0.06720      0.02445     18.00000
     3.19000      0.07330      0.07272      0.03739     18.00000
     3.21000      0.06486      0.07173      0.03812     18.00000
     3.23000      0.08511      0.07707      0.03926     18.00000
     3.25000      0.07643      0.07755      0.03805     18.00000
     3.27000      0.07043      0.07478      0.03576     18.00000
     3.29000      0.06034      0.07242      0.04105     18.00000
     3.31000      0.06829      0.07239      0.03897     18.00000
     3.33000      0.07560      0.07683      0.03656     18.00000
     3.35000      0.06715      0.07274      0.03085     18.00000
     3.37000      0.06914      0.07315      0.03346     18.00000
     3.39000      0.05876      0.06354      0.02766     18.00000
     3.41000      0.04501      0.05807      0.03196     18.00000
     3.43000      0.06012      0.06694      0.03561     18.00000
     3.45000      0.05258      0.06732      0.03769     18.00000
     3.47000      0.06063      0.07642      0.04256     18.00000
     3.49000      0.06220      0.07019      0.03637     18.00000
     3.51000      0.07978      0.07594      0.03323     18.00000
     3.53000      0.05514      0.06875      0.03070     18.00000
     3.55000      0.06400      0.06467      0.02649     18.00000
     3.57000      0.07142      0.07527      0.03372     18.00000
     3.59000      0.07086      0.07279      0.03913     18.00000
     3.61000      0.06318      0.07798      0.04311     18.00000
     3.63000      0.07518      0.07380      0.03120     18.00000
     3.65000      0.07028      0.07367      0.03200     18.00000
     3.67000      0.06538      0.06969      0.03569     18.00000
     3.69000      0.05909      0.06430      0.03715     18.00000
     3.71000      0.06903      0.06902      0.03888     18.00000
     3.73000      0.05530      0.06710      0.03876     18.00000
     3.75000      0.05642      0.06302      0.03289     18.00000
     3.77000      0.05722      0.06371      0.03007     18.00000
     3.79000      0.05869      0.06285      0.03127     18.00000
     3.81000      0.06086      0.06612      0.03764     18.00000
     3.83000      0.04694      0.05963      0.03797     18.00000
     3.85000      0.05147      0.07098      0.04298     18.00000
     3.87000      0.05658      0.05658      0.02664     18.00000
     3.89000      0.05459      0.05596      0.02800     18.00000
     3.91000      0.05240      0.06079      0.03450     18.00000
     3.93000      0.05595      0.05775      0.02262     18.00000
     3.95000      0.06519      0.06322      0.02895     18.00000
     3.97000      0.07755      0.07324      0.03312     18.00000
     3.99000      0.06041      0.06873      0.03505     18.00000
     4.01000      0.05004      0.05701      0.02577     18.00000
     4.03000      0.05180      0.06437      0.03936     18.00000
     4.05000      0.05690      0.06217      0.02847     18.00000
     4.07000      0.06281      0.06724      0.03485     18.00000
     4.09000      0.06378      0.07316      0.04467     18.00000
     4.11000      0.06861      0.07585      0.03506     18.00000
     4.13000      0.06653      0.07303      0.03517     18.00000
     4.15000      0.05902      0.06339      0.03260     18.00000
     4.17000      0.05483      0.06675      0.03796     18.00000
     4.19000      0.04824      0.06225      0.02977     18.00000
     4.21000      0.05838      0.05990      0.02839     18.00000
     4.23000      0.07070      0.06777      0.03394     18.00000
     4.25000      0.05148      0.06061      0.03291     18.00000
     4.27000      0.04631      0.06067      0.03471     18.00000
     4.29000      0.04484      0.06162      0.03586     18.00000
     4.31000      0.04763      0.06367      0.03681     18.00000
     4.33000      0.05420      0.06587      0.03472     18.00000
     4.35000      0.05580      0.06342      0.03413     18.00000
     4.37000      0.05426      0.06654      0.03541     18.00000
     4.39000      0.05510      0.06838      0.03778     18.00000
     4.41000      0.06466      0.07435      0.03459     18.00000
     4.43000      0.05779      0.06669      0.03393     18.00000
     4.45000      0.05814      0.06691      0.03074     18.00000
     4.47000      0.05312      0.06642      0.03287     18.00000
     4.49000      0.05489      0.07072      0.03773     18.00000
     4.51000      0.04432      0.07031      0.04535     18.00000
     4.53000      0.06870      0.07377      0.04197     18.00000
     4.55000      0.05378      0.06651      0.03436     18.00000
     4.57000      0.05445      0.06451      0.03567     18.00000
     4.59000      0.05369      0.07230      0.04632     18.00000
     4.61000      0.05999      0.07167      0.04053     18.00000
     4.63000      0.06082      0.06781      0.03733     18.00000
     4.65000      0.05600      0.07060      0.03838     18.00000
     4.67000      0.05968      0.06906      0.03565     18.00000
     4.69000      0.06216      0.07156      0.04442     18.00000
     4.71000      0.05976      0.07045      0.04347     18.00000
     4.73000      0.07053      0.06569      0.03168     18.00000
     4.75000      0.05673      0.06926      0.04272     18.00000
     4.77000      0.06753      0.07240      0.03903     18.00000
     4.79000      0.05335      0.07593      0.04294     18.00000
     4.81000      0.05976      0.06866      0.04213     18.00000
     4.83000      0.05799      0.06746      0.03260     18.00000
     4.85000      0.06310      0.06753      0.03536     18.00000
     4.87000      0.06335      0.07092      0.03227     18.00000
     4.89000      0.07254      0.07767      0.03347     18.00000
     4.91000      0.06156      0.06846      0.02711     18.00000
     4.93000      0.06691      0.07178      0.03122     18.00000
     4.95000      0.07175      0.07873      0.03264     18.00000
     4.97000      0.08564      0.07958      0.03550     18.00000
     4.99000      0.06370      0.07650      0.03740     18.00000
