    -1.99000      0.03912      0.04550      0.02035     13.00000
    -1.97000      0.04370      0.05300      0.02864     13.00000
    -1.95000      0.05432      0.06623      0.03847     13.00000
    -1.93000      0.04583      0.06566      0.04003     13.00000
    -1.91000      0.05371      0.06036      0.03392     13.00000
    -1.89000      0.05755      0.05714      0.03555     13.00000
    -1.87000      0.05477      0.06225      0.03905     13.00000
    -1.85000      0.04377      0.06029      0.03684     13.00000
    -1.83000      0.03461      0.06580      0.04749     13.00000
    -1.81000      0.05646      0.07386      0.04849     13.00000
    -1.79000      0.04647      0.07111      0.04645     13.00000
    -1.77000      0.05271      0.06061      0.03630     13.00000
    -1.75000      0.04798      0.06602      0.05080     13.00000
    -1.73000      0.04563      0.06933      0.07144     13.00000
    -1.71000      0.05777      0.06267      0.04350     13.00000
    -1.69000      0.05934      0.06266      0.03932     13.00000
    -1.67000      0.03802      0.06444      0.04561     13.00000
    -1.65000      0.04264      0.06127      0.03977     13.00000
    -1.63000      0.04570      0.06085      0.04001     13.00000
    -1.61000      0.04994      0.06231      0.04392     13.00000
    -1.59000      0.04422      0.04738      0.02093     13.00000
    -1.57000      0.04637      0.05827      0.03083     13.00000
    -1.55000      0.04668      0.05334      0.02941     13.00000
    -1.53000      0.06226      0.05613      0.02459     13.00000
    -1.51000      0.03960      0.04957      0.02780     13.00000
    -1.49000      0.05569      0.05829      0.03573     13.00000
    -1.47000      0.04339      0.05791      0.04253     13.00000
    -1.45000      0.05007      0.06564      0.04792     13.00000
    -1.43000      0.05231      0.06129      0.03766     13.00000
    -1.41000      0.04568      0.05174      0.02712     13.00000
    -1.39000      0.04406      0.04669      0.02402     13.00000
    -1.37000      0.04591      0.05629      0.03474     13.00000
    -1.35000      0.04608      0.05045      0.02546     13.00000
    -1.33000      0.05127      0.05521      0.02787     13.00000
    -1.31000      0.04228      0.05346      0.03409     13.00000
    -1.29000      0.04940      0.06207      0.06197     13.00000
    -1.27000      0.04063      0.05557      0.03496     13.00000
    -1.25000      0.04688      0.05555      0.03141     13.00000
    -1.23000      0.04766      0.05557      0.02859     13.00000
    -1.21000      0.06727      0.06644      0.03396     13.00000
    -1.19000      0.06123      0.06453      0.03972     13.00000
    -1.17000      0.05117      0.05762      0.03388     13.00000
    -1.15000      0.05776      0.06715      0.04903     13.00000
    -1.13000      0.04953      0.07117      0.05798     13.00000
    -1.11000      0.05551      0.06266      0.02794     13.00000
    -1.09000      0.04982      0.06930      0.03980     13.00000
    -1.07000      0.04894      0.05245      0.01911     13.00000
    -1.05000      0.04541      0.04657      0.02102     13.00000
    -1.03000      0.04358      0.05244      0.02144     13.00000
    -1.01000      0.05272      0.06131      0.03455     13.00000
    -0.99000      0.05012      0.04479      0.01720     13.00000
    -0.97000      0.04741      0.04956      0.01802     13.00000
    -0.95000      0.04285      0.05205      0.02461     13.00000
    -0.93000      0.04382      0.04726      0.01689     13.00000
    -0.91000      0.05111      0.05354      0.01861     13.00000
    -0.89000      0.06434      0.05834      0.01830     13.00000
    -0.87000      0.06370      0.05848      0.01933     13.00000
    -0.85000      0.06343      0.06447      0.02046     13.00000
    -0.83000      0.06129      0.06210      0.02425     13.00000
    -0.81000      0.07160      0.06630      0.02525     13.00000
    -0.79000      0.07157      0.06548      0.02738     13.00000
    -0.77000      0.08500      0.08560      0.04708     13.00000
    -0.75000      0.06594      0.06713      0.03008     13.00000
    -0.73000      0.06869      0.08235      0.04897     13.00000
    -0.71000      0.08868      0.08562      0.04057     13.00000
    -0.69000      0.07713      0.07652      0.02341     13.00000
    -0.67000      0.06820      0.07483      0.02548     13.00000
    -0.65000      0.06309      0.07111      0.02586     13.00000
    -0.63000      0.07643      0.08236      0.02261     13.00000
    -0.61000      0.07241      0.08192      0.03507     13.00000
    -0.59000      0.06591      0.07379      0.03924     13.00000
    -0.57000      0.07010      0.06820      0.03470     13.00000
    -0.55000      0.06735      0.06430      0.03481     13.00000
    -0.53000      0.07544      0.08232      0.04561     13.00000
    -0.51000      0.06837      0.07637      0.03435     13.00000
    -0.49000      0.07341      0.08364      0.03887     13.00000
    -0.47000      0.08093      0.08303      0.03754     13.00000
    -0.45000      0.08599      0.08789      0.03660     13.00000
    -0.43000      0.07362      0.07613      0.03117     13.00000
    -0.41000      0.06438      0.07025      0.03488     13.00000
    -0.39000      0.04447      0.06787      0.05316     13.00000
    -0.37000      0.06411      0.06804      0.03623     13.00000
    -0.35000      0.04308      0.06195      0.05813     13.00000
    -0.33000      0.04715      0.05489      0.03373     13.00000
    -0.31000      0.04809      0.06289      0.03370     13.00000
    -0.29000      0.04395      0.05715      0.03152     13.00000
    -0.27000      0.05053      0.05570      0.02140     13.00000
    -0.25000      0.04352      0.05455      0.02605     13.00000
    -0.23000      0.04863      0.04745      0.01847     13.00000
    -0.21000      0.04670      0.04208      0.01750     13.00000
    -0.19000      0.04664      0.05193      0.02287     13.00000
    -0.17000      0.04377      0.05538      0.04318     13.00000
    -0.15000      0.04197      0.04353      0.01686     13.00000
    -0.13000      0.03512      0.04614      0.02893     13.00000
    -0.11000      0.04232      0.04961      0.03037     13.00000
    -0.09000      0.03850      0.04359      0.01924     13.00000
    -0.07000      0.03630      0.04609      0.01996     13.00000
    -0.05000      0.04429      0.04368      0.01559     13.00000
    -0.03000      0.04362      0.05237      0.03317     13.00000
    -0.01000      0.04568      0.04789      0.02656     13.00000
     0.01000      0.05317      0.05584      0.03230     13.00000
     0.03000      0.04447      0.05317      0.03476     13.00000
     0.05000      0.03404      0.06110      0.05512     13.00000
     0.07000      0.03773      0.04553      0.02720     13.00000
     0.09000      0.02357      0.03653      0.02412     13.00000
     0.11000      0.02489      0.03976      0.03356     13.00000
     0.13000      0.02757      0.03274      0.02539     13.00000
     0.15000      0.02949      0.02810      0.01300     13.00000
     0.17000      0.02337      0.02448      0.00827     13.00000
     0.19000      0.02905      0.02621      0.00872     13.00000
     0.21000      0.02583      0.02923      0.01373     13.00000
     0.23000      0.02877      0.02821      0.00908     13.00000
     0.25000      0.02818      0.02695      0.00867     13.00000
     0.27000      0.02419      0.02401      0.00466     13.00000
     0.29000      0.02455      0.02460      0.00610     13.00000
     0.31000      0.02255      0.02576      0.00986     13.00000
     0.33000      0.02153      0.02276      0.00516     13.00000
     0.35000      0.02150      0.02256      0.00714     13.00000
     0.37000      0.01862      0.02199      0.00868     13.00000
     0.39000      0.01848      0.02420      0.01159     13.00000
     0.41000      0.02495      0.03114      0.01625     13.00000
     0.43000      0.02660      0.02540      0.00894     13.00000
     0.45000      0.02420      0.02624      0.00830     13.00000
     0.47000      0.02380      0.02675      0.01084     13.00000
     0.49000      0.02451      0.02557      0.01064     13.00000
     0.51000      0.02390      0.02495      0.01056     13.00000
     0.53000      0.02237      0.02695      0.01017     13.00000
     0.55000      0.02508      0.03051      0.01476     13.00000
     0.57000      0.02504      0.03125      0.01431     13.00000
     0.59000      0.02207      0.02953      0.01744     13.00000
     0.61000      0.02226      0.02804      0.02032     13.00000
     0.63000      0.02224      0.03148      0.02571     13.00000
     0.65000      0.01893      0.02446      0.01300     13.00000
     0.67000      0.02010      0.02644      0.01446     13.00000
     0.69000      0.01972      0.02627      0.01469     13.00000
     0.71000      0.02377      0.02391      0.00985     13.00000
     0.73000      0.02247      0.02362      0.01003     13.00000
     0.75000      0.02672      0.02815      0.01496     13.00000
     0.77000      0.02740      0.02662      0.01431     13.00000
     0.79000      0.02698      0.02514      0.00995     13.00000
     0.81000      0.02561      0.02444      0.00924     13.00000
     0.83000      0.02492      0.02504      0.00712     13.00000
     0.85000      0.02588      0.02958      0.01001     13.00000
     0.87000      0.02893      0.02970      0.01057     13.00000
     0.89000      0.02381      0.02695      0.00923     13.00000
     0.91000      0.02664      0.03233      0.01634     13.00000
     0.93000      0.02660      0.03371      0.01889     13.00000
     0.95000      0.02948      0.03393      0.01989     13.00000
     0.97000      0.02869      0.03665      0.02441     13.00000
     0.99000      0.03214      0.04550      0.03122     13.00000
     1.01000      0.04326      0.05636      0.04881     13.00000
     1.03000      0.03723      0.04780      0.03120     13.00000
     1.05000      0.05502      0.05571      0.02813     13.00000
     1.07000      0.04679      0.05529      0.02627     13.00000
     1.09000      0.03958      0.04424      0.02557     13.00000
     1.11000      0.05149      0.04851      0.02002     13.00000
     1.13000      0.04075      0.05139      0.04376     13.00000
     1.15000      0.04388      0.05059      0.02866     13.00000
     1.17000      0.02928      0.04402      0.02594     13.00000
     1.19000      0.03273      0.04538      0.02798     13.00000
     1.21000      0.03413      0.05963      0.04575     13.00000
     1.23000      0.06142      0.05681      0.02858     13.00000
     1.25000      0.04943      0.05151      0.02520     13.00000
     1.27000      0.05322      0.05111      0.02505     13.00000
     1.29000      0.05536      0.05840      0.02721     13.00000
     1.31000      0.05837      0.05478      0.02837     13.00000
     1.33000      0.05087      0.06283      0.03539     13.00000
     1.35000      0.06358      0.06572      0.03457     13.00000
     1.37000      0.06716      0.05830      0.03194     13.00000
     1.39000      0.05305      0.05346      0.02829     13.00000
     1.41000      0.06090      0.05986      0.03178     13.00000
     1.43000      0.06211      0.06338      0.03550     13.00000
     1.45000      0.06054      0.06730      0.03780     13.00000
     1.47000      0.05694      0.07048      0.04627     13.00000
     1.49000      0.06592      0.07656      0.05164     13.00000
     1.51000      0.04859      0.06242      0.04147     13.00000
     1.53000      0.05974      0.05253      0.02573     13.00000
     1.55000      0.07906      0.07740      0.05456     13.00000
     1.57000      0.06344      0.06464      0.03855     13.00000
     1.59000      0.05968      0.07246      0.04001     13.00000
     1.61000      0.05268      0.05633      0.02454     13.00000
     1.63000      0.04252      0.04504      0.02256     13.00000
     1.65000      0.04954      0.05203      0.02493     13.00000
     1.67000      0.05510      0.05642      0.03550     13.00000
     1.69000      0.05100      0.05055      0.02507     13.00000
     1.71000      0.05620      0.06129      0.03037     13.00000
     1.73000      0.06503      0.06361      0.03295     13.00000
     1.75000      0.05737      0.06023      0.03203     13.00000
     1.77000      0.05952      0.06289      0.03127     13.00000
     1.79000      0.04808      0.05696      0.02173     13.00000
     1.81000      0.05799      0.07230      0.04128     13.00000
     1.83000      0.05699      0.06461      0.03499     13.00000
     1.85000      0.06093      0.06846      0.03591     13.00000
     1.87000      0.07598      0.07756      0.04082     13.00000
     1.89000      0.05023      0.06299      0.03038     13.00000
     1.91000      0.05951      0.06102      0.03340     13.00000
     1.93000      0.05301      0.06873      0.04324     13.00000
     1.95000      0.04607      0.05631      0.03281     13.00000
     1.97000      0.05244      0.06292      0.03524     13.00000
     1.99000      0.06379      0.06661      0.03335     13.00000
     2.01000      0.06031      0.06452      0.03030     13.00000
     2.03000      0.05070      0.06247      0.03963     13.00000
     2.05000      0.05629      0.06072      0.03726     13.00000
     2.07000      0.06257      0.06703      0.03295     13.00000
     2.09000      0.06215      0.06409      0.02856     13.00000
     2.11000      0.06131      0.06652      0.03125     13.00000
     2.13000      0.07397      0.07440      0.03487     13.00000
     2.15000      0.05338      0.08164      0.04297     13.00000
     2.17000      0.06469      0.07940      0.04617     13.00000
     2.19000      0.06305      0.08402      0.05173     13.00000
     2.21000      0.07591      0.08680      0.05148     13.00000
     2.23000      0.07264      0.07892      0.04952     13.00000
     2.25000      0.07203      0.06971      0.02835     13.00000
     2.27000      0.08201      0.07972      0.03395     13.00000
     2.29000      0.08328      0.08011      0.02851     13.00000
     2.31000      0.07232      0.07422      0.03103     13.00000
     2.33000      0.05462      0.06248      0.03300     13.00000
     2.35000      0.07066      0.06722      0.04106     13.00000
     2.37000      0.06259      0.06734      0.03759     13.00000
     2.39000      0.05473      0.06252      0.02389     13.00000
     2.41000      0.05962      0.06576      0.03254     13.00000
     2.43000      0.06184      0.06618      0.03320     13.00000
     2.45000      0.07011      0.07363      0.03920     13.00000
     2.47000      0.06594      0.06969      0.03310     13.00000
     2.49000      0.07490      0.06779      0.03109     13.00000
     2.51000      0.05602      0.06381      0.02913     13.00000
     2.53000      0.07016      0.06891      0.01935     13.00000
     2.55000      0.06826      0.07650      0.04238     13.00000
     2.57000      0.06647      0.07901      0.04025     13.00000
     2.59000      0.08717      0.08353      0.03450     13.00000
     2.61000      0.07366      0.07969      0.03597     13.00000
     2.63000      0.09170      0.07962      0.03094     13.00000
     2.65000      0.07845      0.07189      0.03541     13.00000
     2.67000      0.08761      0.07618      0.03631     13.00000
     2.69000      0.06976      0.08232      0.04238     13.00000
     2.71000      0.07200      0.08576      0.04604     13.00000
     2.73000      0.07360      0.08208      0.04070     13.00000
     2.75000      0.06557      0.06901      0.02448     13.00000
     2.77000      0.06757      0.06656      0.02578     13.00000
     2.79000      0.07882      0.07682      0.03962     13.00000
     2.81000      0.06000      0.07264      0.03111     13.00000
     2.83000      0.09480      0.08868      0.03594     13.00000
     2.85000      0.07269      0.06877      0.02307     13.00000
     2.87000      0.05552      0.06635      0.02931     13.00000
     2.89000      0.06806      0.07103      0.02683     13.00000
     2.91000      0.06494      0.06666      0.02837     13.00000
     2.93000      0.06774      0.06553      0.02388     13.00000
     2.95000      0.06523      0.07684      0.04332     13.00000
     2.97000      0.07623      0.07298      0.03946     13.00000
     2.99000      0.06908      0.07168      0.03474     13.00000
     3.01000      0.06229      0.06059      0.01899     13.00000
     3.03000      0.05649      0.06525      0.03029     13.00000
     3.05000      0.06379      0.06418      0.02701     13.00000
     3.07000      0.06078      0.06469      0.02797     13.00000
     3.09000      0.07133      0.07689      0.04445     13.00000
     3.11000      0.06635      0.07549      0.03900     13.00000
     3.13000      0.05575      0.07138      0.04585     13.00000
     3.15000      0.05895      0.06055      0.02133     13.00000
     3.17000      0.06194      0.06471      0.02978     13.00000
     3.19000      0.06462      0.06968      0.03333     13.00000
     3.21000      0.05474      0.06391      0.03246     13.00000
     3.23000      0.06314      0.06294      0.02650     13.00000
     3.25000      0.04713      0.06453      0.03615     13.00000
     3.27000      0.05849      0.05999      0.02113     13.00000
     3.29000      0.04659      0.05685      0.02656     13.00000
     3.31000      0.05890      0.05886      0.02352     13.00000
     3.33000      0.04866      0.05373      0.02418     13.00000
     3.35000      0.06588      0.06811      0.03130     13.00000
     3.37000      0.07915      0.07560      0.03350     13.00000
     3.39000      0.06822      0.07137      0.02906     13.00000
     3.41000      0.06703      0.08198      0.05123     13.00000
     3.43000      0.06581      0.06633      0.02464     13.00000
     3.45000      0.05323      0.06711      0.03077     13.00000
     3.47000      0.05005      0.06735      0.04431     13.00000
     3.49000      0.05676      0.06813      0.03941     13.00000
     3.51000      0.06431      0.06969      0.03761     13.00000
     3.53000      0.06945      0.07500      0.03192     13.00000
     3.55000      0.06711      0.06908      0.02708     13.00000
     3.57000      0.06086      0.06200      0.02794     13.00000
     3.59000      0.05511      0.06515      0.03251     13.00000
     3.61000      0.05498      0.06706      0.03526     13.00000
     3.63000      0.05229      0.06094      0.02821     13.00000
     3.65000      0.05458      0.05545      0.02126     13.00000
     3.67000      0.05221      0.05949      0.02615     13.00000
     3.69000      0.06277      0.06383      0.03172     13.00000
     3.71000      0.05733      0.07039      0.03426     13.00000
     3.73000      0.05275      0.06464      0.02980     13.00000
     3.75000      0.05947      0.06335      0.02860     13.00000
     3.77000      0.05802      0.06690      0.03366     13.00000
     3.79000      0.06240      0.07125      0.03455     13.00000
     3.81000      0.05645      0.06802      0.03660     13.00000
     3.83000      0.06047      0.07617      0.04371     13.00000
     3.85000      0.07715      0.07575      0.03132     13.00000
     3.87000      0.06505      0.06967      0.03001     13.00000
     3.89000      0.06089      0.06444      0.02919     13.00000
     3.91000      0.07529      0.07394      0.03910     13.00000
     3.93000      0.05965      0.07547      0.04586     13.00000
     3.95000      0.07310      0.07783      0.03511     13.00000
     3.97000      0.08126      0.07452      0.03389     13.00000
     3.99000      0.06158      0.06701      0.03123     13.00000
     4.01000      0.06511      0.07443      0.03489     13.00000
     4.03000      0.06247      0.08122      0.05520     13.00000
     4.05000      0.06663      0.06766      0.03727     13.00000
     4.07000      0.08133      0.08032      0.05001     13.00000
     4.09000      0.05883      0.07434      0.05073     13.00000
     4.11000      0.07035      0.06211      0.03609     13.00000
     4.13000      0.05292      0.07080      0.04989     13.00000
     4.15000      0.07288      0.07528      0.04437     13.00000
     4.17000      0.06494      0.07065      0.04132     13.00000
     4.19000      0.05415      0.07027      0.04542     13.00000
     4.21000      0.06247      0.06473      0.02984     13.00000
     4.23000      0.04760      0.06535      0.03883     13.00000
     4.25000      0.06539      0.07077      0.04384     13.00000
     4.27000      0.04694      0.06591      0.04147     13.00000
     4.29000      0.05891      0.06008      0.03701     13.00000
     4.31000      0.05047      0.05721      0.03760     13.00000
     4.33000      0.04520      0.06016      0.03762     13.00000
     4.35000      0.05847      0.05893      0.02046     13.00000
     4.37000      0.06009      0.05545      0.02185     13.00000
     4.39000      0.05225      0.05719      0.02563     13.00000
     4.41000      0.05767      0.06104      0.02728     13.00000
     4.43000      0.05868      0.06865      0.03220     13.00000
     4.45000      0.06548      0.07051      0.03880     13.00000
     4.47000      0.05132      0.05869      0.02470     13.00000
     4.49000      0.06446      0.06763      0.03137     13.00000
     4.51000      0.06103      0.07174      0.03532     13.00000
     4.53000      0.06197      0.07224      0.04155     13.00000
     4.55000      0.05441      0.06623      0.03351     13.00000
     4.57000      0.05483      0.08114      0.05689     13.00000
     4.59000      0.05897      0.07371      0.04079     13.00000
     4.61000      0.05834      0.06927      0.03144     13.00000
     4.63000      0.05495      0.06575      0.03086     13.00000
     4.65000      0.04975      0.07077      0.04125     13.00000
     4.67000      0.05319      0.06775      0.04318     13.00000
     4.69000      0.05870      0.05564      0.02326     13.00000
     4.71000      0.05128      0.05853      0.03327     13.00000
     4.73000      0.05405      0.06816      0.04038     13.00000
     4.75000      0.06708      0.06499      0.02691     13.00000
     4.77000      0.05927      0.06290      0.03601     13.00000
     4.79000      0.05335      0.05704      0.02674     13.00000
     4.81000      0.05122      0.06413      0.03774     13.00000
     4.83000      0.04714      0.06000      0.03746     13.00000
     4.85000      0.04023      0.07264      0.04909     13.00000
     4.87000      0.04860      0.07084      0.04832     13.00000
     4.89000      0.05356      0.07401      0.04661     13.00000
     4.91000      0.05937      0.07448      0.04501     13.00000
     4.93000      0.06574      0.07825      0.04267     13.00000
     4.95000      0.04549      0.06748      0.03914     13.00000
     4.97000      0.05547      0.07054      0.03987     13.00000
     4.99000      0.05901      0.07870      0.05426     13.00000
