    -1.99000      0.02016      0.02561      0.01721     11.00000
    -1.97000      0.01920      0.02694      0.01784     11.00000
    -1.95000      0.02464      0.02854      0.01755     11.00000
    -1.93000      0.02269      0.02847      0.01706     11.00000
    -1.91000      0.02151      0.02800      0.01698     11.00000
    -1.89000      0.02392      0.02787      0.01651     10.00000
    -1.87000      0.02746      0.02906      0.01746     10.00000
    -1.85000      0.03116      0.02926      0.01575     10.00000
    -1.83000      0.02761      0.03025      0.01720     10.00000
    -1.81000      0.02431      0.02773      0.01515     10.00000
    -1.79000      0.02499      0.02735      0.01443     10.00000
    -1.77000      0.02201      0.02953      0.01714     10.00000
    -1.75000      0.02334      0.02653      0.01393     10.00000
    -1.73000      0.02364      0.02705      0.01457     11.00000
    -1.71000      0.02184      0.02766      0.01402     11.00000
    -1.69000      0.02448      0.02830      0.01656     11.00000
    -1.67000      0.02194      0.03082      0.01950     11.00000
    -1.65000      0.02014      0.03004      0.01977     11.00000
    -1.63000      0.01931      0.03052      0.02169     11.00000
    -1.61000      0.02044      0.03328      0.02526     11.00000
    -1.59000      0.02365      0.03155      0.02024     11.00000
    -1.57000      0.02409      0.02776      0.01509     11.00000
    -1.55000      0.02513      0.02971      0.01515     11.00000
    -1.53000      0.02146      0.02851      0.01475     11.00000
    -1.51000      0.02226      0.02658      0.01397     11.00000
    -1.49000      0.02032      0.02692      0.01395     11.00000
    -1.47000      0.02168      0.02869      0.01663     11.00000
    -1.45000      0.02163      0.02882      0.01669     11.00000
    -1.43000      0.01960      0.02811      0.01526     11.00000
    -1.41000      0.02082      0.02890      0.01533     11.00000
    -1.39000      0.02069      0.03117      0.01761     10.00000
    -1.37000      0.02044      0.02915      0.01734     11.00000
    -1.35000      0.01911      0.02677      0.01708     10.00000
    -1.33000      0.02201      0.02816      0.01596     11.00000
    -1.31000      0.01975      0.02749      0.01606     11.00000
    -1.29000      0.02065      0.02927      0.01757     11.00000
    -1.27000      0.02180      0.02875      0.01801     11.00000
    -1.25000      0.02133      0.03045      0.01991     11.00000
    -1.23000      0.02047      0.03040      0.01852     11.00000
    -1.21000      0.02030      0.03024      0.01823     11.00000
    -1.19000      0.02114      0.03271      0.02252     11.00000
    -1.17000      0.02500      0.03475      0.02510     11.00000
    -1.15000      0.02917      0.03219      0.01810     11.00000
    -1.13000      0.02500      0.02852      0.01482     11.00000
    -1.11000      0.02289      0.02683      0.01564     11.00000
    -1.09000      0.02312      0.02675      0.01519     11.00000
    -1.07000      0.02104      0.02588      0.01547     11.00000
    -1.05000      0.02125      0.02705      0.01918     11.00000
    -1.03000      0.02245      0.02858      0.01967     11.00000
    -1.01000      0.02238      0.02911      0.02111     10.00000
    -0.99000      0.02143      0.02845      0.01838     10.00000
    -0.97000      0.02308      0.02544      0.01498     11.00000
    -0.95000      0.02222      0.02657      0.01671     11.00000
    -0.93000      0.02065      0.02595      0.01593     11.00000
    -0.91000      0.02336      0.02634      0.01592     11.00000
    -0.89000      0.02170      0.02546      0.01687     11.00000
    -0.87000      0.02267      0.02703      0.01741     10.00000
    -0.85000      0.02094      0.02610      0.01467     11.00000
    -0.83000      0.02125      0.02548      0.01333     11.00000
    -0.81000      0.02342      0.02196      0.00755     10.00000
    -0.79000      0.02701      0.02702      0.01577     11.00000
    -0.77000      0.02851      0.02616      0.01354     11.00000
    -0.75000      0.02806      0.02882      0.01713     11.00000
    -0.73000      0.02318      0.02510      0.01418     11.00000
    -0.71000      0.01940      0.02430      0.01401     11.00000
    -0.69000      0.01810      0.02347      0.01298     11.00000
    -0.67000      0.02340      0.02682      0.01789     11.00000
    -0.65000      0.02297      0.02862      0.01859     11.00000
    -0.63000      0.02144      0.02621      0.01523     11.00000
    -0.61000      0.02934      0.02738      0.01599     11.00000
    -0.59000      0.02085      0.02719      0.01613     11.00000
    -0.57000      0.01965      0.02617      0.01596     11.00000
    -0.55000      0.02050      0.02744      0.01617     11.00000
    -0.53000      0.01901      0.02744      0.01628     11.00000
    -0.51000      0.02432      0.02755      0.01603     11.00000
    -0.49000      0.02673      0.02922      0.01774     11.00000
    -0.47000      0.02481      0.02945      0.01751     11.00000
    -0.45000      0.02674      0.03010      0.01899     11.00000
    -0.43000      0.02677      0.02981      0.01793     11.00000
    -0.41000      0.02827      0.02836      0.01794     11.00000
    -0.39000      0.02910      0.02944      0.01707     11.00000
    -0.37000      0.02680      0.02887      0.01737     11.00000
    -0.35000      0.02839      0.03219      0.01935     10.00000
    -0.33000      0.02827      0.03026      0.01921     11.00000
    -0.31000      0.02660      0.03003      0.02155     11.00000
    -0.29000      0.03061      0.02981      0.02188     11.00000
    -0.27000      0.03314      0.03085      0.02118     11.00000
    -0.25000      0.03576      0.03257      0.02358     11.00000
    -0.23000      0.03551      0.03330      0.02360     11.00000
    -0.21000      0.03286      0.03325      0.02324     11.00000
    -0.19000      0.03069      0.03262      0.02211     11.00000
    -0.17000      0.03483      0.03276      0.02301     11.00000
    -0.15000      0.03385      0.03362      0.02140     11.00000
    -0.13000      0.03261      0.03212      0.01840     11.00000
    -0.11000      0.03800      0.03504      0.01765     11.00000
    -0.09000      0.03446      0.03408      0.01968     11.00000
    -0.07000      0.03862      0.03521      0.02032     11.00000
    -0.05000      0.04001      0.03537      0.01890     11.00000
    -0.03000      0.04636      0.04015      0.02465     11.00000
    -0.01000      0.03881      0.03956      0.02597     11.00000
     0.01000      0.02641      0.03513      0.02557     11.00000
     0.03000      0.03383      0.03637      0.02654     11.00000
     0.05000      0.02921      0.03429      0.02544     11.00000
     0.07000      0.02700      0.03318      0.02623     11.00000
     0.09000      0.02712      0.03406      0.02683     11.00000
     0.11000      0.03221      0.03878      0.02860     11.00000
     0.13000      0.02966      0.03523      0.02445     11.00000
     0.15000      0.03386      0.03856      0.02586     11.00000
     0.17000      0.03574      0.04262      0.02771     10.00000
     0.19000      0.02956      0.04003      0.02775     11.00000
     0.21000      0.02892      0.03810      0.02752     11.00000
     0.23000      0.02380      0.03597      0.02744     11.00000
     0.25000      0.03188      0.03306      0.02119     11.00000
     0.27000      0.02777      0.03329      0.02177     10.00000
     0.29000      0.02724      0.03136      0.02279     11.00000
     0.31000      0.02974      0.03227      0.02211     11.00000
     0.33000      0.02665      0.03229      0.02156     11.00000
     0.35000      0.02506      0.03789      0.02571     11.00000
     0.37000      0.02530      0.03961      0.02572     11.00000
     0.39000      0.03016      0.03569      0.02569     11.00000
     0.41000      0.02780      0.03728      0.02976     11.00000
     0.43000      0.02749      0.03776      0.02997     11.00000
     0.45000      0.02411      0.03335      0.02497     11.00000
     0.47000      0.02877      0.03291      0.02460     11.00000
     0.49000      0.03534      0.03691      0.02944     11.00000
     0.51000      0.03016      0.03566      0.02751     11.00000
     0.53000      0.03459      0.03962      0.02853     11.00000
     0.55000      0.04004      0.04430      0.03271     10.00000
     0.57000      0.03064      0.03907      0.03231     11.00000
     0.59000      0.02953      0.03981      0.02941     11.00000
     0.61000      0.03294      0.04360      0.03680     11.00000
     0.63000      0.02969      0.05067      0.05112     11.00000
     0.65000      0.02631      0.05218      0.05527     11.00000
     0.67000      0.02666      0.04768      0.04634     11.00000
     0.69000      0.02976      0.05003      0.05121     11.00000
     0.71000      0.03415      0.05221      0.05053     11.00000
     0.73000      0.02792      0.04189      0.03648     11.00000
     0.75000      0.02893      0.05655      0.07024     11.00000
     0.77000      0.03302      0.04699      0.03568     11.00000
     0.79000      0.03661      0.05317      0.03917     11.00000
     0.81000      0.04118      0.05678      0.04515     11.00000
     0.83000      0.03607      0.05336      0.04059     11.00000
     0.85000      0.03080      0.04716      0.03416     11.00000
     0.87000      0.04579      0.04328      0.02870     11.00000
     0.89000      0.04966      0.04916      0.03055     11.00000
     0.91000      0.03627      0.05320      0.03233     11.00000
     0.93000      0.04279      0.05899      0.04144     11.00000
     0.95000      0.06000      0.05437      0.03812     11.00000
     0.97000      0.04738      0.05326      0.03401     11.00000
     0.99000      0.05090      0.05622      0.04326     11.00000
     1.01000      0.05024      0.06032      0.05272     11.00000
     1.03000      0.04395      0.05934      0.04467     11.00000
     1.05000      0.03431      0.05869      0.05092     11.00000
     1.07000      0.03551      0.04845      0.03749     11.00000
     1.09000      0.03528      0.04511      0.03078     11.00000
     1.11000      0.03666      0.04785      0.03684     11.00000
     1.13000      0.03740      0.04566      0.03360     11.00000
     1.15000      0.03250      0.04148      0.02926     11.00000
     1.17000      0.03933      0.04108      0.02861     11.00000
     1.19000      0.03843      0.04486      0.03262     11.00000
     1.21000      0.04318      0.05004      0.03569     11.00000
     1.23000      0.03949      0.04582      0.03274     11.00000
     1.25000      0.04338      0.04378      0.02730     11.00000
     1.27000      0.04813      0.04590      0.02600     11.00000
     1.29000      0.05344      0.04515      0.02328     11.00000
     1.31000      0.04860      0.04432      0.02735     11.00000
     1.33000      0.04994      0.04395      0.02465     11.00000
     1.35000      0.05293      0.04705      0.02333     10.00000
     1.37000      0.04841      0.04514      0.02469     10.00000
     1.39000      0.04771      0.04401      0.02174     10.00000
     1.41000      0.04566      0.04852      0.02557     10.00000
     1.43000      0.04151      0.04993      0.02828     10.00000
     1.45000      0.03774      0.04435      0.02809     11.00000
     1.47000      0.04488      0.04546      0.02778     11.00000
     1.49000      0.04134      0.05043      0.03289     11.00000
     1.51000      0.04641      0.04572      0.02760     11.00000
     1.53000      0.03803      0.04368      0.02548     11.00000
     1.55000      0.05156      0.04416      0.02455     11.00000
     1.57000      0.05084      0.04742      0.02924     11.00000
     1.59000      0.04608      0.04896      0.03096     11.00000
     1.61000      0.04563      0.04846      0.03231     11.00000
     1.63000      0.03624      0.04936      0.03757     11.00000
     1.65000      0.03167      0.04989      0.04079     11.00000
     1.67000      0.03205      0.05537      0.04818     11.00000
     1.69000      0.03218      0.05384      0.04933     11.00000
     1.71000      0.05324      0.06291      0.04797      9.00000
     1.73000      0.04077      0.04909      0.04003     11.00000
     1.75000      0.04499      0.05660      0.05399     11.00000
     1.77000      0.04289      0.06596      0.05778     11.00000
     1.79000      0.04310      0.07141      0.06022     11.00000
     1.81000      0.05363      0.07325      0.05579     11.00000
     1.83000      0.05111      0.07754      0.06277     11.00000
     1.85000      0.06836      0.08716      0.07254     10.00000
     1.87000      0.05897      0.07317      0.05951     10.00000
     1.89000      0.05950      0.08022      0.06877     10.00000
     1.91000      0.06479      0.07674      0.05067     10.00000
     1.93000      0.07192      0.07426      0.04984     10.00000
     1.95000      0.06130      0.06765      0.04330     10.00000
     1.97000      0.06646      0.06746      0.04359     10.00000
     1.99000      0.06359      0.06685      0.04132     10.00000
     2.01000      0.07720      0.07137      0.04678      9.00000
     2.03000      0.06557      0.06625      0.04238     10.00000
     2.05000      0.06708      0.06617      0.04202     10.00000
     2.07000      0.06703      0.07187      0.05268      9.00000
     2.09000      0.05616      0.06671      0.05462      9.00000
     2.11000      0.05773      0.06319      0.05167     10.00000
     2.13000      0.05992      0.06473      0.05446     10.00000
     2.15000      0.06660      0.06127      0.04653      9.00000
     2.17000      0.06815      0.05932      0.04366      9.00000
     2.19000      0.05640      0.05969      0.04567      9.00000
     2.21000      0.06038      0.06254      0.04249      9.00000
     2.23000      0.06983      0.06706      0.03217      8.00000
     2.25000      0.05607      0.06230      0.04093      9.00000
     2.27000      0.06687      0.07445      0.04236      8.00000
     2.29000      0.05421      0.05877      0.03786      9.00000
     2.31000      0.05837      0.05965      0.03724      9.00000
     2.33000      0.04904      0.05849      0.04117      9.00000
     2.35000      0.05918      0.05787      0.03928      9.00000
     2.37000      0.05848      0.04682      0.02443      9.00000
     2.39000      0.04064      0.04265      0.02480      9.00000
     2.41000      0.04881      0.04088      0.02620      9.00000
     2.43000      0.04551      0.04008      0.02541      9.00000
     2.45000      0.04139      0.03760      0.02366      9.00000
     2.47000      0.02136      0.03526      0.02383      9.00000
     2.49000      0.02164      0.03783      0.02939      9.00000
     2.51000      0.01833      0.03912      0.03082      9.00000
     2.53000      0.01659      0.04053      0.03259      9.00000
     2.55000      0.01723      0.03861      0.03229      9.00000
     2.57000      0.01842      0.04107      0.03625      9.00000
     2.59000      0.03615      0.04917      0.03928      8.00000
     2.61000      0.03475      0.04977      0.03986      8.00000
     2.63000      0.03486      0.04841      0.03696      8.00000
     2.65000      0.03645      0.05603      0.04471      8.00000
     2.67000      0.03785      0.05501      0.03938      8.00000
     2.69000      0.03948      0.05119      0.03316      8.00000
     2.71000      0.03774      0.04732      0.03316      9.00000
     2.73000      0.03739      0.04694      0.03155      9.00000
     2.75000      0.04560      0.04957      0.02673      8.00000
     2.77000      0.03471      0.04713      0.02913      9.00000
     2.79000      0.03502      0.04644      0.02882      9.00000
     2.81000      0.03765      0.04430      0.02727      9.00000
     2.83000      0.03350      0.04589      0.02935      9.00000
     2.85000      0.03556      0.05252      0.03539      9.00000
     2.87000      0.03624      0.05193      0.03562      9.00000
     2.89000      0.03428      0.04751      0.03428     10.00000
     2.91000      0.04202      0.04789      0.03333     10.00000
     2.93000      0.04619      0.05021      0.03475     10.00000
     2.95000      0.04330      0.04947      0.03423     10.00000
     2.97000      0.04573      0.04848      0.03433     10.00000
     2.99000      0.04268      0.04729      0.03336     10.00000
     3.01000      0.03275      0.04071      0.03102     11.00000
     3.03000      0.03393      0.04014      0.03078     11.00000
     3.05000      0.03385      0.03844      0.02728     11.00000
     3.07000      0.03383      0.03864      0.02801     11.00000
     3.09000      0.03160      0.04205      0.03235     11.00000
     3.11000      0.03037      0.04045      0.02992     11.00000
     3.13000      0.03176      0.03608      0.02305     11.00000
     3.15000      0.03195      0.03779      0.02516     11.00000
     3.17000      0.03572      0.03657      0.02200     11.00000
     3.19000      0.03618      0.04027      0.02704     11.00000
     3.21000      0.03180      0.03904      0.02600     11.00000
     3.23000      0.03058      0.04036      0.02838     11.00000
     3.25000      0.02939      0.03955      0.02711     11.00000
     3.27000      0.03327      0.03841      0.02165     10.00000
     3.29000      0.03089      0.03615      0.02373     11.00000
     3.31000      0.02945      0.03612      0.02373     11.00000
     3.33000      0.03234      0.03236      0.01945     10.00000
     3.35000      0.03197      0.03438      0.02056     11.00000
     3.37000      0.03287      0.03257      0.01967     11.00000
     3.39000      0.02964      0.03040      0.01738     10.00000
     3.41000      0.03082      0.03163      0.01742     10.00000
     3.43000      0.03104      0.03194      0.01953     10.00000
     3.45000      0.03119      0.03254      0.01921     10.00000
     3.47000      0.03162      0.03309      0.01980     10.00000
     3.49000      0.03056      0.03247      0.01903     10.00000
     3.51000      0.03280      0.03281      0.01904     11.00000
     3.53000      0.03660      0.03365      0.01499     10.00000
     3.55000      0.02374      0.02863      0.01724     11.00000
     3.57000      0.03202      0.03069      0.01668     11.00000
     3.59000      0.03140      0.03229      0.01961     11.00000
     3.61000      0.03522      0.03500      0.02230     11.00000
     3.63000      0.03507      0.03204      0.01933     11.00000
     3.65000      0.03647      0.03271      0.01930     11.00000
     3.67000      0.02805      0.03343      0.01936     11.00000
     3.69000      0.03129      0.02964      0.01479     11.00000
     3.71000      0.02892      0.02858      0.01432     11.00000
     3.73000      0.02759      0.02787      0.01622     11.00000
     3.75000      0.02303      0.02783      0.01684     11.00000
     3.77000      0.02105      0.02979      0.01821     11.00000
     3.79000      0.02939      0.03245      0.01941     11.00000
     3.81000      0.02737      0.02829      0.01438     11.00000
     3.83000      0.03024      0.02661      0.01520     11.00000
     3.85000      0.03565      0.03192      0.01907     11.00000
     3.87000      0.03014      0.03389      0.02399     11.00000
     3.89000      0.02763      0.03169      0.01912     11.00000
     3.91000      0.02529      0.02782      0.01576     11.00000
     3.93000      0.02527      0.02856      0.01690     11.00000
     3.95000      0.02555      0.03151      0.02211     11.00000
     3.97000      0.02507      0.02954      0.01778     11.00000
     3.99000      0.02684      0.03260      0.02608     11.00000
     4.01000      0.02769      0.02708      0.01239     11.00000
     4.03000      0.02589      0.02662      0.01398     11.00000
     4.05000      0.02606      0.02749      0.01733     11.00000
     4.07000      0.02590      0.03181      0.02299     11.00000
     4.09000      0.02733      0.03008      0.01779     11.00000
     4.11000      0.03049      0.03418      0.02330     11.00000
     4.13000      0.03069      0.03434      0.02384     11.00000
     4.15000      0.03084      0.02955      0.01673     11.00000
     4.17000      0.03044      0.02840      0.01753     10.00000
     4.19000      0.02708      0.02643      0.01702     10.00000
     4.21000      0.02871      0.02770      0.01737     11.00000
     4.23000      0.02893      0.02766      0.01531     11.00000
     4.25000      0.02401      0.02427      0.01422     11.00000
     4.27000      0.02622      0.02633      0.01702     11.00000
     4.29000      0.02681      0.02628      0.01757     11.00000
     4.31000      0.02495      0.02549      0.01794     10.00000
     4.33000      0.02420      0.02534      0.01756     10.00000
     4.35000      0.02377      0.02579      0.01716     10.00000
     4.37000      0.02562      0.02794      0.01901     10.00000
     4.39000      0.02500      0.02784      0.01834     10.00000
     4.41000      0.02886      0.02929      0.01833     10.00000
     4.43000      0.02736      0.02917      0.01995     10.00000
     4.45000      0.02734      0.02755      0.01810     10.00000
     4.47000      0.02510      0.02889      0.01899     10.00000
     4.49000      0.02487      0.03086      0.02080     10.00000
     4.51000      0.03021      0.03356      0.02299     10.00000
     4.53000      0.02639      0.03008      0.01919      9.00000
     4.55000      0.02360      0.02930      0.01895      9.00000
     4.57000      0.02597      0.03038      0.01892      9.00000
     4.59000      0.02389      0.02853      0.01974     10.00000
     4.61000      0.02494      0.02821      0.01813     10.00000
     4.63000      0.02537      0.02899      0.01968     10.00000
     4.65000      0.02391      0.03090      0.02071     10.00000
     4.67000      0.02546      0.02963      0.01986     10.00000
     4.69000      0.02447      0.02910      0.01991     10.00000
     4.71000      0.03283      0.03049      0.02202      9.00000
     4.73000      0.03304      0.03182      0.02144      9.00000
     4.75000      0.04187      0.03507      0.02365      9.00000
     4.77000      0.03381      0.03371      0.02431     10.00000
     4.79000      0.03465      0.03013      0.02001     10.00000
     4.81000      0.03723      0.03204      0.01750      9.00000
     4.83000      0.04165      0.02974      0.01894     10.00000
     4.85000      0.04104      0.03303      0.01757      9.00000
     4.87000      0.03528      0.03280      0.02053      9.00000
     4.89000      0.03688      0.03405      0.02100      9.00000
     4.91000      0.03108      0.03806      0.02827      9.00000
     4.93000      0.03099      0.03828      0.03004      9.00000
     4.95000      0.03771      0.04169      0.03157      9.00000
     4.97000      0.03537      0.03753      0.03103      8.00000
     4.99000      0.03607      0.04024      0.03523      8.00000
