    -1.99000      5.52870      5.92888      2.14054     44.00000
    -1.97000      5.42502      5.91915      2.37444     44.00000
    -1.95000      5.87773      6.11680      2.46063     44.00000
    -1.93000      6.00591      6.28686      2.46148     44.00000
    -1.91000      6.12627      6.36314      2.48543     44.00000
    -1.89000      6.06442      6.31631      2.37831     44.00000
    -1.87000      6.23127      6.34767      2.30907     44.00000
    -1.85000      6.15940      6.39211      2.36734     44.00000
    -1.83000      6.39025      6.45226      2.36693     44.00000
    -1.81000      6.06792      6.38536      2.59868     44.00000
    -1.79000      6.09516      6.51566      2.71445     44.00000
    -1.77000      5.98757      6.46560      2.60354     44.00000
    -1.75000      6.30677      6.53144      2.61482     44.00000
    -1.73000      6.80316      6.69315      2.67803     44.00000
    -1.71000      6.68225      6.79464      2.61890     44.00000
    -1.69000      6.45652      6.79014      2.72347     44.00000
    -1.67000      6.43130      6.87217      2.99221     44.00000
    -1.65000      6.52728      7.03498      3.81038     44.00000
    -1.63000      6.61946      7.10657      4.45801     44.00000
    -1.61000      6.30509      7.00334      4.42118     44.00000
    -1.59000      6.72361      7.06601      4.15674     44.00000
    -1.57000      6.46149      6.98884      4.00313     44.00000
    -1.55000      6.40450      6.93536      3.89737     44.00000
    -1.53000      6.57956      6.91247      3.80210     44.00000
    -1.51000      6.18252      6.88084      4.21739     44.00000
    -1.49000      6.42337      6.80004      3.98986     44.00000
    -1.47000      6.09986      6.74569      3.57162     44.00000
    -1.45000      6.28795      6.60580      2.77176     44.00000
    -1.43000      6.47768      6.84223      3.15133     44.00000
    -1.41000      6.09214      6.90395      3.60394     44.00000
    -1.39000      6.21614      6.81729      2.90301     44.00000
    -1.37000      6.10520      6.81344      2.71262     44.00000
    -1.35000      6.12151      6.77279      2.73886     44.00000
    -1.33000      6.17132      6.77828      2.64272     44.00000
    -1.31000      6.18159      6.76538      2.63342     44.00000
    -1.29000      6.16616      6.74058      2.67712     44.00000
    -1.27000      6.14286      6.83268      2.78027     44.00000
    -1.25000      6.16338      6.76869      2.68717     44.00000
    -1.23000      6.15572      6.73773      2.57360     44.00000
    -1.21000      6.01249      6.70203      2.61559     44.00000
    -1.19000      5.96244      6.74585      2.74885     44.00000
    -1.17000      6.06733      6.58823      2.49269     44.00000
    -1.15000      5.81632      6.55520      2.72516     44.00000
    -1.13000      6.15701      6.55081      2.63371     44.00000
    -1.11000      5.93173      6.58976      2.68945     44.00000
    -1.09000      5.86179      6.50022      2.63794     44.00000
    -1.07000      5.97658      6.58247      2.53766     44.00000
    -1.05000      6.11850      6.78824      2.70769     44.00000
    -1.03000      6.23642      6.80839      2.85911     44.00000
    -1.01000      6.09100      6.79404      2.84131     44.00000
    -0.99000      6.05588      6.73336      2.76371     44.00000
    -0.97000      6.20185      6.71838      2.66631     44.00000
    -0.95000      6.11568      6.74847      2.59009     44.00000
    -0.93000      6.45609      6.62010      2.47482     44.00000
    -0.91000      6.47625      6.60323      2.46746     44.00000
    -0.89000      6.50033      6.71461      2.57866     44.00000
    -0.87000      6.31265      6.64985      2.57584     44.00000
    -0.85000      6.15947      6.64064      2.65454     44.00000
    -0.83000      6.18157      6.67952      2.61013     44.00000
    -0.81000      6.09940      6.72210      2.68541     44.00000
    -0.79000      6.24429      6.86064      2.91056     44.00000
    -0.77000      6.14142      6.91596      2.99335     44.00000
    -0.75000      5.87070      6.80462      2.98048     44.00000
    -0.73000      5.83503      6.84726      3.02789     44.00000
    -0.71000      5.95114      6.88040      3.02522     44.00000
    -0.69000      5.83849      6.82504      2.93851     44.00000
    -0.67000      6.09097      6.89868      3.06066     44.00000
    -0.65000      6.00283      6.86772      3.02511     44.00000
    -0.63000      6.01901      6.79401      2.73575     44.00000
    -0.61000      5.94618      6.95471      2.96757     44.00000
    -0.59000      5.91639      7.04290      3.12910     44.00000
    -0.57000      6.30573      7.18839      3.70189     44.00000
    -0.55000      6.09741      7.13906      3.58156     44.00000
    -0.53000      6.26820      7.00019      3.38343     44.00000
    -0.51000      6.23467      6.85956      3.13032     44.00000
    -0.49000      6.22282      6.83977      3.19696     44.00000
    -0.47000      6.23776      6.83814      3.30013     44.00000
    -0.45000      6.25419      6.89881      3.69660     44.00000
    -0.43000      6.28964      6.95505      3.70160     44.00000
    -0.41000      6.15258      6.98335      3.52401     44.00000
    -0.39000      6.59117      6.94652      3.49096     44.00000
    -0.37000      6.23247      6.83016      3.22660     44.00000
    -0.35000      6.51674      6.81602      3.17255     44.00000
    -0.33000      6.31207      6.86500      3.32347     44.00000
    -0.31000      6.38342      6.92446      3.37845     44.00000
    -0.29000      6.59305      7.04458      3.48691     44.00000
    -0.27000      6.63548      6.96832      3.48835     44.00000
    -0.25000      6.53068      6.96577      3.64787     44.00000
    -0.23000      6.56463      6.96074      3.66569     44.00000
    -0.21000      6.78433      6.96151      3.62723     44.00000
    -0.19000      6.69049      7.01024      3.68497     44.00000
    -0.17000      6.77537      7.18668      3.70066     44.00000
    -0.15000      6.77192      7.24527      3.92003     44.00000
    -0.13000      6.76612      7.40338      4.16725     44.00000
    -0.11000      6.78985      7.44288      4.36710     44.00000
    -0.09000      6.36701      7.40951      4.42951     44.00000
    -0.07000      6.27518      7.22759      4.26947     44.00000
    -0.05000      5.79825      7.21340      4.03316     44.00000
    -0.03000      6.00371      7.28713      3.92795     44.00000
    -0.01000      6.87703      8.08524      4.86356     44.00000
     0.01000     11.32766     14.43921      9.63522     44.00000
     0.03000     12.73070     15.95458      9.70543     44.00000
     0.05000     14.42256     16.29523      9.46237     44.00000
     0.07000     14.71830     16.72202     10.08283     44.00000
     0.09000     14.42175     16.63515      9.54621     44.00000
     0.11000     14.15636     16.20148      9.62554     44.00000
     0.13000     13.53681     16.07447      9.47045     44.00000
     0.15000     12.14644     16.08531     10.25872     44.00000
     0.17000     12.37646     15.04429      8.64698     44.00000
     0.19000     12.49771     15.05076      8.68676     44.00000
     0.21000     12.32412     14.73337      7.49900     44.00000
     0.23000     12.44092     14.77931      7.35279     44.00000
     0.25000     12.25335     14.96163      7.49316     44.00000
     0.27000     12.62259     14.94690      7.90163     44.00000
     0.29000     13.18952     14.92089      7.70859     44.00000
     0.31000     13.19861     15.19425      7.58647     44.00000
     0.33000     13.05586     15.26949      7.81201     44.00000
     0.35000     13.56894     14.98810      7.63034     44.00000
     0.37000     13.42948     15.02570      7.85983     44.00000
     0.39000     13.47878     14.97276      7.95422     44.00000
     0.41000     13.97547     14.92936      7.57958     44.00000
     0.43000     14.27237     14.82784      7.14303     44.00000
     0.45000     14.22233     14.97510      7.50331     44.00000
     0.47000     14.41520     14.90939      7.96348     44.00000
     0.49000     14.18675     14.73096      8.30542     44.00000
     0.51000     14.37240     15.24311      8.36933     44.00000
     0.53000     14.20992     14.80520      8.09418     44.00000
     0.55000     13.97431     14.86435      7.76648     44.00000
     0.57000     14.37651     15.23175      8.02516     44.00000
     0.59000     14.35109     15.05050      7.87904     44.00000
     0.61000     14.20894     15.19820      7.73909     44.00000
     0.63000     14.21245     15.30940      8.03019     44.00000
     0.65000     14.42095     15.06864      7.88960     44.00000
     0.67000     14.55246     15.04393      7.64079     44.00000
     0.69000     13.73560     14.73426      7.32746     44.00000
     0.71000     13.67759     14.65022      7.28561     44.00000
     0.73000     13.62391     14.50748      7.36842     44.00000
     0.75000     12.73691     13.95362      7.21262     44.00000
     0.77000     12.54232     14.00845      7.26998     44.00000
     0.79000     12.91309     14.37386      7.55865     44.00000
     0.81000     13.66374     14.53218      7.88591     44.00000
     0.83000     12.75633     14.03974      8.02599     44.00000
     0.85000     12.93309     14.29013      8.14388     44.00000
     0.87000     13.57965     14.72535      8.05733     44.00000
     0.89000     13.41212     14.79251      7.96539     44.00000
     0.91000     12.86444     14.53147      8.06807     44.00000
     0.93000     12.00809     14.14913      8.05210     44.00000
     0.95000     11.64445     14.12760      7.87048     44.00000
     0.97000     12.29327     14.26406      7.71701     44.00000
     0.99000     11.91440     14.42246      7.60186     44.00000
     1.01000     12.64166     14.62304      7.50583     44.00000
     1.03000     13.23620     14.58154      7.62130     44.00000
     1.05000     13.22003     14.79447      7.75102     44.00000
     1.07000     13.45265     14.74714      7.83731     44.00000
     1.09000     13.55918     14.92509      7.90877     44.00000
     1.11000     13.53275     15.05324      7.85897     44.00000
     1.13000     13.41246     15.15510      7.65100     44.00000
     1.15000     13.68629     15.25821      7.45770     44.00000
     1.17000     13.67837     15.35817      7.25598     44.00000
     1.19000     13.73639     15.40240      7.18373     44.00000
     1.21000     13.69857     15.63520      7.16464     44.00000
     1.23000     14.04156     15.52206      7.03004     44.00000
     1.25000     14.02016     15.42846      7.04090     44.00000
     1.27000     13.22375     15.36202      7.23084     44.00000
     1.29000     14.17029     15.53814      7.14662     44.00000
     1.31000     13.73380     15.57338      6.98752     44.00000
     1.33000     13.40167     15.57670      6.99876     44.00000
     1.35000     13.76327     15.74863      7.29396     44.00000
     1.37000     13.49222     15.72326      7.42052     44.00000
     1.39000     13.62756     15.40579      6.65868     44.00000
     1.41000     13.64887     15.35445      6.79510     44.00000
     1.43000     13.53538     15.28729      6.80820     44.00000
     1.45000     13.64471     15.32955      6.80474     44.00000
     1.47000     13.82862     15.20232      6.90975     44.00000
     1.49000     13.88014     14.96518      6.86655     44.00000
     1.51000     13.43527     14.82190      6.76940     44.00000
     1.53000     13.69498     14.85839      6.59930     44.00000
     1.55000     13.76675     14.76788      6.59757     44.00000
     1.57000     14.02259     14.87139      6.61461     44.00000
     1.59000     14.06622     14.78829      6.68267     44.00000
     1.61000     13.97740     14.76928      6.61613     44.00000
     1.63000     13.67186     14.83904      6.69757     44.00000
     1.65000     13.76264     14.83512      6.74427     44.00000
     1.67000     13.66438     14.83901      6.49733     44.00000
     1.69000     13.42571     14.75358      6.46256     44.00000
     1.71000     12.80130     14.73185      6.68016     44.00000
     1.73000     12.98822     14.58976      6.71880     44.00000
     1.75000     12.93287     14.57360      6.62077     44.00000
     1.77000     12.91710     14.50534      6.46978     44.00000
     1.79000     13.15643     14.45707      6.38245     44.00000
     1.81000     12.98642     14.39372      6.61842     44.00000
     1.83000     12.67185     14.22010      6.77725     44.00000
     1.85000     12.51928     14.15490      6.88000     44.00000
     1.87000     12.50289     14.16018      6.74189     44.00000
     1.89000     12.54975     14.16247      6.74502     44.00000
     1.91000     12.56385     14.13255      6.73795     44.00000
     1.93000     12.64480     13.89011      6.92297     44.00000
     1.95000     12.62188     13.79748      7.01279     44.00000
     1.97000     12.59791     13.88111      6.95662     44.00000
     1.99000     12.51855     13.90101      6.94181     44.00000
     2.01000     12.44416     13.84991      7.12105     44.00000
     2.03000     12.18006     13.78633      7.19021     44.00000
     2.05000     12.29045     13.67007      7.12620     44.00000
     2.07000     12.26462     13.64689      7.16252     44.00000
     2.09000     12.18690     13.66005      7.17683     44.00000
     2.11000     12.22685     13.58148      7.15433     44.00000
     2.13000     11.82014     13.48258      7.17963     44.00000
     2.15000     11.51816     13.38274      7.30196     44.00000
     2.17000     11.37690     13.36142      7.32832     44.00000
     2.19000     11.29549     13.22796      7.37807     44.00000
     2.21000     11.28278     13.13145      7.42816     44.00000
     2.23000     11.09797     13.08734      7.45732     44.00000
     2.25000     10.99550     12.97209      7.46086     44.00000
     2.27000     11.12536     12.95929      7.50918     44.00000
     2.29000     11.05775     12.95743      7.44477     44.00000
     2.31000     11.26895     13.01906      7.46335     44.00000
     2.33000     11.29015     13.04512      7.40827     44.00000
     2.35000     11.37960     12.99774      7.39056     44.00000
     2.37000     10.88725     12.71251      7.39069     44.00000
     2.39000     10.61547     12.68545      7.42805     44.00000
     2.41000     10.54343     12.61509      7.37485     44.00000
     2.43000     10.55136     12.51197      7.48971     44.00000
     2.45000     10.58368     12.45676      7.56221     44.00000
     2.47000     10.48317     12.37905      7.56968     44.00000
     2.49000     10.39715     12.46851      7.56345     44.00000
     2.51000     10.56809     12.37580      7.42072     44.00000
     2.53000     10.61388     12.28731      7.30039     44.00000
     2.55000     10.51357     12.20635      7.33554     44.00000
     2.57000     10.61014     12.08640      7.21099     44.00000
     2.59000     10.61023     12.08333      7.01237     44.00000
     2.61000     10.13823     11.98678      7.23720     44.00000
     2.63000     10.32816     12.09360      7.55351     44.00000
     2.65000     10.65565     12.09143      7.46738     44.00000
     2.67000     10.76861     11.98190      7.48703     44.00000
     2.69000     10.79988     11.97462      7.47586     44.00000
     2.71000     10.09448     11.77318      7.46647     44.00000
     2.73000     10.17557     11.67975      7.27912     44.00000
     2.75000     10.14244     11.63015      7.29838     44.00000
     2.77000      9.73446     11.73057      7.45261     44.00000
     2.79000      9.70641     11.70857      7.46179     44.00000
     2.81000      9.90480     11.59020      7.46636     44.00000
     2.83000      9.81661     11.51935      7.48543     44.00000
     2.85000      9.83745     11.52268      7.60194     44.00000
     2.87000      9.87076     11.45874      7.63245     44.00000
     2.89000      9.92904     11.65036      7.86093     44.00000
     2.91000      9.65927     11.58386      7.94411     44.00000
     2.93000      9.65999     11.48724      7.96054     44.00000
     2.95000      9.61627     11.44016      8.03942     44.00000
     2.97000      9.44567     11.43827      8.06964     44.00000
     2.99000      9.54886     11.40165      8.12469     44.00000
     3.01000      9.67527     11.36996      8.21447     44.00000
     3.03000      9.70109     11.27538      8.19191     44.00000
     3.05000      9.18537     11.12582      8.14944     44.00000
     3.07000      9.26659     10.98263      8.09410     44.00000
     3.09000      9.64945     10.98750      8.06282     44.00000
     3.11000      9.53650     10.91832      7.97638     44.00000
     3.13000      9.29237     10.73244      7.97247     44.00000
     3.15000      9.60309     10.93166      8.04302     44.00000
     3.17000      9.29439     10.78634      7.99525     44.00000
     3.19000      9.21905     10.75104      8.17418     44.00000
     3.21000      9.19517     10.74308      8.30720     44.00000
     3.23000      9.21333     10.77459      8.35497     44.00000
     3.25000      9.18584     10.78406      8.29672     44.00000
     3.27000      9.30885     10.85047      8.40746     44.00000
     3.29000      9.45901     10.94076      8.43576     44.00000
     3.31000      9.36065     10.97438      8.44141     44.00000
     3.33000      9.46237     10.65283      8.24498     44.00000
     3.35000      9.35100     10.32694      8.09813     44.00000
     3.37000      9.29691     10.74807      8.21643     44.00000
     3.39000      9.63875     10.88979      8.18472     44.00000
     3.41000      9.31010     10.80306      8.08795     44.00000
     3.43000      9.46439     10.66543      8.14785     44.00000
     3.45000      9.92542     10.84780      8.18157     44.00000
     3.47000      9.51897     10.94312      8.18575     44.00000
     3.49000      9.48413     10.94224      8.05447     44.00000
     3.51000      9.71718     11.02526      8.04747     44.00000
     3.53000      9.88474     11.19674      8.02976     44.00000
     3.55000      9.91913     10.91896      8.05922     44.00000
     3.57000      9.65108     10.70690      8.05060     44.00000
     3.59000      9.64561     10.86876      8.03950     44.00000
     3.61000      9.84028     10.72984      8.11149     44.00000
     3.63000      9.86107     10.64746      8.14045     44.00000
     3.65000      9.78000     10.64400      8.14509     44.00000
     3.67000      9.68267     10.62964      8.08425     44.00000
     3.69000      9.60596     10.71474      8.11002     44.00000
     3.71000      9.35844     10.70801      8.04090     44.00000
     3.73000      9.87381     10.64972      7.88427     44.00000
     3.75000      9.49389     10.60882      8.02965     44.00000
     3.77000      9.20611     10.72624      8.14307     44.00000
     3.79000      8.57992     10.87634      8.79249     44.00000
     3.81000      8.63565     10.86124      8.94145     44.00000
     3.83000      8.48045     10.93628      9.04759     44.00000
     3.85000      8.82990     10.86932      9.03899     44.00000
     3.87000      9.02182     10.96612      9.02456     44.00000
     3.89000      8.36962     10.95453      9.25820     44.00000
     3.91000      8.73695     11.12853      9.42759     44.00000
     3.93000      9.23818     11.04377      9.32824     44.00000
     3.95000      9.39226     10.68443      8.88606     44.00000
     3.97000      9.15514     10.39734      8.24692     44.00000
     3.99000      8.44906     10.36684      8.22923     44.00000
     4.01000      8.22357     10.43094      8.26930     44.00000
     4.03000      8.66773     10.51337      8.25212     44.00000
     4.05000      8.42857     10.14424      8.01496     44.00000
     4.07000      7.63813      9.98691      8.02100     44.00000
     4.09000      8.06804      9.84821      7.85292     44.00000
     4.11000      7.81444      9.71479      7.90600     44.00000
     4.13000      7.86349      9.65426      8.04498     44.00000
     4.15000      7.14109      9.60202      7.99868     44.00000
     4.17000      8.19315      9.55816      7.85848     44.00000
     4.19000      7.63423      9.48545      7.82953     44.00000
     4.21000      7.86147      9.45807      7.74123     44.00000
     4.23000      7.83935      9.50384      7.71530     44.00000
     4.25000      8.18401      9.49901      7.55726     44.00000
     4.27000      8.02126      9.45209      7.64849     44.00000
     4.29000      8.32873      9.52423      7.67702     44.00000
     4.31000      8.06801      9.55907      7.64456     44.00000
     4.33000      8.11232      9.55538      7.55832     44.00000
     4.35000      7.88880      9.69671      7.71361     44.00000
     4.37000      8.11689      9.60578      7.52022     44.00000
     4.39000      8.07841      9.55628      7.45076     44.00000
     4.41000      7.95484      9.27758      7.33325     44.00000
     4.43000      7.80321      9.40432      7.35723     44.00000
     4.45000      7.36463      9.35211      7.30430     44.00000
     4.47000      6.91794      9.24371      7.26624     44.00000
     4.49000      6.95602      9.26235      7.29218     44.00000
     4.51000      6.92935      9.30081      7.30030     44.00000
     4.53000      7.05157      9.26477      7.30513     44.00000
     4.55000      6.93341      9.22393      7.29430     44.00000
     4.57000      7.16182      9.31757      7.15664     44.00000
     4.59000      6.86846      9.16707      7.23528     44.00000
     4.61000      7.30824      9.30710      7.27111     44.00000
     4.63000      7.62024      9.31507      7.24240     44.00000
     4.65000      7.45787      9.32904      7.18561     44.00000
     4.67000      7.32624      9.41773      7.32650     44.00000
     4.69000      7.29823      9.38068      7.23737     44.00000
     4.71000      7.36020      9.34492      7.26468     44.00000
     4.73000      6.84512      9.31528      7.32750     44.00000
     4.75000      6.78540      9.23523      7.32588     44.00000
     4.77000      6.40150      9.19476      7.25543     44.00000
     4.79000      6.65904      9.15529      7.03990     44.00000
     4.81000      6.67157      9.09531      6.96169     44.00000
     4.83000      6.76085      8.91819      6.79843     44.00000
     4.85000      6.65357      8.89314      6.64736     44.00000
     4.87000      6.94287      8.88740      6.66629     44.00000
     4.89000      6.85523      8.97630      6.63445     44.00000
     4.91000      7.28869      8.96443      6.60930     44.00000
     4.93000      7.23365      8.87524      6.44736     44.00000
     4.95000      7.14086      8.77488      6.30631     44.00000
     4.97000      7.27008      8.68471      6.24250     44.00000
     4.99000      7.02492      8.70805      6.29625     44.00000
