    -1.99000      1.60452      5.49693     18.44425     40.00000
    -1.97000      1.53784      4.69897     12.51665     39.00000
    -1.95000      1.37191      3.16323      5.61226     39.00000
    -1.93000      1.47728      2.12690      2.08716     39.00000
    -1.91000      1.37420      2.09732      2.59369     39.00000
    -1.89000      1.35998      1.97840      2.06092     40.00000
    -1.87000      1.32620      1.82675      1.89393     40.00000
    -1.85000      1.55026      1.64197      1.09712     41.00000
    -1.83000      1.27606      1.59713      1.17358     40.00000
    -1.81000      1.25318      1.89916      1.69831     40.00000
    -1.79000      1.17087      1.86975      1.91115     41.00000
    -1.77000      1.22353      1.86348      1.99553     41.00000
    -1.75000      1.20798      2.13760      3.71238     41.00000
    -1.73000      1.23090      1.64740      1.30424     40.00000
    -1.71000      1.21062      1.51011      1.09293     41.00000
    -1.69000      1.29276      1.70424      1.46900     41.00000
    -1.67000      1.28699      1.70245      1.56812     41.00000
    -1.65000      1.31080      1.89841      1.99130     41.00000
    -1.63000      1.39147      2.08071      3.13981     41.00000
    -1.61000      1.46712      2.47173      4.43949     41.00000
    -1.59000      1.18732      2.41513      4.89368     41.00000
    -1.57000      1.11949      2.08295      3.19873     41.00000
    -1.55000      1.25572      2.22870      4.08064     41.00000
    -1.53000      1.22812      2.59830      6.26935     40.00000
    -1.51000      1.30397      2.98513      7.27988     40.00000
    -1.49000      1.32913      3.04777      7.04908     40.00000
    -1.47000      1.21286      2.67955      5.78548     40.00000
    -1.45000      1.20280      2.80430      6.57626     40.00000
    -1.43000      1.18695      2.18692      4.93542     40.00000
    -1.41000      1.14251      1.99584      3.17499     40.00000
    -1.39000      1.09658      1.52719      1.12029     39.00000
    -1.37000      1.19582      1.61732      1.27877     40.00000
    -1.35000      1.18065      1.55041      1.09736     40.00000
    -1.33000      1.19077      1.47284      1.03809     40.00000
    -1.31000      1.22663      1.47541      1.10816     40.00000
    -1.29000      1.19394      1.50656      1.17272     40.00000
    -1.27000      1.16735      1.50558      1.43363     40.00000
    -1.25000      1.04115      1.48263      1.20152     40.00000
    -1.23000      1.17078      1.45066      1.11756     40.00000
    -1.21000      1.26693      2.07662      4.22131     40.00000
    -1.19000      1.19107      1.85186      2.95448     40.00000
    -1.17000      1.18258      1.92093      2.76198     40.00000
    -1.15000      1.13298      2.32439      4.56779     40.00000
    -1.13000      1.11252      2.59126      6.27600     40.00000
    -1.11000      1.12591      4.23046     17.26424     40.00000
    -1.09000      1.16508      2.56652      6.14453     40.00000
    -1.07000      1.10706      1.58748      1.45875     40.00000
    -1.05000      1.18745      1.49568      1.13999     41.00000
    -1.03000      1.17747      1.57296      1.33303     41.00000
    -1.01000      1.19839      1.68580      1.62942     41.00000
    -0.99000      1.17531      1.69500      1.63091     41.00000
    -0.97000      1.23558      1.97489      3.53244     41.00000
    -0.95000      1.18578      1.58824      1.28104     41.00000
    -0.93000      1.29639      1.78931      1.99156     41.00000
    -0.91000      1.19934      2.00776      3.30847     41.00000
    -0.89000      1.16694      1.51687      1.34762     41.00000
    -0.87000      1.11784      1.60817      1.48338     39.00000
    -0.85000      1.14626      1.72882      1.66195     40.00000
    -0.83000      1.11392      1.64831      1.67054     40.00000
    -0.81000      1.18865      1.67174      1.80630     40.00000
    -0.79000      1.22700      1.81550      3.10818     40.00000
    -0.77000      1.26017      1.40608      0.92220     40.00000
    -0.75000      1.19018      1.81397      3.17942     40.00000
    -0.73000      1.23857      1.88114      3.28090     38.00000
    -0.71000      1.04136      1.54582      1.62559     38.00000
    -0.69000      1.08697      1.50801      1.23697     38.00000
    -0.67000      1.11297      1.55531      1.41708     38.00000
    -0.65000      1.23303      1.52005      1.30287     38.00000
    -0.63000      1.25683      1.49147      1.16795     38.00000
    -0.61000      1.18481      1.42610      1.16844     38.00000
    -0.59000      1.07436      1.34887      1.11787     38.00000
    -0.57000      1.06145      1.38510      1.28078     38.00000
    -0.55000      1.10175      1.41687      1.49299     38.00000
    -0.53000      1.07747      1.50801      1.65609     38.00000
    -0.51000      1.09216      1.57106      1.77430     38.00000
    -0.49000      1.17201      1.64614      2.06875     38.00000
    -0.47000      1.12238      1.62145      2.03920     38.00000
    -0.45000      1.10424      1.70560      2.05135     38.00000
    -0.43000      1.06483      1.45234      1.36508     39.00000
    -0.41000      1.02105      1.42151      1.22619     38.00000
    -0.39000      1.03285      1.66837      2.50427     38.00000
    -0.37000      1.12998      1.71814      2.37245     39.00000
    -0.35000      1.05141      1.75172      2.94568     37.00000
    -0.33000      1.11968      1.69836      2.31175     38.00000
    -0.31000      1.03782      1.64808      2.00760     39.00000
    -0.29000      1.07031      1.69154      2.05531     39.00000
    -0.27000      1.10746      1.73448      2.11659     39.00000
    -0.25000      1.10951      2.34308      4.83954     39.00000
    -0.23000      1.12630      3.47821     11.20166     39.00000
    -0.21000      1.05692      1.75411      2.03467     41.00000
    -0.19000      1.01592      1.73625      2.31786     41.00000
    -0.17000      1.07754      1.41868      1.32460     41.00000
    -0.15000      1.01730      1.42166      1.67172     40.00000
    -0.13000      0.89641      1.36347      1.73285     41.00000
    -0.11000      0.90836      1.46504      2.02937     40.00000
    -0.09000      0.98437      1.65936      2.31807     41.00000
    -0.07000      0.95347      2.31985      5.71338     42.00000
    -0.05000      0.99746      1.98891      3.46805     43.00000
    -0.03000      0.93778      2.05104      4.19036     43.00000
    -0.01000      0.96264      1.57019      2.09374     42.00000
     0.01000      0.86630      1.57390      2.02428     44.00000
     0.03000      0.85322      1.43102      1.48100     44.00000
     0.05000      0.81332      1.28157      1.29045     43.00000
     0.07000      0.80448      1.42396      2.05364     44.00000
     0.09000      0.89814      1.25449      1.24987     44.00000
     0.11000      0.99112      1.57708      1.83413     44.00000
     0.13000      0.88362      2.44870      6.78841     44.00000
     0.15000      0.87294      2.02828      3.96723     44.00000
     0.17000      0.99148      2.03668      3.20854     43.00000
     0.19000      0.99366      1.87544      2.83212     44.00000
     0.21000      1.05807      1.82818      2.47590     44.00000
     0.23000      0.87585      1.78653      2.29997     44.00000
     0.25000      0.88524      2.14287      4.41196     44.00000
     0.27000      0.79098      6.82751     29.04671     44.00000
     0.29000      0.84120      5.10868     22.51144     44.00000
     0.31000      0.87398      1.97802      3.80828     44.00000
     0.33000      0.92277      1.45957      1.65345     44.00000
     0.35000      1.10041      1.58583      2.09148     44.00000
     0.37000      0.91058      1.77739      2.69568     44.00000
     0.39000      0.84367      1.83278      2.70615     44.00000
     0.41000      0.91098      1.64673      2.33829     44.00000
     0.43000      0.88037      1.47643      2.47584     44.00000
     0.45000      0.94830      1.79151      3.74984     44.00000
     0.47000      0.99807      3.04936     10.96473     44.00000
     0.49000      1.12349      2.66356      5.84731     44.00000
     0.51000      0.85220      1.88870      3.34242     44.00000
     0.53000      0.90696      2.33086      5.13890     44.00000
     0.55000      0.86930      1.43144      1.62294     43.00000
     0.57000      0.59907      1.63844      2.33403     44.00000
     0.59000      0.78801      1.60256      2.22229     44.00000
     0.61000      0.63138      1.31816      1.74737     44.00000
     0.63000      0.59902      1.19741      1.48553     44.00000
     0.65000      0.68203      1.23120      1.52806     44.00000
     0.67000      0.57742      1.14513      1.53880     44.00000
     0.69000      0.49936      1.29035      1.65438     44.00000
     0.71000      0.52648      1.36220      2.03689     44.00000
     0.73000      0.54896      1.50201      2.42074     44.00000
     0.75000      0.70809      1.58967      2.57969     44.00000
     0.77000      0.58002      1.49607      2.34142     44.00000
     0.79000      0.58915      1.26216      1.80238     44.00000
     0.81000      0.58191      1.20518      1.60019     44.00000
     0.83000      0.59703      1.34587      1.61128     43.00000
     0.85000      0.63623      1.26191      1.68261     43.00000
     0.87000      0.58956      0.95616      0.95665     43.00000
     0.89000      0.54927      0.86629      0.82644     44.00000
     0.91000      0.55265      0.98274      1.08203     44.00000
     0.93000      0.64808      1.18190      1.48745     44.00000
     0.95000      0.67336      0.99735      1.11607     44.00000
     0.97000      0.58366      0.98448      1.36229     43.00000
     0.99000      0.52523      0.92527      1.32584     43.00000
     1.01000      0.55743      0.73289      0.68243     44.00000
     1.03000      0.49800      0.85955      1.15601     44.00000
     1.05000      0.47603      0.84037      1.26611     44.00000
     1.07000      0.36830      0.97746      1.53208     44.00000
     1.09000      0.35016      1.38394      3.97536     44.00000
     1.11000      0.36639      0.73725      1.20662     44.00000
     1.13000      0.32732      0.59698      0.95821     44.00000
     1.15000      0.32266      0.55426      1.04817     44.00000
     1.17000      0.31637      0.39379      0.36733     44.00000
     1.19000      0.30380      0.36500      0.34070     44.00000
     1.21000      0.26022      0.31494      0.28482     44.00000
     1.23000      0.22669      0.34375      0.39869     44.00000
     1.25000      0.24738      0.37436      0.42780     44.00000
     1.27000      0.24646      0.45184      0.69994     44.00000
     1.29000      0.22148      0.34292      0.37513     44.00000
     1.31000      0.22644      0.34517      0.47023     44.00000
     1.33000      0.23480      0.30189      0.33299     44.00000
     1.35000      0.16972      0.26723      0.26058     43.00000
     1.37000      0.13041      0.28880      0.34329     43.00000
     1.39000      0.15503      0.26610      0.29903     43.00000
     1.41000      0.18194      0.28219      0.33747     44.00000
     1.43000      0.18814      0.29738      0.38731     44.00000
     1.45000      0.17309      0.28945      0.35307     43.00000
     1.47000      0.17452      0.41697      0.93510     43.00000
     1.49000      0.22621      0.54952      1.56067     43.00000
     1.51000      0.24361      0.42954      0.65105     43.00000
     1.53000      0.24981      0.35576      0.34664     42.00000
     1.55000      0.25367      0.37280      0.38085     42.00000
     1.57000      0.25806      0.35295      0.35036     42.00000
     1.59000      0.22706      0.40777      0.66452     42.00000
     1.61000      0.20339      0.34294      0.41556     42.00000
     1.63000      0.20656      0.37276      0.60594     42.00000
     1.65000      0.19828      0.36902      0.56924     41.00000
     1.67000      0.23644      0.29369      0.29497     41.00000
     1.69000      0.21341      0.30603      0.35480     41.00000
     1.71000      0.18771      0.28933      0.35843     39.00000
     1.73000      0.21858      0.35321      0.49155     41.00000
     1.75000      0.18041      0.34026      0.52344     42.00000
     1.77000      0.14606      0.33731      0.46776     42.00000
     1.79000      0.17828      0.31668      0.37555     42.00000
     1.81000      0.18169      0.35284      0.49370     42.00000
     1.83000      0.18154      0.41220      0.61110     42.00000
     1.85000      0.21796      0.48736      0.82126     42.00000
     1.87000      0.19677      0.43402      0.64772     42.00000
     1.89000      0.21135      0.48166      0.87685     41.00000
     1.91000      0.20658      0.38256      0.53907     42.00000
     1.93000      0.22632      0.48071      0.72486     42.00000
     1.95000      0.22775      0.52145      0.84639     42.00000
     1.97000      0.20567      0.45801      0.68189     42.00000
     1.99000      0.20076      0.42894      0.62986     42.00000
     2.01000      0.22228      0.45778      0.66813     42.00000
     2.03000      0.22137      0.44465      0.56243     42.00000
     2.05000      0.23006      0.45222      0.58924     42.00000
     2.07000      0.22494      0.43575      0.57746     41.00000
     2.09000      0.20266      0.45445      0.71492     41.00000
     2.11000      0.21423      0.51661      1.08052     41.00000
     2.13000      0.24033      0.45651      0.71275     41.00000
     2.15000      0.22517      0.49145      0.83753     40.00000
     2.17000      0.21890      0.53962      1.05904     41.00000
     2.19000      0.23292      0.57316      1.12904     41.00000
     2.21000      0.21697      0.60031      1.40673     41.00000
     2.23000      0.21027      0.53231      1.27944     40.00000
     2.25000      0.23216      0.59797      1.51931     41.00000
     2.27000      0.21812      0.62875      1.96194     41.00000
     2.29000      0.21452      0.53034      1.08476     41.00000
     2.31000      0.21518      0.52630      1.02578     41.00000
     2.33000      0.26468      0.44402      0.56277     41.00000
     2.35000      0.24838      0.40503      0.44855     41.00000
     2.37000      0.26794      0.56303      0.85091     42.00000
     2.39000      0.26417      0.54672      0.83053     42.00000
     2.41000      0.29469      0.57990      0.96810     42.00000
     2.43000      0.27861      0.66855      1.27368     42.00000
     2.45000      0.26249      0.70079      1.21208     42.00000
     2.47000      0.25563      0.67013      1.00084     42.00000
     2.49000      0.24591      0.56634      0.75208     42.00000
     2.51000      0.25755      0.55638      0.65125     42.00000
     2.53000      0.24434      0.56133      0.66164     42.00000
     2.55000      0.28313      0.65160      1.06326     42.00000
     2.57000      0.29379      0.74404      1.47353     42.00000
     2.59000      0.27670      0.71942      1.44822     42.00000
     2.61000      0.26929      0.76265      1.31726     44.00000
     2.63000      0.37539      0.66122      1.10312     44.00000
     2.65000      0.37692      0.62310      1.07663     44.00000
     2.67000      0.35964      0.65557      1.14528     44.00000
     2.69000      0.35187      0.60068      0.99913     43.00000
     2.71000      0.38859      0.78640      1.63316     43.00000
     2.73000      0.37477      0.69441      1.22232     43.00000
     2.75000      0.40140      0.72298      1.31720     43.00000
     2.77000      0.34572      0.68189      1.17173     44.00000
     2.79000      0.36578      0.66267      1.11664     44.00000
     2.81000      0.38764      0.65180      0.92324     44.00000
     2.83000      0.40551      0.68385      1.00918     44.00000
     2.85000      0.33676      0.75604      1.39060     44.00000
     2.87000      0.37757      0.81916      1.80466     43.00000
     2.89000      0.37912      0.72499      1.21469     43.00000
     2.91000      0.38294      0.71420      1.19153     43.00000
     2.93000      0.35959      0.76885      1.29362     43.00000
     2.95000      0.37900      0.91706      1.49849     44.00000
     2.97000      0.36173      0.88744      1.46974     44.00000
     2.99000      0.39975      1.26824      4.04546     44.00000
     3.01000      0.37008      1.34038      4.23916     44.00000
     3.03000      0.40028      1.02221      2.32187     44.00000
     3.05000      0.41143      0.90409      1.24052     44.00000
     3.07000      0.46544      0.96118      1.36308     44.00000
     3.09000      0.39365      1.12897      2.72639     44.00000
     3.11000      0.42499      1.13377      2.37711     44.00000
     3.13000      0.47359      1.38466      2.77079     44.00000
     3.15000      0.47527      1.09999      1.57116     44.00000
     3.17000      0.53007      1.01457      1.25724     44.00000
     3.19000      0.50096      1.14358      1.55421     44.00000
     3.21000      0.52323      1.18332      1.56357     44.00000
     3.23000      0.54182      1.16963      1.81604     44.00000
     3.25000      0.58468      1.27247      2.39891     44.00000
     3.27000      0.70623      1.21704      1.90630     42.00000
     3.29000      0.50334      1.36501      2.34887     43.00000
     3.31000      0.43895      1.26578      2.12899     43.00000
     3.33000      0.54598      1.35530      2.06585     44.00000
     3.35000      0.65261      1.80491      3.19477     44.00000
     3.37000      0.67298      1.39269      2.61094     44.00000
     3.39000      0.66157      1.23881      1.92629     44.00000
     3.41000      0.65605      1.06951      1.28128     44.00000
     3.43000      0.68872      1.32298      1.87492     44.00000
     3.45000      0.69399      1.19414      2.05374     44.00000
     3.47000      0.55744      1.19583      2.63323     44.00000
     3.49000      0.43893      0.94771      1.32748     44.00000
     3.51000      0.45513      0.85685      0.92099     44.00000
     3.53000      0.50214      0.86996      1.08422     44.00000
     3.55000      0.47987      1.19811      2.01374     44.00000
     3.57000      0.51646      1.49514      3.14225     44.00000
     3.59000      0.47314      0.96226      1.13822     44.00000
     3.61000      0.46087      1.34182      2.68116     44.00000
     3.63000      0.50718      2.43541      9.11602     44.00000
     3.65000      0.51185      1.64098      4.79393     44.00000
     3.67000      0.47212      1.60220      4.68483     44.00000
     3.69000      0.48223      1.09491      1.59333     44.00000
     3.71000      0.48061      0.93185      0.99243     44.00000
     3.73000      0.50874      0.87014      0.83480     44.00000
     3.75000      0.46850      1.80138      4.34436     44.00000
     3.77000      0.52288      1.21515      1.51010     44.00000
     3.79000      0.47622      1.05541      1.13470     44.00000
     3.81000      0.56640      1.30523      2.02680     44.00000
     3.83000      0.55452      1.13769      1.38346     44.00000
     3.85000      0.69147      1.28794      1.70179     44.00000
     3.87000      0.65272      1.17536      1.52074     44.00000
     3.89000      0.75996      1.11420      1.23331     44.00000
     3.91000      0.58713      1.04195      1.12908     44.00000
     3.93000      0.60452      1.07531      1.14007     44.00000
     3.95000      0.64415      1.38283      1.92796     44.00000
     3.97000      0.68812      1.46351      1.93189     44.00000
     3.99000      0.62548      1.53053      2.29113     44.00000
     4.01000      0.66591      1.31661      1.64435     44.00000
     4.03000      0.64812      1.24967      1.73885     44.00000
     4.05000      0.69971      1.48487      2.00062     44.00000
     4.07000      0.74595      1.56564      2.58580     44.00000
     4.09000      0.81978      1.33720      1.42522     44.00000
     4.11000      0.83601      1.48866      1.70719     44.00000
     4.13000      0.75492      1.81187      2.70303     44.00000
     4.15000      0.83344      1.78263      2.67448     44.00000
     4.17000      0.78049      1.35029      1.66204     43.00000
     4.19000      0.92247      1.38961      2.25630     43.00000
     4.21000      0.93169      1.49418      2.89088     44.00000
     4.23000      0.80369      1.21502      1.37963     44.00000
     4.25000      0.84028      1.14181      1.07229     44.00000
     4.27000      0.83423      1.36852      1.76058     44.00000
     4.29000      0.83170      1.32776      1.74179     44.00000
     4.31000      0.85351      1.28282      1.84139     44.00000
     4.33000      0.72070      1.23861      1.68868     44.00000
     4.35000      0.63000      1.17210      1.45142     44.00000
     4.37000      0.62332      1.12906      1.25254     44.00000
     4.39000      0.64978      1.23346      1.49122     44.00000
     4.41000      0.71054      1.56428      2.33279     44.00000
     4.43000      0.69667      1.37546      1.94098     44.00000
     4.45000      0.72405      1.46321      2.82102     44.00000
     4.47000      0.74845      1.44731      2.52287     44.00000
     4.49000      0.71994      1.39744      1.81741     44.00000
     4.51000      0.69625      1.50645      2.11583     44.00000
     4.53000      0.69629      1.47802      1.81163     43.00000
     4.55000      0.76142      1.55936      2.56366     43.00000
     4.57000      0.75385      1.57642      4.05672     43.00000
     4.59000      0.77728      1.88586      4.58628     43.00000
     4.61000      0.82869      2.80185     11.38924     43.00000
     4.63000      0.70533      2.09273      6.75426     43.00000
     4.65000      0.81705      2.75081     11.33145     43.00000
     4.67000      0.85265      1.74907      4.82239     43.00000
     4.69000      0.91106      1.04065      0.78007     43.00000
     4.71000      0.92431      1.07172      0.93558     43.00000
     4.73000      0.96129      1.21398      1.39495     43.00000
     4.75000      0.97277      1.23517      1.13035     43.00000
     4.77000      0.95482      1.30121      1.47838     43.00000
     4.79000      0.93560      1.23765      1.26838     43.00000
     4.81000      0.90442      1.49992      2.61639     42.00000
     4.83000      0.91303      1.65903      2.80358     43.00000
     4.85000      0.91502      1.32785      1.67453     43.00000
     4.87000      0.93167      1.50686      2.24287     43.00000
     4.89000      0.93665      1.16269      1.11625     43.00000
     4.91000      0.91554      1.22990      1.44843     43.00000
     4.93000      0.89046      1.26097      1.49397     43.00000
     4.95000      0.72626      1.78542      4.28134     43.00000
     4.97000      0.82646      1.30667      1.63257     42.00000
     4.99000      0.83409      1.18775      1.24536     42.00000
