    -1.99000      0.02662      0.03314      0.02146     29.00000
    -1.97000      0.03095      0.03656      0.02404     30.00000
    -1.95000      0.03026      0.03753      0.02720     31.00000
    -1.93000      0.02913      0.03714      0.02707     31.00000
    -1.91000      0.03117      0.03724      0.02832     31.00000
    -1.89000      0.03095      0.03942      0.02860     28.00000
    -1.87000      0.03096      0.04330      0.03331     28.00000
    -1.85000      0.02897      0.04118      0.03169     27.00000
    -1.83000      0.03198      0.04167      0.02978     26.00000
    -1.81000      0.03175      0.04045      0.02768     25.00000
    -1.79000      0.03027      0.03913      0.02536     26.00000
    -1.77000      0.03055      0.03916      0.02617     26.00000
    -1.75000      0.02758      0.03411      0.02071     25.00000
    -1.73000      0.03291      0.03443      0.01901     27.00000
    -1.71000      0.03003      0.03675      0.02258     26.00000
    -1.69000      0.03017      0.03555      0.02123     26.00000
    -1.67000      0.03014      0.03773      0.02319     26.00000
    -1.65000      0.03170      0.04096      0.02736     27.00000
    -1.63000      0.03234      0.04001      0.02468     27.00000
    -1.61000      0.03320      0.04040      0.02608     27.00000
    -1.59000      0.03265      0.04274      0.03179     27.00000
    -1.57000      0.03595      0.04435      0.02910     28.00000
    -1.55000      0.03452      0.04228      0.02647     28.00000
    -1.53000      0.03360      0.04271      0.02742     29.00000
    -1.51000      0.03362      0.04327      0.02935     29.00000
    -1.49000      0.03173      0.04293      0.02975     29.00000
    -1.47000      0.03577      0.04447      0.02886     29.00000
    -1.45000      0.03567      0.04226      0.02531     29.00000
    -1.43000      0.03302      0.04156      0.02774     28.00000
    -1.41000      0.03320      0.04310      0.02955     29.00000
    -1.39000      0.03216      0.04141      0.02888     28.00000
    -1.37000      0.03221      0.04125      0.02702     28.00000
    -1.35000      0.03393      0.03888      0.02235     29.00000
    -1.33000      0.03645      0.04186      0.02116     28.00000
    -1.31000      0.03758      0.04039      0.02119     28.00000
    -1.29000      0.03782      0.04270      0.02449     28.00000
    -1.27000      0.03712      0.04247      0.02424     27.00000
    -1.25000      0.03815      0.04081      0.02427     28.00000
    -1.23000      0.03826      0.04116      0.02373     26.00000
    -1.21000      0.03703      0.04165      0.02380     28.00000
    -1.19000      0.03999      0.04263      0.03057     26.00000
    -1.17000      0.03917      0.04541      0.03563     26.00000
    -1.15000      0.03698      0.04400      0.03740     25.00000
    -1.13000      0.03003      0.04236      0.03786     25.00000
    -1.11000      0.03103      0.04319      0.04205     26.00000
    -1.09000      0.03308      0.04235      0.03917     25.00000
    -1.07000      0.03061      0.04087      0.03782     26.00000
    -1.05000      0.03183      0.04219      0.04015     26.00000
    -1.03000      0.03588      0.04299      0.04009     27.00000
    -1.01000      0.03632      0.04374      0.04441     27.00000
    -0.99000      0.03530      0.04177      0.04565     28.00000
    -0.97000      0.03228      0.03686      0.02834     28.00000
    -0.95000      0.03406      0.03691      0.02562     29.00000
    -0.93000      0.03487      0.03537      0.02256     29.00000
    -0.91000      0.03812      0.04092      0.02923     28.00000
    -0.89000      0.03355      0.04349      0.03733     30.00000
    -0.87000      0.03640      0.04184      0.04032     30.00000
    -0.85000      0.03616      0.03984      0.03317     32.00000
    -0.83000      0.03514      0.04235      0.03261     32.00000
    -0.81000      0.03885      0.04459      0.03711     30.00000
    -0.79000      0.03629      0.04442      0.04013     29.00000
    -0.77000      0.03283      0.03937      0.02773     28.00000
    -0.75000      0.03440      0.04019      0.03010     27.00000
    -0.73000      0.03642      0.04220      0.03382     28.00000
    -0.71000      0.03553      0.04218      0.03560     28.00000
    -0.69000      0.03345      0.04119      0.03677     26.00000
    -0.67000      0.03670      0.04026      0.03535     26.00000
    -0.65000      0.03509      0.03760      0.02859     26.00000
    -0.63000      0.03115      0.03236      0.02228     25.00000
    -0.61000      0.03492      0.03537      0.02654     26.00000
    -0.59000      0.03462      0.03623      0.02544     28.00000
    -0.57000      0.03467      0.03663      0.02767     28.00000
    -0.55000      0.03203      0.03722      0.03169     30.00000
    -0.53000      0.03712      0.03816      0.02859     30.00000
    -0.51000      0.03448      0.03882      0.03258     30.00000
    -0.49000      0.03414      0.03947      0.03683     28.00000
    -0.47000      0.03715      0.04262      0.03889     27.00000
    -0.45000      0.03441      0.04226      0.04025     28.00000
    -0.43000      0.03053      0.04067      0.03866     28.00000
    -0.41000      0.03294      0.04125      0.04130     27.00000
    -0.39000      0.02949      0.03975      0.03591     28.00000
    -0.37000      0.02891      0.04186      0.03972     26.00000
    -0.35000      0.02860      0.03678      0.03474     26.00000
    -0.33000      0.02674      0.03702      0.03370     25.00000
    -0.31000      0.03123      0.03483      0.02515     24.00000
    -0.29000      0.03241      0.04644      0.05129     25.00000
    -0.27000      0.03187      0.04400      0.03867     25.00000
    -0.25000      0.03249      0.04180      0.03400     26.00000
    -0.23000      0.02936      0.04267      0.04033     26.00000
    -0.21000      0.02847      0.04090      0.03535     27.00000
    -0.19000      0.02935      0.04137      0.03356     27.00000
    -0.17000      0.02783      0.04776      0.04766     28.00000
    -0.15000      0.03597      0.04920      0.04394     29.00000
    -0.13000      0.03322      0.04727      0.04025     30.00000
    -0.11000      0.02714      0.05309      0.06011     30.00000
    -0.09000      0.03540      0.05542      0.05647     30.00000
    -0.07000      0.02906      0.05253      0.05231     30.00000
    -0.05000      0.02975      0.05227      0.05221     30.00000
    -0.03000      0.03040      0.05287      0.05483     32.00000
    -0.01000      0.03385      0.05213      0.04791     31.00000
     0.01000      0.03405      0.05294      0.04767     33.00000
     0.03000      0.03491      0.05180      0.04511     34.00000
     0.05000      0.04093      0.05973      0.05375     34.00000
     0.07000      0.04685      0.06182      0.05947     33.00000
     0.09000      0.04430      0.05608      0.04640     34.00000
     0.11000      0.05309      0.05577      0.03568     34.00000
     0.13000      0.06048      0.05898      0.03281     34.00000
     0.15000      0.05817      0.06397      0.03411     34.00000
     0.17000      0.06277      0.06548      0.02703     34.00000
     0.19000      0.05741      0.06406      0.02874     34.00000
     0.21000      0.06575      0.06742      0.02946     34.00000
     0.23000      0.06783      0.06748      0.03080     34.00000
     0.25000      0.06211      0.06706      0.03059     34.00000
     0.27000      0.06271      0.07070      0.03563     34.00000
     0.29000      0.05406      0.06913      0.04116     34.00000
     0.31000      0.05932      0.06646      0.03538     34.00000
     0.33000      0.05840      0.06378      0.03189     34.00000
     0.35000      0.05327      0.06243      0.03109     34.00000
     0.37000      0.06013      0.06756      0.03597     34.00000
     0.39000      0.05604      0.06372      0.03620     34.00000
     0.41000      0.05517      0.06234      0.03264     33.00000
     0.43000      0.05872      0.06641      0.03507     33.00000
     0.45000      0.05191      0.06349      0.03404     34.00000
     0.47000      0.05136      0.06437      0.03800     33.00000
     0.49000      0.05074      0.06795      0.04097     34.00000
     0.51000      0.05681      0.06787      0.03784     34.00000
     0.53000      0.06075      0.06969      0.03666     34.00000
     0.55000      0.05537      0.07215      0.03969     34.00000
     0.57000      0.05853      0.07210      0.03869     34.00000
     0.59000      0.07020      0.07524      0.03893     34.00000
     0.61000      0.05766      0.07436      0.04064     34.00000
     0.63000      0.06016      0.07707      0.04418     34.00000
     0.65000      0.06858      0.08157      0.04491     34.00000
     0.67000      0.06554      0.07197      0.03700     34.00000
     0.69000      0.06275      0.07562      0.04399     34.00000
     0.71000      0.06462      0.07383      0.03929     34.00000
     0.73000      0.06700      0.07414      0.03892     34.00000
     0.75000      0.07004      0.07398      0.03760     34.00000
     0.77000      0.06251      0.07304      0.04547     34.00000
     0.79000      0.06067      0.07033      0.04414     34.00000
     0.81000      0.06785      0.07605      0.04780     33.00000
     0.83000      0.07624      0.07703      0.04794     33.00000
     0.85000      0.08184      0.07548      0.03776     34.00000
     0.87000      0.06792      0.07345      0.04146     34.00000
     0.89000      0.06524      0.06630      0.03445     34.00000
     0.91000      0.06662      0.07249      0.03965     34.00000
     0.93000      0.06344      0.07447      0.04226     33.00000
     0.95000      0.06686      0.07135      0.04062     33.00000
     0.97000      0.06412      0.06767      0.04328     34.00000
     0.99000      0.05845      0.05882      0.03589     34.00000
     1.01000      0.05497      0.06093      0.03612     34.00000
     1.03000      0.04963      0.06017      0.04015     33.00000
     1.05000      0.05350      0.06166      0.03923     33.00000
     1.07000      0.05570      0.05785      0.02786     33.00000
     1.09000      0.04964      0.05695      0.02905     33.00000
     1.11000      0.06032      0.06076      0.02961     33.00000
     1.13000      0.05359      0.06139      0.03476     33.00000
     1.15000      0.05325      0.05798      0.03368     32.00000
     1.17000      0.05692      0.05696      0.02998     32.00000
     1.19000      0.05983      0.05612      0.03346     32.00000
     1.21000      0.05471      0.05929      0.03870     32.00000
     1.23000      0.05651      0.06105      0.04239     31.00000
     1.25000      0.05425      0.06720      0.05125     30.00000
     1.27000      0.05014      0.06429      0.04957     30.00000
     1.29000      0.04763      0.06504      0.05400     31.00000
     1.31000      0.04888      0.06102      0.05070     31.00000
     1.33000      0.04928      0.06028      0.05007     30.00000
     1.35000      0.04576      0.05818      0.05062     32.00000
     1.37000      0.04026      0.05473      0.04307     32.00000
     1.39000      0.04040      0.05682      0.04251     32.00000
     1.41000      0.04443      0.06011      0.04672     32.00000
     1.43000      0.05052      0.05840      0.04220     32.00000
     1.45000      0.04454      0.06054      0.04356     31.00000
     1.47000      0.05010      0.06111      0.04025     31.00000
     1.49000      0.05568      0.06313      0.04802     31.00000
     1.51000      0.04637      0.06203      0.04671     31.00000
     1.53000      0.05180      0.05779      0.04254     31.00000
     1.55000      0.04090      0.05670      0.04249     31.00000
     1.57000      0.03613      0.04963      0.03208     31.00000
     1.59000      0.04153      0.05062      0.03215     32.00000
     1.61000      0.03957      0.04940      0.02964     32.00000
     1.63000      0.04560      0.04989      0.03295     32.00000
     1.65000      0.03318      0.04759      0.03209     31.00000
     1.67000      0.03667      0.04591      0.03232     31.00000
     1.69000      0.04413      0.04709      0.03161     31.00000
     1.71000      0.03919      0.04623      0.03096     31.00000
     1.73000      0.04102      0.04570      0.02995     31.00000
     1.75000      0.04102      0.04385      0.02903     31.00000
     1.77000      0.03737      0.04343      0.02897     31.00000
     1.79000      0.04473      0.04762      0.03004     31.00000
     1.81000      0.04251      0.05012      0.03249     32.00000
     1.83000      0.03586      0.04530      0.02668     32.00000
     1.85000      0.03710      0.04504      0.02731     30.00000
     1.87000      0.04025      0.04624      0.02892     30.00000
     1.89000      0.04036      0.04938      0.03330     30.00000
     1.91000      0.04177      0.04862      0.03330     30.00000
     1.93000      0.04039      0.04845      0.03246     32.00000
     1.95000      0.03748      0.04355      0.02989     33.00000
     1.97000      0.03909      0.04268      0.02784     33.00000
     1.99000      0.04103      0.04463      0.03125     33.00000
     2.01000      0.03580      0.04296      0.03093     32.00000
     2.03000      0.03817      0.04400      0.03022     32.00000
     2.05000      0.05054      0.04745      0.03168     29.00000
     2.07000      0.04093      0.04757      0.03175     29.00000
     2.09000      0.03954      0.04695      0.03036     30.00000
     2.11000      0.04271      0.04763      0.03330     30.00000
     2.13000      0.04362      0.04793      0.03170     29.00000
     2.15000      0.04028      0.04585      0.02861     29.00000
     2.17000      0.03877      0.04249      0.02747     29.00000
     2.19000      0.04144      0.04419      0.02742     29.00000
     2.21000      0.04231      0.04671      0.02796     29.00000
     2.23000      0.04017      0.04176      0.03009     31.00000
     2.25000      0.04071      0.04270      0.02959     33.00000
     2.27000      0.04166      0.04890      0.03413     33.00000
     2.29000      0.04221      0.05126      0.03896     33.00000
     2.31000      0.03930      0.04608      0.03503     33.00000
     2.33000      0.03158      0.04537      0.03414     33.00000
     2.35000      0.03369      0.04719      0.03527     32.00000
     2.37000      0.03421      0.04502      0.03081     31.00000
     2.39000      0.03472      0.04507      0.03165     32.00000
     2.41000      0.03235      0.04731      0.03523     32.00000
     2.43000      0.03175      0.04810      0.03773     32.00000
     2.45000      0.03394      0.04669      0.03541     32.00000
     2.47000      0.03207      0.04607      0.03545     32.00000
     2.49000      0.03193      0.04681      0.03907     33.00000
     2.51000      0.03476      0.04432      0.03290     34.00000
     2.53000      0.03074      0.04285      0.03059     33.00000
     2.55000      0.03311      0.04545      0.03238     33.00000
     2.57000      0.03204      0.04241      0.03165     33.00000
     2.59000      0.03162      0.04090      0.02890     33.00000
     2.61000      0.03197      0.04011      0.02908     33.00000
     2.63000      0.03238      0.03978      0.02789     33.00000
     2.65000      0.03302      0.03949      0.02717     33.00000
     2.67000      0.03200      0.03982      0.02735     32.00000
     2.69000      0.03699      0.04035      0.02837     33.00000
     2.71000      0.04246      0.04339      0.02702     32.00000
     2.73000      0.03869      0.04046      0.02673     32.00000
     2.75000      0.03695      0.03798      0.02517     30.00000
     2.77000      0.03263      0.03747      0.02707     31.00000
     2.79000      0.03487      0.04039      0.02793     29.00000
     2.81000      0.03477      0.04154      0.02898     29.00000
     2.83000      0.03188      0.04020      0.02765     29.00000
     2.85000      0.02997      0.03854      0.02637     30.00000
     2.87000      0.03189      0.03918      0.02550     30.00000
     2.89000      0.03367      0.04052      0.02862     29.00000
     2.91000      0.03128      0.04005      0.02813     30.00000
     2.93000      0.03471      0.04183      0.02981     31.00000
     2.95000      0.03605      0.04075      0.02638     30.00000
     2.97000      0.03099      0.03935      0.02712     32.00000
     2.99000      0.03502      0.04036      0.02668     32.00000
     3.01000      0.03127      0.04013      0.02922     32.00000
     3.03000      0.03156      0.04015      0.02825     32.00000
     3.05000      0.03128      0.03885      0.02838     32.00000
     3.07000      0.03323      0.03949      0.02797     32.00000
     3.09000      0.03396      0.04099      0.03071     32.00000
     3.11000      0.03365      0.03986      0.02797     31.00000
     3.13000      0.03355      0.04349      0.03423     31.00000
     3.15000      0.02915      0.03896      0.02916     30.00000
     3.17000      0.03565      0.04119      0.03121     30.00000
     3.19000      0.03705      0.04233      0.03189     31.00000
     3.21000      0.04005      0.04351      0.03323     31.00000
     3.23000      0.03957      0.04562      0.03752     31.00000
     3.25000      0.03324      0.04458      0.04139     31.00000
     3.27000      0.03252      0.04373      0.04154     30.00000
     3.29000      0.03242      0.04583      0.03850     29.00000
     3.31000      0.03167      0.04487      0.03200     30.00000
     3.33000      0.03338      0.04557      0.03627     30.00000
     3.35000      0.03416      0.04456      0.02940     30.00000
     3.37000      0.03736      0.04175      0.02686     30.00000
     3.39000      0.03296      0.03961      0.02834     30.00000
     3.41000      0.03144      0.04148      0.02895     30.00000
     3.43000      0.03339      0.04230      0.03003     30.00000
     3.45000      0.03578      0.04217      0.02924     30.00000
     3.47000      0.03496      0.04247      0.02863     30.00000
     3.49000      0.03377      0.04180      0.02982     30.00000
     3.51000      0.03290      0.04157      0.03251     30.00000
     3.53000      0.03800      0.04253      0.03046     29.00000
     3.55000      0.03540      0.04263      0.03129     29.00000
     3.57000      0.03422      0.04358      0.03556     29.00000
     3.59000      0.03656      0.04443      0.03606     29.00000
     3.61000      0.03550      0.04415      0.03600     29.00000
     3.63000      0.03341      0.04371      0.04160     29.00000
     3.65000      0.03669      0.04539      0.04479     28.00000
     3.67000      0.03831      0.04869      0.04590     27.00000
     3.69000      0.03700      0.04952      0.04955     27.00000
     3.71000      0.03381      0.04732      0.03947     27.00000
     3.73000      0.03668      0.04616      0.03562     27.00000
     3.75000      0.03605      0.04702      0.03629     27.00000
     3.77000      0.03866      0.04771      0.03506     27.00000
     3.79000      0.03738      0.04631      0.03756     27.00000
     3.81000      0.03358      0.04516      0.03536     28.00000
     3.83000      0.03303      0.04424      0.03283     29.00000
     3.85000      0.03138      0.04295      0.03136     30.00000
     3.87000      0.03088      0.04089      0.02862     30.00000
     3.89000      0.03124      0.04074      0.02929     30.00000
     3.91000      0.02949      0.04095      0.02881     31.00000
     3.93000      0.03432      0.04359      0.02991     30.00000
     3.95000      0.03708      0.04212      0.02822     31.00000
     3.97000      0.03931      0.04444      0.03017     31.00000
     3.99000      0.03438      0.04416      0.03004     30.00000
     4.01000      0.03535      0.04484      0.03117     30.00000
     4.03000      0.03227      0.04528      0.03243     30.00000
     4.05000      0.03303      0.04439      0.03247     31.00000
     4.07000      0.03059      0.04357      0.03388     30.00000
     4.09000      0.03176      0.04214      0.03268     30.00000
     4.11000      0.03318      0.04397      0.03226     28.00000
     4.13000      0.03434      0.04425      0.03297     29.00000
     4.15000      0.03399      0.04359      0.03212     29.00000
     4.17000      0.03294      0.04238      0.03032     28.00000
     4.19000      0.03529      0.04179      0.02966     28.00000
     4.21000      0.02854      0.04101      0.03245     29.00000
     4.23000      0.02901      0.04266      0.03996     29.00000
     4.25000      0.03039      0.04420      0.03724     28.00000
     4.27000      0.03299      0.04400      0.03985     28.00000
     4.29000      0.02982      0.04131      0.03425     28.00000
     4.31000      0.03526      0.04535      0.04291     28.00000
     4.33000      0.03192      0.04182      0.03816     31.00000
     4.35000      0.03140      0.04240      0.03508     31.00000
     4.37000      0.03013      0.04241      0.03600     31.00000
     4.39000      0.03144      0.04277      0.03802     31.00000
     4.41000      0.03246      0.04631      0.04272     30.00000
     4.43000      0.03443      0.04738      0.03812     29.00000
     4.45000      0.03371      0.04891      0.04097     29.00000
     4.47000      0.03511      0.04790      0.04277     31.00000
     4.49000      0.03672      0.04660      0.03421     30.00000
     4.51000      0.03776      0.04928      0.03731     31.00000
     4.53000      0.03644      0.05022      0.03976     31.00000
     4.55000      0.03621      0.04658      0.03712     30.00000
     4.57000      0.03730      0.04913      0.04649     29.00000
     4.59000      0.03989      0.04520      0.03695     30.00000
     4.61000      0.03837      0.04473      0.03964     29.00000
     4.63000      0.03498      0.04434      0.03943     29.00000
     4.65000      0.03756      0.04616      0.04666     28.00000
     4.67000      0.03467      0.04157      0.03420     28.00000
     4.69000      0.03355      0.04178      0.03490     28.00000
     4.71000      0.03283      0.04015      0.03044     28.00000
     4.73000      0.03276      0.03974      0.03124     28.00000
     4.75000      0.03247      0.04153      0.03127     27.00000
     4.77000      0.03184      0.03744      0.02469     28.00000
     4.79000      0.03265      0.04182      0.03882     27.00000
     4.81000      0.03199      0.04224      0.03720     27.00000
     4.83000      0.03043      0.04210      0.03883     27.00000
     4.85000      0.03118      0.04079      0.03237     26.00000
     4.87000      0.03132      0.03861      0.02639     27.00000
     4.89000      0.03301      0.04124      0.03308     25.00000
     4.91000      0.03419      0.04033      0.03233     25.00000
     4.93000      0.03096      0.04352      0.03899     25.00000
     4.95000      0.03026      0.04381      0.03805     25.00000
     4.97000      0.03160      0.04588      0.03919     26.00000
     4.99000      0.03181      0.04752      0.04272     26.00000
