    -1.99000      0.03007      0.04575      0.03284      7.00000
    -1.97000      0.06120      0.05747      0.03270      8.00000
    -1.95000      0.08168      0.06558      0.03566      8.00000
    -1.93000      0.05861      0.06104      0.03587      8.00000
    -1.91000      0.06093      0.06368      0.03687      8.00000
    -1.89000      0.05691      0.06266      0.03566      8.00000
    -1.87000      0.07977      0.07275      0.03927      8.00000
    -1.85000      0.08118      0.07241      0.03716      8.00000
    -1.83000      0.08209      0.07091      0.03423      8.00000
    -1.81000      0.07158      0.06565      0.03089      8.00000
    -1.79000      0.05649      0.06020      0.03091      8.00000
    -1.77000      0.05150      0.05639      0.03166      8.00000
    -1.75000      0.03573      0.04469      0.02332      7.00000
    -1.73000      0.03700      0.04373      0.02090      7.00000
    -1.71000      0.04292      0.04733      0.02326      7.00000
    -1.69000      0.04019      0.04361      0.02223      7.00000
    -1.67000      0.03328      0.04803      0.02476      7.00000
    -1.65000      0.03324      0.05814      0.03515      7.00000
    -1.63000      0.03416      0.05243      0.02838      7.00000
    -1.61000      0.04385      0.04846      0.02127      7.00000
    -1.59000      0.04342      0.05367      0.03754      8.00000
    -1.57000      0.04653      0.05228      0.02560      8.00000
    -1.55000      0.03641      0.04552      0.02146      8.00000
    -1.53000      0.04083      0.05498      0.03529      8.00000
    -1.51000      0.04698      0.05941      0.03889      8.00000
    -1.49000      0.05264      0.06321      0.03682      8.00000
    -1.47000      0.04312      0.05915      0.03521      8.00000
    -1.45000      0.03590      0.05175      0.03150      8.00000
    -1.43000      0.03990      0.05121      0.03419      8.00000
    -1.41000      0.06670      0.05960      0.03752      9.00000
    -1.39000      0.04895      0.05957      0.04085      8.00000
    -1.37000      0.04668      0.05326      0.03268      8.00000
    -1.35000      0.03557      0.04775      0.03019      9.00000
    -1.33000      0.04794      0.05079      0.02611      9.00000
    -1.31000      0.05336      0.05602      0.02784      8.00000
    -1.29000      0.05478      0.06008      0.03314      8.00000
    -1.27000      0.03564      0.05161      0.03355      9.00000
    -1.25000      0.05573      0.05680      0.03220      9.00000
    -1.23000      0.05117      0.05589      0.03255      9.00000
    -1.21000      0.05403      0.06045      0.03052      9.00000
    -1.19000      0.04337      0.06373      0.04397      8.00000
    -1.17000      0.05121      0.07112      0.05124      8.00000
    -1.15000      0.05512      0.07761      0.05311      7.00000
    -1.13000      0.04542      0.07338      0.05574      7.00000
    -1.11000      0.06745      0.07725      0.06441      7.00000
    -1.09000      0.05001      0.07107      0.06008      7.00000
    -1.07000      0.05075      0.06516      0.05555      8.00000
    -1.05000      0.04767      0.06409      0.05971      8.00000
    -1.03000      0.04976      0.06635      0.05872      8.00000
    -1.01000      0.05235      0.07210      0.06664      8.00000
    -0.99000      0.04320      0.06734      0.07322      8.00000
    -0.97000      0.04076      0.05068      0.03950      8.00000
    -0.95000      0.04067      0.04717      0.03250      8.00000
    -0.93000      0.03826      0.04494      0.03017      8.00000
    -0.91000      0.04112      0.05236      0.04298      8.00000
    -0.89000      0.03668      0.05111      0.04544      8.00000
    -0.87000      0.03824      0.05139      0.05132      8.00000
    -0.85000      0.03670      0.04823      0.04234      9.00000
    -0.83000      0.04012      0.04992      0.03625      9.00000
    -0.81000      0.03844      0.05617      0.05230      9.00000
    -0.79000      0.03663      0.06144      0.06051      8.00000
    -0.77000      0.03648      0.04285      0.02727      7.00000
    -0.75000      0.03440      0.04591      0.03331      7.00000
    -0.73000      0.03481      0.05118      0.03669      8.00000
    -0.71000      0.04030      0.05636      0.04324      8.00000
    -0.69000      0.04803      0.06168      0.04066      7.00000
    -0.67000      0.03996      0.05019      0.03879      7.00000
    -0.65000      0.03456      0.04824      0.03360      7.00000
    -0.63000      0.03377      0.04665      0.03158      6.00000
    -0.61000      0.03887      0.05198      0.03804      7.00000
    -0.59000      0.03698      0.04883      0.03626      8.00000
    -0.57000      0.03565      0.04982      0.04218      8.00000
    -0.55000      0.03498      0.05360      0.04978      8.00000
    -0.53000      0.04160      0.05297      0.04285      8.00000
    -0.51000      0.04370      0.05737      0.05218      8.00000
    -0.49000      0.03495      0.05683      0.05994      8.00000
    -0.47000      0.05028      0.06408      0.05913      8.00000
    -0.45000      0.04392      0.05961      0.05856      9.00000
    -0.43000      0.04314      0.05205      0.04284      9.00000
    -0.41000      0.04448      0.04885      0.03307      9.00000
    -0.39000      0.04544      0.05470      0.03862      9.00000
    -0.37000      0.04512      0.05757      0.04420      9.00000
    -0.35000      0.04363      0.04112      0.02740      9.00000
    -0.33000      0.04314      0.04068      0.02715      9.00000
    -0.31000      0.04336      0.04250      0.02698      8.00000
    -0.29000      0.05682      0.05634      0.03993      8.00000
    -0.27000      0.05260      0.05825      0.04504      8.00000
    -0.25000      0.03177      0.05000      0.04310      8.00000
    -0.23000      0.02936      0.05267      0.05757      8.00000
    -0.21000      0.02667      0.04729      0.04807      8.00000
    -0.19000      0.03155      0.04566      0.03479      8.00000
    -0.17000      0.03317      0.04652      0.03244      8.00000
    -0.15000      0.04563      0.05138      0.02692      8.00000
    -0.13000      0.04569      0.05592      0.03456      8.00000
    -0.11000      0.04338      0.07073      0.07680      8.00000
    -0.09000      0.05424      0.07685      0.07420      8.00000
    -0.07000      0.05101      0.05674      0.05121      9.00000
    -0.05000      0.04815      0.05145      0.03414      9.00000
    -0.03000      0.04432      0.05428      0.03635      9.00000
    -0.01000      0.04288      0.05437      0.04004      9.00000
     0.01000      0.05067      0.06372      0.04272      9.00000
     0.03000      0.04618      0.06000      0.03807      9.00000
     0.05000      0.04648      0.06112      0.03115      9.00000
     0.07000      0.05432      0.05925      0.02706      9.00000
     0.09000      0.05720      0.05225      0.01933      9.00000
     0.11000      0.05328      0.05086      0.01813      9.00000
     0.13000      0.05112      0.05873      0.02247      9.00000
     0.15000      0.05682      0.06989      0.02729      9.00000
     0.17000      0.07242      0.07484      0.02417      9.00000
     0.19000      0.07369      0.07361      0.02854      9.00000
     0.21000      0.07324      0.07723      0.02788      9.00000
     0.23000      0.06985      0.07496      0.03830      9.00000
     0.25000      0.06137      0.06730      0.03649      9.00000
     0.27000      0.06905      0.07125      0.03746      9.00000
     0.29000      0.04863      0.06773      0.03902      9.00000
     0.31000      0.05414      0.06322      0.03361      9.00000
     0.33000      0.06485      0.06821      0.03788      9.00000
     0.35000      0.04939      0.06771      0.03541      9.00000
     0.37000      0.06155      0.07068      0.04197      9.00000
     0.39000      0.05751      0.07122      0.04130      9.00000
     0.41000      0.06935      0.06463      0.02501      9.00000
     0.43000      0.05872      0.07380      0.03826      9.00000
     0.45000      0.04241      0.06917      0.04368      9.00000
     0.47000      0.04720      0.07290      0.04322      9.00000
     0.49000      0.05148      0.06871      0.03618      9.00000
     0.51000      0.06001      0.06819      0.03559      9.00000
     0.53000      0.06696      0.07420      0.03088      9.00000
     0.55000      0.06858      0.07827      0.03338      9.00000
     0.57000      0.07121      0.07725      0.03270      9.00000
     0.59000      0.07071      0.08218      0.03754      9.00000
     0.61000      0.07360      0.08135      0.03976      9.00000
     0.63000      0.08020      0.08433      0.03981      9.00000
     0.65000      0.08947      0.09288      0.04913      9.00000
     0.67000      0.06786      0.06975      0.02883      9.00000
     0.69000      0.07052      0.06671      0.02156      9.00000
     0.71000      0.06227      0.06564      0.02595      9.00000
     0.73000      0.06160      0.06615      0.02780      9.00000
     0.75000      0.06249      0.07108      0.03422      9.00000
     0.77000      0.04042      0.06912      0.04149      9.00000
     0.79000      0.04051      0.06313      0.03858      9.00000
     0.81000      0.07716      0.06507      0.03662      9.00000
     0.83000      0.08300      0.07255      0.04418      9.00000
     0.85000      0.09065      0.08119      0.04198      9.00000
     0.87000      0.07845      0.08494      0.05594      9.00000
     0.89000      0.07443      0.07214      0.03868      9.00000
     0.91000      0.07153      0.07324      0.03729      9.00000
     0.93000      0.08525      0.07605      0.03671      9.00000
     0.95000      0.09332      0.08276      0.04203      9.00000
     0.97000      0.07907      0.08298      0.04423      9.00000
     0.99000      0.06244      0.07075      0.02704      9.00000
     1.01000      0.07351      0.07299      0.03349      9.00000
     1.03000      0.06222      0.06750      0.03012      8.00000
     1.05000      0.06864      0.07156      0.02376      8.00000
     1.07000      0.05936      0.06157      0.02285      8.00000
     1.09000      0.05061      0.05768      0.02454      8.00000
     1.11000      0.07281      0.07073      0.01980      8.00000
     1.13000      0.06145      0.06925      0.03025      8.00000
     1.15000      0.05770      0.06609      0.03596      8.00000
     1.17000      0.05896      0.06334      0.03349      8.00000
     1.19000      0.05255      0.06417      0.03798      8.00000
     1.21000      0.06177      0.07663      0.05188      8.00000
     1.23000      0.05751      0.08325      0.06104      8.00000
     1.25000      0.05293      0.09789      0.08171      7.00000
     1.27000      0.04581      0.08366      0.07700      8.00000
     1.29000      0.04272      0.07454      0.07243      9.00000
     1.31000      0.05242      0.07693      0.07006      9.00000
     1.33000      0.04769      0.07324      0.07162      9.00000
     1.35000      0.03871      0.06220      0.06950      9.00000
     1.37000      0.03535      0.05518      0.04728      9.00000
     1.39000      0.03851      0.05471      0.03704      9.00000
     1.41000      0.03413      0.06322      0.05427      9.00000
     1.43000      0.03582      0.05159      0.03374      9.00000
     1.45000      0.03805      0.06450      0.05410      9.00000
     1.47000      0.04741      0.06125      0.04959      9.00000
     1.49000      0.03593      0.05554      0.05939      9.00000
     1.51000      0.03899      0.04458      0.04216      9.00000
     1.53000      0.03636      0.04110      0.03402      9.00000
     1.55000      0.03595      0.04168      0.03475      9.00000
     1.57000      0.03280      0.03827      0.02942      9.00000
     1.59000      0.03562      0.04702      0.03116      9.00000
     1.61000      0.03896      0.04670      0.02796      9.00000
     1.63000      0.03321      0.04180      0.02651      9.00000
     1.65000      0.04712      0.04668      0.03033      8.00000
     1.67000      0.04740      0.04346      0.02247      8.00000
     1.69000      0.05388      0.04506      0.02411      8.00000
     1.71000      0.04980      0.04882      0.03033      8.00000
     1.73000      0.05059      0.04959      0.02759      8.00000
     1.75000      0.04729      0.04832      0.02536      8.00000
     1.77000      0.05538      0.04847      0.02183      8.00000
     1.79000      0.06664      0.05539      0.02409      8.00000
     1.81000      0.06310      0.06116      0.02817      9.00000
     1.83000      0.06070      0.05527      0.02939      9.00000
     1.85000      0.05528      0.05567      0.02397      8.00000
     1.87000      0.06237      0.05554      0.02287      8.00000
     1.89000      0.05980      0.05453      0.02005      8.00000
     1.91000      0.05956      0.05178      0.01863      8.00000
     1.93000      0.04525      0.04815      0.01628      9.00000
     1.95000      0.04291      0.04129      0.01791      9.00000
     1.97000      0.04496      0.04021      0.01682      9.00000
     1.99000      0.05057      0.04020      0.01909      9.00000
     2.01000      0.05092      0.04203      0.01766      9.00000
     2.03000      0.05094      0.04173      0.01906      9.00000
     2.05000      0.05078      0.04076      0.01921      9.00000
     2.07000      0.03908      0.04089      0.01971      9.00000
     2.09000      0.03329      0.04061      0.01750      9.00000
     2.11000      0.04067      0.04071      0.01803      9.00000
     2.13000      0.04362      0.04013      0.01920      9.00000
     2.15000      0.04028      0.04199      0.01635      9.00000
     2.17000      0.03722      0.04089      0.01539      9.00000
     2.19000      0.04144      0.04484      0.02001      9.00000
     2.21000      0.04589      0.05024      0.02039      9.00000
     2.23000      0.04044      0.04588      0.02474      9.00000
     2.25000      0.04095      0.04759      0.02548      9.00000
     2.27000      0.05396      0.05251      0.02612      8.00000
     2.29000      0.05612      0.05530      0.02809      8.00000
     2.31000      0.05241      0.05390      0.02656      8.00000
     2.33000      0.04862      0.05349      0.02787      8.00000
     2.35000      0.04800      0.05707      0.02231      7.00000
     2.37000      0.04262      0.05571      0.02289      7.00000
     2.39000      0.05372      0.05398      0.02953      8.00000
     2.41000      0.05093      0.05630      0.03302      8.00000
     2.43000      0.05172      0.05490      0.03175      8.00000
     2.45000      0.04750      0.05545      0.03272      8.00000
     2.47000      0.04251      0.05273      0.03062      8.00000
     2.49000      0.04526      0.05490      0.03143      9.00000
     2.51000      0.04916      0.05549      0.02786      9.00000
     2.53000      0.04383      0.05257      0.03127      8.00000
     2.55000      0.04999      0.05363      0.02818      8.00000
     2.57000      0.04203      0.04755      0.02639      8.00000
     2.59000      0.03409      0.04498      0.02858      8.00000
     2.61000      0.03852      0.04200      0.02713      8.00000
     2.63000      0.04212      0.04663      0.02555      8.00000
     2.65000      0.03412      0.04438      0.02521      8.00000
     2.67000      0.03737      0.04401      0.02370      8.00000
     2.69000      0.04485      0.04533      0.02506      8.00000
     2.71000      0.04401      0.04836      0.02571      8.00000
     2.73000      0.04317      0.04738      0.02562      8.00000
     2.75000      0.03943      0.04630      0.02524      8.00000
     2.77000      0.04087      0.04711      0.02676      8.00000
     2.79000      0.04365      0.05143      0.02901      8.00000
     2.81000      0.04399      0.05269      0.02920      8.00000
     2.83000      0.04147      0.04795      0.02701      8.00000
     2.85000      0.05119      0.04990      0.02672      8.00000
     2.87000      0.05158      0.04969      0.02691      8.00000
     2.89000      0.04447      0.04564      0.02409      8.00000
     2.91000      0.04513      0.04592      0.02420      8.00000
     2.93000      0.04838      0.04866      0.02840      8.00000
     2.95000      0.04989      0.04781      0.02711      8.00000
     2.97000      0.05114      0.05039      0.03035      8.00000
     2.99000      0.05232      0.05043      0.02880      8.00000
     3.01000      0.05411      0.05317      0.03271      8.00000
     3.03000      0.04757      0.05011      0.03092      8.00000
     3.05000      0.04600      0.04979      0.03143      8.00000
     3.07000      0.04714      0.04857      0.02981      8.00000
     3.09000      0.04674      0.05027      0.03173      8.00000
     3.11000      0.04558      0.04951      0.03114      8.00000
     3.13000      0.04436      0.05204      0.03832      8.00000
     3.15000      0.04239      0.04099      0.02747      7.00000
     3.17000      0.03826      0.04333      0.03484      7.00000
     3.19000      0.03853      0.04255      0.03382      7.00000
     3.21000      0.04005      0.04294      0.03292      7.00000
     3.23000      0.03957      0.04556      0.03581      7.00000
     3.25000      0.03583      0.04357      0.03268      7.00000
     3.27000      0.04335      0.04454      0.03082      7.00000
     3.29000      0.04745      0.05163      0.02946      6.00000
     3.31000      0.04676      0.05171      0.02890      6.00000
     3.33000      0.04600      0.04949      0.02907      6.00000
     3.35000      0.04233      0.04872      0.02638      6.00000
     3.37000      0.04408      0.04748      0.02532      6.00000
     3.39000      0.04190      0.04690      0.02664      6.00000
     3.41000      0.04089      0.04500      0.02334      6.00000
     3.43000      0.03811      0.04378      0.02154      6.00000
     3.45000      0.03797      0.04407      0.02197      6.00000
     3.47000      0.03482      0.04038      0.02230      6.00000
     3.49000      0.03125      0.03820      0.02393      6.00000
     3.51000      0.03104      0.03864      0.02510      6.00000
     3.53000      0.03050      0.03789      0.02239      6.00000
     3.55000      0.02693      0.03580      0.02259      6.00000
     3.57000      0.02851      0.03664      0.02314      6.00000
     3.59000      0.02676      0.03540      0.02212      6.00000
     3.61000      0.02759      0.03481      0.02062      6.00000
     3.63000      0.02557      0.03381      0.02347      6.00000
     3.65000      0.02473      0.03317      0.02552      6.00000
     3.67000      0.02309      0.03019      0.02236      6.00000
     3.69000      0.02446      0.03149      0.02296      6.00000
     3.71000      0.02456      0.03343      0.02383      6.00000
     3.73000      0.02347      0.03235      0.02337      6.00000
     3.75000      0.02242      0.03218      0.02113      6.00000
     3.77000      0.02390      0.03244      0.02024      6.00000
     3.79000      0.02537      0.03227      0.01745      6.00000
     3.81000      0.02729      0.03370      0.01787      6.00000
     3.83000      0.02693      0.03362      0.01784      6.00000
     3.85000      0.02449      0.03276      0.01900      6.00000
     3.87000      0.02495      0.03417      0.01944      6.00000
     3.89000      0.02069      0.03377      0.01892      5.00000
     3.91000      0.02220      0.03012      0.01520      6.00000
     3.93000      0.02253      0.03017      0.01567      6.00000
     3.95000      0.02571      0.03052      0.01359      6.00000
     3.97000      0.02672      0.03194      0.01455      6.00000
     3.99000      0.02134      0.03044      0.01628      6.00000
     4.01000      0.02230      0.02984      0.01596      6.00000
     4.03000      0.02800      0.03186      0.01189      6.00000
     4.05000      0.03254      0.03411      0.01118      6.00000
     4.07000      0.02907      0.03293      0.01146      6.00000
     4.09000      0.02861      0.02928      0.01289      6.00000
     4.11000      0.02842      0.02865      0.01300      6.00000
     4.13000      0.02994      0.03299      0.01026      6.00000
     4.15000      0.03032      0.03209      0.00874      6.00000
     4.17000      0.03195      0.03405      0.00650      5.00000
     4.19000      0.03008      0.03476      0.00764      5.00000
     4.21000      0.02775      0.03039      0.00972      6.00000
     4.23000      0.02913      0.03091      0.01043      6.00000
     4.25000      0.02717      0.02764      0.00761      6.00000
     4.27000      0.02979      0.02840      0.01107      6.00000
     4.29000      0.02683      0.02650      0.01375      6.00000
     4.31000      0.02340      0.02728      0.01602      6.00000
     4.33000      0.02534      0.03035      0.01925      6.00000
     4.35000      0.02592      0.03132      0.01833      6.00000
     4.37000      0.03012      0.03282      0.01795      6.00000
     4.39000      0.03056      0.03244      0.01738      6.00000
     4.41000      0.02925      0.03241      0.01818      6.00000
     4.43000      0.03073      0.03258      0.01681      6.00000
     4.45000      0.03227      0.03294      0.01574      6.00000
     4.47000      0.03032      0.02730      0.01549      7.00000
     4.49000      0.03099      0.02861      0.01583      7.00000
     4.51000      0.03225      0.03471      0.01417      7.00000
     4.53000      0.03499      0.03248      0.01289      7.00000
     4.55000      0.02941      0.03096      0.01166      7.00000
     4.57000      0.03437      0.03168      0.01316      6.00000
     4.59000      0.03425      0.03054      0.01498      6.00000
     4.61000      0.02660      0.03145      0.01691      5.00000
     4.63000      0.02589      0.03303      0.01818      5.00000
     4.65000      0.02934      0.03648      0.02140      5.00000
     4.67000      0.02720      0.03047      0.01657      5.00000
     4.69000      0.02667      0.02796      0.01568      5.00000
     4.71000      0.02324      0.02711      0.01515      5.00000
     4.73000      0.02895      0.03018      0.01591      5.00000
     4.75000      0.02716      0.02948      0.01750      5.00000
     4.77000      0.02711      0.03099      0.01687      5.00000
     4.79000      0.02556      0.02981      0.01685      5.00000
     4.81000      0.02830      0.02962      0.01635      5.00000
     4.83000      0.02460      0.02978      0.01573      5.00000
     4.85000      0.02649      0.02713      0.01587      5.00000
     4.87000      0.02941      0.03079      0.01685      5.00000
     4.89000      0.02800      0.03164      0.01940      5.00000
     4.91000      0.02933      0.02708      0.01370      5.00000
     4.93000      0.02546      0.02509      0.01235      5.00000
     4.95000      0.02629      0.02521      0.01384      5.00000
     4.97000      0.02237      0.03114      0.02675      6.00000
     4.99000      0.02218      0.03459      0.03285      6.00000
