    -1.99000    424.22928    442.60834     94.43830     44.00000
    -1.97000    425.20742    445.08705     96.88508     44.00000
    -1.95000    433.79303    449.27837     95.65515     44.00000
    -1.93000    436.38115    448.20507     93.62078     44.00000
    -1.91000    438.59241    450.75925     95.81327     44.00000
    -1.89000    438.37385    450.14781    101.41833     43.00000
    -1.87000    434.77154    449.55107    101.46163     43.00000
    -1.85000    431.78595    448.23391     99.84339     43.00000
    -1.83000    427.33622    447.02497    101.03883     43.00000
    -1.81000    423.85552    447.63994    100.93643     43.00000
    -1.79000    431.19667    448.65832    101.90157     43.00000
    -1.77000    421.76854    447.98948    101.16252     43.00000
    -1.75000    429.48472    447.61387     99.59206     43.00000
    -1.73000    432.52270    448.89494    100.04455     43.00000
    -1.71000    423.21885    447.66937     96.69203     43.00000
    -1.69000    422.43541    447.85154     97.68407     43.00000
    -1.67000    427.09275    447.80059     97.53291     43.00000
    -1.65000    422.91610    446.50699     95.78763     43.00000
    -1.63000    429.14545    446.74610     95.14109     43.00000
    -1.61000    430.11268    448.40414     98.04048     43.00000
    -1.59000    420.76750    450.00409    101.43352     43.00000
    -1.57000    427.43765    447.67943     98.78044     43.00000
    -1.55000    428.71333    444.72708     95.60838     43.00000
    -1.53000    425.96000    445.62538     95.50062     43.00000
    -1.51000    426.02556    446.23664     95.42589     43.00000
    -1.49000    424.67333    444.84733     94.03234     43.00000
    -1.47000    425.83800    443.28551     93.53947     43.00000
    -1.45000    423.41692    443.82991     94.09614     43.00000
    -1.43000    422.13043    446.08676     96.63579     43.00000
    -1.41000    431.36231    447.39545     93.47194     43.00000
    -1.39000    428.49368    446.54825     94.18660     43.00000
    -1.37000    433.59962    444.99827     95.36113     43.00000
    -1.35000    435.32450    447.69894     98.72896     43.00000
    -1.33000    434.22211    448.64061     99.18958     43.00000
    -1.31000    431.73579    447.37069     97.89313     43.00000
    -1.29000    422.38667    444.81301     95.10765     43.00000
    -1.27000    424.07024    446.84788     98.00896     43.00000
    -1.25000    426.50179    447.55088     99.10916     43.00000
    -1.23000    428.12878    446.69483     98.45838     43.00000
    -1.21000    430.56064    447.33881     93.39551     44.00000
    -1.19000    432.92865    448.52710     93.81635     44.00000
    -1.17000    432.74869    449.39159     95.70247     44.00000
    -1.15000    432.88889    450.01904     96.16540     44.00000
    -1.13000    435.27267    450.54535     96.97690     44.00000
    -1.11000    433.47140    451.49610     97.19073     44.00000
    -1.09000    436.27352    454.08944     97.10392     44.00000
    -1.07000    435.76600    455.85877     95.91227     44.00000
    -1.05000    430.39260    456.41332     98.59450     44.00000
    -1.03000    432.22703    454.34555     98.13560     44.00000
    -1.01000    431.97060    454.05194     96.85433     44.00000
    -0.99000    430.88091    453.87555     97.35458     44.00000
    -0.97000    436.49035    454.55520     97.89896     44.00000
    -0.95000    430.75651    454.71205     97.98513     44.00000
    -0.93000    431.60677    454.66962     99.33852     44.00000
    -0.91000    429.21846    455.71266     99.96050     44.00000
    -0.89000    429.52426    455.59531    101.33894     44.00000
    -0.87000    429.83944    454.01840     98.50821     44.00000
    -0.85000    424.30605    451.44751     95.14851     44.00000
    -0.83000    430.61298    456.25704     97.06562     44.00000
    -0.81000    436.82739    460.31223     98.05851     44.00000
    -0.79000    429.91488    461.73628    100.66370     44.00000
    -0.77000    426.51364    460.79083    100.03099     44.00000
    -0.75000    435.31514    459.23457     99.23876     44.00000
    -0.73000    442.30532    459.22118     99.45149     44.00000
    -0.71000    442.31006    462.14047    102.84515     44.00000
    -0.69000    447.54319    463.44045     97.17867     44.00000
    -0.67000    457.18437    469.53213     94.33984     43.00000
    -0.65000    456.08839    469.64596     97.58407     44.00000
    -0.63000    452.00411    472.72742    100.61508     44.00000
    -0.61000    462.49734    476.45619    100.80223     44.00000
    -0.59000    459.47042    483.96968    109.26171     44.00000
    -0.57000    466.21853    484.12342    106.61073     44.00000
    -0.55000    460.23157    482.79678    113.35549     44.00000
    -0.53000    456.68620    482.33504    106.63492     44.00000
    -0.51000    464.70635    483.62103    104.28709     44.00000
    -0.49000    463.78417    492.05646    115.83379     44.00000
    -0.47000    466.63180    494.86503    116.74160     44.00000
    -0.45000    462.21000    499.85739    122.22151     44.00000
    -0.43000    464.96929    503.70811    113.97852     44.00000
    -0.41000    482.02788    506.53070    115.81604     44.00000
    -0.39000    488.68725    510.03195    124.33087     44.00000
    -0.37000    494.40969    512.50440    120.09347     44.00000
    -0.35000    499.82063    518.23666    125.59826     44.00000
    -0.33000    501.35106    521.04439    124.38607     44.00000
    -0.31000    511.45580    528.20732    128.46121     44.00000
    -0.29000    511.51171    530.63630    130.79902     44.00000
    -0.27000    507.64175    533.83098    130.72064     44.00000
    -0.25000    500.52379    534.13496    132.64628     44.00000
    -0.23000    511.93656    535.62412    134.87462     44.00000
    -0.21000    520.00400    540.01213    138.60391     44.00000
    -0.19000    518.18834    539.70098    138.81706     44.00000
    -0.17000    516.23108    540.27542    137.94358     44.00000
    -0.15000    509.68491    542.06829    139.17065     44.00000
    -0.13000    507.28295    538.96310    141.64824     44.00000
    -0.11000    512.45103    545.77556    144.91471     44.00000
    -0.09000    508.65269    547.46344    150.83783     44.00000
    -0.07000    509.00761    550.49224    152.80205     44.00000
    -0.05000    504.39845    552.20147    155.58704     44.00000
    -0.03000    506.51600    551.63053    156.42170     44.00000
    -0.01000    506.16122    553.23710    155.39278     43.00000
     0.01000    503.09361    551.75334    149.65488     44.00000
     0.03000    506.29508    551.66748    149.71037     44.00000
     0.05000    509.71464    551.31053    146.02910     44.00000
     0.07000    502.20247    549.70417    148.00813     44.00000
     0.09000    504.64067    546.66095    147.44555     44.00000
     0.11000    497.44056    541.02351    146.17463     44.00000
     0.13000    490.05963    537.79788    145.12306     44.00000
     0.15000    490.00579    536.82666    147.07368     44.00000
     0.17000    493.79932    534.50447    143.06155     44.00000
     0.19000    488.10569    535.46606    146.13448     44.00000
     0.21000    488.06950    535.39386    147.12765     44.00000
     0.23000    488.28917    535.07600    144.97507     44.00000
     0.25000    491.98896    531.64331    141.66584     44.00000
     0.27000    492.74317    529.64762    138.98959     44.00000
     0.29000    483.41846    527.35560    134.93917     44.00000
     0.31000    482.11095    527.48557    135.09234     44.00000
     0.33000    485.32714    525.91101    134.32532     44.00000
     0.35000    484.80185    523.09367    133.10934     44.00000
     0.37000    484.29179    522.85956    133.88014     44.00000
     0.39000    483.38679    519.97029    134.22609     44.00000
     0.41000    483.07693    518.39836    131.73516     44.00000
     0.43000    483.39881    516.42171    130.66441     44.00000
     0.45000    482.18955    513.15263    129.16139     44.00000
     0.47000    479.84909    510.45635    129.38172     44.00000
     0.49000    468.39903    507.96445    128.62311     44.00000
     0.51000    467.18666    505.54344    126.88786     44.00000
     0.53000    462.17559    501.83246    125.52597     44.00000
     0.55000    459.70949    500.63405    125.48988     44.00000
     0.57000    459.46439    500.23126    127.08978     44.00000
     0.59000    458.75923    499.63152    129.51094     44.00000
     0.61000    459.85381    497.56058    127.85986     44.00000
     0.63000    458.29089    496.78947    128.04294     44.00000
     0.65000    458.08817    496.58136    127.62444     44.00000
     0.67000    457.91417    494.30570    122.62578     44.00000
     0.69000    456.55130    492.70069    122.60369     44.00000
     0.71000    454.91769    491.76966    122.53047     44.00000
     0.73000    451.57845    489.91029    121.99817     44.00000
     0.75000    451.68621    487.88595    120.40160     44.00000
     0.77000    449.49083    487.07983    122.28628     44.00000
     0.79000    451.27917    485.51980    123.39762     44.00000
     0.81000    450.71239    484.57146    121.79331     44.00000
     0.83000    449.26721    485.32074    121.19428     44.00000
     0.85000    447.90223    486.31798    123.98016     44.00000
     0.87000    447.17689    484.82517    123.63826     44.00000
     0.89000    448.19775    485.40689    121.71978     44.00000
     0.91000    449.61071    486.31834    122.70128     44.00000
     0.93000    452.25366    486.51676    122.96447     44.00000
     0.95000    456.46039    486.06891    119.38116     44.00000
     0.97000    456.84339    487.04065    116.83206     44.00000
     0.99000    449.76413    484.91061    115.43042     44.00000
     1.01000    449.69221    487.55327    116.13752     44.00000
     1.03000    455.52591    490.49537    116.13198     44.00000
     1.05000    453.56050    490.01922    114.75925     44.00000
     1.07000    449.97739    488.75229    114.28124     44.00000
     1.09000    458.44152    491.18566    115.85699     44.00000
     1.11000    458.48015    492.14667    114.40363     44.00000
     1.13000    461.33227    490.48666    113.55840     44.00000
     1.15000    461.88959    493.44190    113.54660     44.00000
     1.17000    464.17405    493.44539    111.13934     44.00000
     1.19000    461.36187    493.20693    110.23088     44.00000
     1.21000    458.19380    494.70661    111.17599     44.00000
     1.23000    459.90772    494.91167    110.02402     44.00000
     1.25000    466.47195    493.91962    110.31776     44.00000
     1.27000    470.97588    493.50081    109.37924     44.00000
     1.29000    476.19742    494.87588    105.99309     44.00000
     1.31000    474.53571    499.72241    110.07298     44.00000
     1.33000    478.29940    503.22243    113.65519     44.00000
     1.35000    480.03044    507.84764    119.54892     44.00000
     1.37000    490.00675    510.43799    125.22925     44.00000
     1.39000    483.74006    508.02572    124.59975     44.00000
     1.41000    485.97620    504.60563    123.09209     44.00000
     1.43000    483.98141    501.89003    118.21498     44.00000
     1.45000    482.39485    500.78781    120.09491     44.00000
     1.47000    480.23444    501.06228    117.90897     44.00000
     1.49000    480.08494    501.41445    118.65104     44.00000
     1.51000    481.55455    498.11485    118.99652     44.00000
     1.53000    474.84866    496.77252    121.68434     44.00000
     1.55000    479.09395    494.54918    119.69541     44.00000
     1.57000    480.92283    493.65622    121.01362     44.00000
     1.59000    476.05106    494.51825    122.69013     44.00000
     1.61000    473.43611    493.55753    121.72322     44.00000
     1.63000    472.10512    492.56013    119.94032     44.00000
     1.65000    469.21609    495.02070    119.76053     44.00000
     1.67000    466.72803    492.42536    115.71846     44.00000
     1.69000    466.46347    489.36167    113.52009     44.00000
     1.71000    467.35165    494.10401    118.21528     44.00000
     1.73000    463.93525    491.07718    117.88802     44.00000
     1.75000    465.56813    486.88379    110.76997     44.00000
     1.77000    463.06289    486.94584    113.66947     44.00000
     1.79000    463.23566    483.99408    114.07632     44.00000
     1.81000    478.29105    485.92000    114.56349     44.00000
     1.83000    464.59056    483.38862    109.26433     44.00000
     1.85000    457.95635    484.04663    112.27182     44.00000
     1.87000    462.86250    482.40368    110.27569     44.00000
     1.89000    466.19414    480.38978    109.67963     44.00000
     1.91000    466.91733    481.04350    108.42458     44.00000
     1.93000    469.02368    481.25288    105.04163     44.00000
     1.95000    463.59650    483.06059    102.90359     44.00000
     1.97000    465.16172    483.07968    103.96113     44.00000
     1.99000    462.83739    482.69364    107.97926     44.00000
     2.01000    458.74892    484.54247    110.55119     43.00000
     2.03000    475.06556    486.68081    109.78934     43.00000
     2.05000    465.22038    483.00178    107.65747     42.00000
     2.07000    457.30391    481.07584    106.37561     42.00000
     2.09000    457.31817    478.86721    106.14347     42.00000
     2.11000    454.76929    482.23356    110.02419     42.00000
     2.13000    454.63110    487.61159    118.51804     42.00000
     2.15000    452.52865    485.16610    115.08684     43.00000
     2.17000    466.58404    490.93413    117.24314     44.00000
     2.19000    463.19763    489.89247    118.96710     44.00000
     2.21000    469.27458    489.92782    120.02533     44.00000
     2.23000    467.37404    487.45274    116.63489     44.00000
     2.25000    463.73076    487.65288    118.36383     44.00000
     2.27000    459.09925    490.35732    123.93333     44.00000
     2.29000    458.70766    488.50376    119.71729     44.00000
     2.31000    467.45000    488.79964    117.73915     44.00000
     2.33000    461.74656    485.42290    114.96617     44.00000
     2.35000    458.14622    484.67697    113.72358     44.00000
     2.37000    460.95418    487.01267    115.94696     44.00000
     2.39000    454.90119    487.03201    113.58187     44.00000
     2.41000    454.55603    484.08163    108.25248     44.00000
     2.43000    463.07353    481.73068    102.72232     44.00000
     2.45000    464.01755    483.03912    102.15794     44.00000
     2.47000    470.83245    485.41480    102.67486     44.00000
     2.49000    466.28525    486.03659    101.77441     44.00000
     2.51000    470.46184    487.25760    104.33519     44.00000
     2.53000    463.41422    489.40700    108.00277     44.00000
     2.55000    458.69194    489.16454    106.64680     44.00000
     2.57000    464.62865    488.71432    104.58076     44.00000
     2.59000    467.42580    487.09538    104.75233     44.00000
     2.61000    464.79107    484.75983    104.79489     44.00000
     2.63000    465.20886    480.51221    102.18337     44.00000
     2.65000    462.27308    479.62427    103.83458     44.00000
     2.67000    467.16353    484.78491    103.20112     43.00000
     2.69000    458.16010    480.49012    104.35187     44.00000
     2.71000    455.76130    479.46669    101.12128     44.00000
     2.73000    456.15366    484.39207    106.05142     44.00000
     2.75000    454.75200    486.08463    109.04971     44.00000
     2.77000    459.69603    488.16015    111.02637     44.00000
     2.79000    460.75450    484.44193    109.84015     44.00000
     2.81000    461.48458    481.75895    107.46494     44.00000
     2.83000    459.12268    482.95726    106.24659     44.00000
     2.85000    461.15968    486.21316    107.54831     44.00000
     2.87000    457.13168    485.70256    109.54318     44.00000
     2.89000    456.22748    485.36866    109.32215     44.00000
     2.91000    456.42867    483.18981    108.55812     44.00000
     2.93000    454.04079    481.14087    106.32635     44.00000
     2.95000    449.04500    476.44938    105.58910     43.00000
     2.97000    445.94692    480.88009    111.64473     44.00000
     2.99000    447.53986    481.94444    112.28880     44.00000
     3.01000    453.47052    479.96755    111.78160     44.00000
     3.03000    454.07000    480.33785    111.49138     44.00000
     3.05000    453.81588    480.23023    111.38674     44.00000
     3.07000    451.96775    479.69386    111.45403     44.00000
     3.09000    452.67951    479.51084    111.61362     44.00000
     3.11000    453.26417    478.89245    111.78345     44.00000
     3.13000    449.59863    477.59051    109.92240     44.00000
     3.15000    453.34129    479.50024    108.19729     44.00000
     3.17000    451.03250    478.62195    109.31453     44.00000
     3.19000    451.60758    478.04440    111.05921     44.00000
     3.21000    448.52760    478.49094    112.66834     44.00000
     3.23000    451.11275    478.40837    112.08641     44.00000
     3.25000    451.87756    477.93932    109.20553     44.00000
     3.27000    451.24936    478.00907    109.42730     44.00000
     3.29000    451.85579    480.09441    112.14561     43.00000
     3.31000    456.21333    479.70843    110.16476     43.00000
     3.33000    455.69552    481.11769    109.95660     42.00000
     3.35000    459.03189    482.05639    107.88551     42.00000
     3.37000    459.15842    479.67138    105.61778     42.00000
     3.39000    455.30793    478.35446    105.09604     42.00000
     3.41000    452.86484    477.95672    105.02500     42.00000
     3.43000    450.92023    481.10021    104.68132     42.00000
     3.45000    451.39188    479.35417    104.87730     42.00000
     3.47000    449.57205    478.24494    104.88142     42.00000
     3.49000    448.62007    477.44552    103.74851     42.00000
     3.51000    450.34015    476.99725    102.49779     42.00000
     3.53000    449.08480    477.91310    100.49294     42.00000
     3.55000    453.17093    477.32271    101.33150     42.00000
     3.57000    454.07892    476.48462    102.92087     42.00000
     3.59000    450.56068    475.36923    102.26754     42.00000
     3.61000    451.04322    475.20238    103.68549     42.00000
     3.63000    451.08585    475.09584    102.04064     42.00000
     3.65000    444.87406    476.98802    102.24267     42.00000
     3.67000    441.84516    475.80889    100.81355     42.00000
     3.69000    440.09581    473.29752     99.15868     42.00000
     3.71000    444.13178    472.33180    100.00441     42.00000
     3.73000    443.02875    473.30655    100.14225     42.00000
     3.75000    435.57186    473.06937     99.38172     42.00000
     3.77000    435.27768    470.21202    100.56891     42.00000
     3.79000    439.92087    469.58788     98.21190     42.00000
     3.81000    442.34846    469.25115     98.76335     42.00000
     3.83000    443.24932    470.16653     98.76589     42.00000
     3.85000    441.71343    471.26505     93.36380     42.00000
     3.87000    442.90733    468.69116     93.38774     42.00000
     3.89000    442.24806    472.30091     94.11654     41.00000
     3.91000    439.33592    470.89007     94.87681     42.00000
     3.93000    440.05264    469.85406     95.33027     42.00000
     3.95000    439.12029    470.84995     92.09691     42.00000
     3.97000    445.33027    476.86810     95.02999     43.00000
     3.99000    446.92038    477.91655     93.32666     43.00000
     4.01000    446.28417    476.86761     92.37955     43.00000
     4.03000    450.64071    477.37288     91.30772     43.00000
     4.05000    447.63417    475.91105     90.72440     43.00000
     4.07000    451.29875    477.04279     91.50510     43.00000
     4.09000    446.71240    478.36394     90.12719     43.00000
     4.11000    447.43154    480.81782     90.99488     43.00000
     4.13000    442.40154    480.19229     89.92668     43.00000
     4.15000    444.83560    481.33449     90.87755     43.00000
     4.17000    450.63440    483.14071     88.69160     43.00000
     4.19000    451.10357    484.32117     91.50210     43.00000
     4.21000    449.63333    481.88950     92.18866     43.00000
     4.23000    446.60077    482.43045     94.72641     43.00000
     4.25000    448.88500    482.73324     95.08847     43.00000
     4.27000    456.22100    483.04818     95.48042     43.00000
     4.29000    454.52583    482.28020     94.32961     43.00000
     4.31000    459.03833    481.28466     91.42322     43.00000
     4.33000    457.79438    481.12388     92.98650     43.00000
     4.35000    458.10462    481.40236     90.96560     43.00000
     4.37000    460.63625    479.94041     91.51206     43.00000
     4.39000    463.17500    478.94571     91.36250     43.00000
     4.41000    459.24800    480.11498     91.50613     43.00000
     4.43000    460.54000    480.01409     93.74327     43.00000
     4.45000    452.74722    478.78112     93.16012     43.00000
     4.47000    458.77724    478.27640     90.41754     43.00000
     4.49000    454.56182    476.59030     91.33230     43.00000
     4.51000    455.24375    476.32271     90.48041     43.00000
     4.53000    448.57625    479.79947     93.35644     43.00000
     4.55000    461.31347    482.37150     95.03901     42.00000
     4.57000    456.69741    481.15713     98.79089     42.00000
     4.59000    451.52655    482.12780     98.42410     42.00000
     4.61000    447.41556    477.37021     96.30801     42.00000
     4.63000    448.56199    478.55310     98.10198     42.00000
     4.65000    453.22925    478.19450    101.72131     42.00000
     4.67000    448.95782    477.70357    101.05171     42.00000
     4.69000    462.23643    478.78331    103.72317     42.00000
     4.71000    446.72469    475.27481    101.74183     42.00000
     4.73000    446.18111    474.74582    102.19470     42.00000
     4.75000    449.97039    475.15518    103.81441     42.00000
     4.77000    450.94683    474.73300    102.40038     42.00000
     4.79000    458.33604    477.33013    105.51738     42.00000
     4.81000    456.43329    476.15345    101.59147     42.00000
     4.83000    455.19652    475.77515     99.62959     42.00000
     4.85000    465.98750    482.73118    105.70407     43.00000
     4.87000    462.70804    477.92802     97.47377     42.00000
     4.89000    463.21091    484.68132    107.66553     43.00000
     4.91000    453.73862    487.22340    108.39789     43.00000
     4.93000    454.86000    483.83469    110.16043     43.00000
     4.95000    453.12385    484.19397    111.21969     43.00000
     4.97000    459.15294    485.95434    113.50994     43.00000
     4.99000    456.00933    484.72328    111.73392     43.00000
