    -1.99000      0.44778      0.52264      0.23670     13.00000
    -1.97000      0.51143      0.50925      0.25674     13.00000
    -1.95000      0.43587      0.42770      0.20958     13.00000
    -1.93000      0.40800      0.42795      0.15735     13.00000
    -1.91000      0.35864      0.49683      0.30196     13.00000
    -1.89000      0.32671      0.48839      0.35045     13.00000
    -1.87000      0.28623      0.43146      0.30298     13.00000
    -1.85000      0.37000      0.43728      0.21964     13.00000
    -1.83000      0.29292      0.39429      0.21344     13.00000
    -1.81000      0.35415      0.38410      0.16758     13.00000
    -1.79000      0.36005      0.41349      0.17513     13.00000
    -1.77000      0.46850      0.47524      0.23161     13.00000
    -1.75000      0.41667      0.47420      0.25914     13.00000
    -1.73000      0.46500      0.46032      0.28060     13.00000
    -1.71000      0.39567      0.42259      0.20023     13.00000
    -1.69000      0.37250      0.43210      0.18352     13.00000
    -1.67000      0.40922      0.48721      0.29574     13.00000
    -1.65000      0.31500      0.38967      0.21610     13.00000
    -1.63000      0.30825      0.41803      0.25536     13.00000
    -1.61000      0.32392      0.44576      0.26073     13.00000
    -1.59000      0.35020      0.49799      0.33829     13.00000
    -1.57000      0.36582      0.49440      0.29165     13.00000
    -1.55000      0.32833      0.39814      0.21135     13.00000
    -1.53000      0.38700      0.44363      0.23722     13.00000
    -1.51000      0.41800      0.44719      0.20363     13.00000
    -1.49000      0.37089      0.43374      0.18141     13.00000
    -1.47000      0.40121      0.50247      0.33491     13.00000
    -1.45000      0.36288      0.44614      0.18635     13.00000
    -1.43000      0.37744      0.40860      0.14534     13.00000
    -1.41000      0.38800      0.51843      0.36237     13.00000
    -1.39000      0.38583      0.47675      0.22231     13.00000
    -1.37000      0.36073      0.41036      0.19663     13.00000
    -1.35000      0.39139      0.50796      0.29738     13.00000
    -1.33000      0.43612      0.46370      0.18617     13.00000
    -1.31000      0.45670      0.50058      0.22081     13.00000
    -1.29000      0.39922      0.38839      0.14277     13.00000
    -1.27000      0.43295      0.42537      0.21395     13.00000
    -1.25000      0.35808      0.42680      0.24642     13.00000
    -1.23000      0.30189      0.37135      0.18338     13.00000
    -1.21000      0.32017      0.45255      0.24176     13.00000
    -1.19000      0.37022      0.44624      0.24409     13.00000
    -1.17000      0.42600      0.45925      0.25212     13.00000
    -1.15000      0.33954      0.47363      0.30937     13.00000
    -1.13000      0.34500      0.42848      0.21171     13.00000
    -1.11000      0.42948      0.49836      0.22433     13.00000
    -1.09000      0.43638      0.50839      0.19703     13.00000
    -1.07000      0.51091      0.53161      0.25326     13.00000
    -1.05000      0.46844      0.61854      0.35014     13.00000
    -1.03000      0.45100      0.56227      0.28588     13.00000
    -1.01000      0.51367      0.55344      0.20898     13.00000
    -0.99000      0.51170      0.56452      0.23478     13.00000
    -0.97000      0.47943      0.59515      0.29494     13.00000
    -0.95000      0.44956      0.55159      0.24561     13.00000
    -0.93000      0.45267      0.52612      0.24431     13.00000
    -0.91000      0.54222      0.53694      0.16224     13.00000
    -0.89000      0.51655      0.57899      0.21185     13.00000
    -0.87000      0.49914      0.54343      0.20618     13.00000
    -0.85000      0.49350      0.52561      0.14850     13.00000
    -0.83000      0.50256      0.51634      0.17322     13.00000
    -0.81000      0.47773      0.53974      0.25076     13.00000
    -0.79000      0.55908      0.51817      0.18041     13.00000
    -0.77000      0.44444      0.53089      0.23806     13.00000
    -0.75000      0.46375      0.47990      0.19262     13.00000
    -0.73000      0.46627      0.43664      0.15429     13.00000
    -0.71000      0.33185      0.41760      0.18462     13.00000
    -0.69000      0.38233      0.44820      0.18502     13.00000
    -0.67000      0.43822      0.50332      0.29805     13.00000
    -0.65000      0.47182      0.52319      0.30602     13.00000
    -0.63000      0.32300      0.50507      0.35475     13.00000
    -0.61000      0.40478      0.48473      0.27594     13.00000
    -0.59000      0.46271      0.53771      0.41346     13.00000
    -0.57000      0.38612      0.49446      0.23539     13.00000
    -0.55000      0.40664      0.51435      0.28782     13.00000
    -0.53000      0.43000      0.52010      0.21345     13.00000
    -0.51000      0.50075      0.54521      0.29276     13.00000
    -0.49000      0.52023      0.54555      0.31106     13.00000
    -0.47000      0.50683      0.56585      0.30031     13.00000
    -0.45000      0.41667      0.51792      0.22653     13.00000
    -0.43000      0.44788      0.51712      0.26283     13.00000
    -0.41000      0.45625      0.55033      0.23201     13.00000
    -0.39000      0.49938      0.57209      0.28377     13.00000
    -0.37000      0.56356      0.68430      0.33068     13.00000
    -0.35000      0.61792      0.71809      0.34268     13.00000
    -0.33000      0.59613      0.73718      0.45780     13.00000
    -0.31000      0.45471      0.69880      0.43010     13.00000
    -0.29000      0.49250      0.58751      0.29879     13.00000
    -0.27000      0.52100      0.64506      0.35647     13.00000
    -0.25000      0.58379      0.60471      0.16643     13.00000
    -0.23000      0.58150      0.72391      0.29905     13.00000
    -0.21000      0.60823      0.65188      0.27653     13.00000
    -0.19000      0.49817      0.59454      0.25159     13.00000
    -0.17000      0.76715      0.83665      0.41538     13.00000
    -0.15000      0.64325      0.79999      0.41776     13.00000
    -0.13000      0.65333      0.77068      0.40355     13.00000
    -0.11000      0.62450      0.79117      0.46928     13.00000
    -0.09000      0.67736      0.74907      0.29516     13.00000
    -0.07000      0.90312      0.91565      0.34052     13.00000
    -0.05000      0.85333      0.91082      0.33079     13.00000
    -0.03000      1.00345      1.05821      0.50549     13.00000
    -0.01000      1.20267      1.43931      0.91436     13.00000
     0.01000      2.61413      2.75139      1.07255     13.00000
     0.03000      2.43622      2.57234      0.77360     13.00000
     0.05000      2.74031      2.65910      1.23355     13.00000
     0.07000      2.48643      2.68985      1.22636     13.00000
     0.09000      2.21950      2.43105      1.07856     13.00000
     0.11000      2.22317      2.65845      1.14752     13.00000
     0.13000      2.18462      2.52268      1.05136     13.00000
     0.15000      1.86992      2.01338      0.96019     13.00000
     0.17000      1.76015      2.19958      0.95954     13.00000
     0.19000      1.48467      1.84749      0.84456     13.00000
     0.21000      2.25033      2.01955      0.79329     13.00000
     0.23000      2.06244      2.04774      1.01174     13.00000
     0.25000      1.66450      1.78896      0.70246     13.00000
     0.27000      1.87250      1.70467      0.79466     13.00000
     0.29000      0.99608      1.46117      0.84258     13.00000
     0.31000      1.91767      1.80639      0.90055     13.00000
     0.33000      1.45813      1.46364      0.54375     13.00000
     0.35000      1.65000      1.66721      0.78590     13.00000
     0.37000      1.22108      1.40048      0.65146     13.00000
     0.39000      1.15707      1.18614      0.33816     13.00000
     0.41000      1.69271      1.65850      0.65089     13.00000
     0.43000      1.54811      1.72966      0.65968     13.00000
     0.45000      1.37189      1.44657      0.54459     13.00000
     0.47000      1.09737      1.42771      0.76660     13.00000
     0.49000      1.33822      1.47646      0.77066     13.00000
     0.51000      1.28671      1.28396      0.47485     13.00000
     0.53000      1.25200      1.46009      0.89163     13.00000
     0.55000      1.16615      1.42329      0.98779     13.00000
     0.57000      1.06750      1.37447      0.87863     13.00000
     0.59000      0.98444      1.40897      1.19460     13.00000
     0.61000      0.82900      1.13621      0.65239     13.00000
     0.63000      0.87873      1.14350      0.69689     13.00000
     0.65000      0.98125      1.26668      0.64493     13.00000
     0.67000      0.76233      1.10939      0.67231     13.00000
     0.69000      1.09500      1.07929      0.46927     13.00000
     0.71000      1.08600      1.07677      0.60202     13.00000
     0.73000      1.22450      1.17646      0.66073     13.00000
     0.75000      1.06258      1.26002      0.62496     13.00000
     0.77000      1.26045      1.34085      0.94129     13.00000
     0.79000      0.99056      1.08322      0.55665     13.00000
     0.81000      1.01985      1.09532      0.49724     13.00000
     0.83000      0.99056      0.96463      0.39647     13.00000
     0.85000      0.92707      1.02046      0.54607     13.00000
     0.87000      0.74856      0.99808      0.54507     13.00000
     0.89000      0.87757      0.91268      0.49152     13.00000
     0.91000      0.99050      0.93801      0.42237     13.00000
     0.93000      0.92575      0.91256      0.38663     13.00000
     0.95000      0.83000      0.82625      0.42203     13.00000
     0.97000      0.77038      0.80845      0.33185     13.00000
     0.99000      0.63473      0.78170      0.40155     13.00000
     1.01000      0.59708      0.80924      0.55519     13.00000
     1.03000      0.80175      0.86796      0.53778     13.00000
     1.05000      1.00188      1.01984      0.68823     13.00000
     1.07000      0.78058      1.02371      0.80448     13.00000
     1.09000      0.72378      1.00987      0.83144     13.00000
     1.11000      0.58600      0.73159      0.40876     13.00000
     1.13000      0.62317      0.88262      0.63008     13.00000
     1.15000      0.61773      0.73257      0.42140     13.00000
     1.17000      0.52367      0.68481      0.50446     13.00000
     1.19000      0.72550      0.73405      0.41639     13.00000
     1.21000      0.51310      0.75867      0.60769     13.00000
     1.23000      0.68233      0.65719      0.45825     13.00000
     1.25000      0.46550      0.73042      0.77199     13.00000
     1.27000      0.59100      0.71454      0.53085     13.00000
     1.29000      0.39150      0.78255      0.83432     13.00000
     1.31000      0.40690      0.70089      0.68968     13.00000
     1.33000      0.54360      0.66716      0.55532     13.00000
     1.35000      0.53900      0.75149      0.73981     13.00000
     1.37000      0.43008      0.63952      0.68386     13.00000
     1.39000      0.30300      0.52617      0.49112     13.00000
     1.41000      0.39325      0.54817      0.44646     13.00000
     1.43000      0.43600      0.66799      0.62429     13.00000
     1.45000      0.40775      0.52129      0.42752     13.00000
     1.47000      0.31900      0.41626      0.25813     13.00000
     1.49000      0.36611      0.51454      0.54154     13.00000
     1.51000      0.41873      0.56857      0.42217     13.00000
     1.53000      0.37317      0.62910      0.68994     13.00000
     1.55000      0.37508      0.49854      0.33904     13.00000
     1.57000      0.59345      0.54717      0.35396     13.00000
     1.59000      0.30042      0.40860      0.29025     13.00000
     1.61000      0.25425      0.52255      0.49984     13.00000
     1.63000      0.28864      0.61202      0.86932     13.00000
     1.65000      0.25195      0.43625      0.42770     13.00000
     1.67000      0.27343      0.65278      0.99198     13.00000
     1.69000      0.32529      0.51456      0.44100     13.00000
     1.71000      0.29160      0.52889      0.58980     13.00000
     1.73000      0.29914      0.50816      0.43203     13.00000
     1.75000      0.22878      0.53748      0.59123     13.00000
     1.77000      0.29363      0.48815      0.45591     13.00000
     1.79000      0.29925      0.86690      1.66366     13.00000
     1.81000      0.34178      0.59822      0.77997     13.00000
     1.83000      0.34887      0.45290      0.37831     13.00000
     1.85000      0.33263      0.41769      0.25687     13.00000
     1.87000      0.29122      0.63513      0.71462     13.00000
     1.89000      0.30500      0.47265      0.45808     13.00000
     1.91000      0.37500      0.60548      0.87257     13.00000
     1.93000      0.37375      0.43426      0.24979     13.00000
     1.95000      0.30719      0.50926      0.53066     13.00000
     1.97000      0.31435      0.41411      0.31310     13.00000
     1.99000      0.32537      0.48455      0.51643     13.00000
     2.01000      0.35467      0.43687      0.26228     13.00000
     2.03000      0.28910      0.41467      0.28647     13.00000
     2.05000      0.38125      0.47738      0.33986     13.00000
     2.07000      0.33900      0.43734      0.33044     13.00000
     2.09000      0.32378      0.47806      0.45982     13.00000
     2.11000      0.36825      0.36677      0.16552     13.00000
     2.13000      0.33100      0.37070      0.20614     13.00000
     2.15000      0.42637      0.36672      0.19654     13.00000
     2.17000      0.32300      0.38672      0.28147     13.00000
     2.19000      0.24558      0.40506      0.27493     13.00000
     2.21000      0.29610      0.37293      0.21956     13.00000
     2.23000      0.38050      0.42753      0.30352     13.00000
     2.25000      0.28037      0.40061      0.22921     13.00000
     2.27000      0.22275      0.43486      0.34983     13.00000
     2.29000      0.25789      0.48689      0.43845     13.00000
     2.31000      0.26756      0.35961      0.22272     13.00000
     2.33000      0.25515      0.37567      0.26290     13.00000
     2.35000      0.37200      0.44236      0.35070     13.00000
     2.37000      0.38800      0.50849      0.38124     13.00000
     2.39000      0.36000      0.45044      0.29570     13.00000
     2.41000      0.44767      0.49666      0.32828     13.00000
     2.43000      0.55119      0.46180      0.28466     13.00000
     2.45000      0.43900      0.45875      0.31490     13.00000
     2.47000      0.47533      0.46146      0.30778     13.00000
     2.49000      0.42650      0.43890      0.25754     13.00000
     2.51000      0.34122      0.42182      0.27153     13.00000
     2.53000      0.28022      0.46144      0.33130     13.00000
     2.55000      0.53581      0.49072      0.31235     13.00000
     2.57000      0.33325      0.52014      0.35325     13.00000
     2.59000      0.55033      0.55627      0.31580     13.00000
     2.61000      0.50633      0.62612      0.42272     13.00000
     2.63000      0.42910      0.46039      0.25083     13.00000
     2.65000      0.32300      0.56802      0.38345     13.00000
     2.67000      0.28100      0.53209      0.41156     13.00000
     2.69000      0.27048      0.42743      0.29387     13.00000
     2.71000      0.29990      0.49676      0.37784     13.00000
     2.73000      0.30356      0.46508      0.39666     13.00000
     2.75000      0.31000      0.59495      0.60504     13.00000
     2.77000      0.44615      0.48181      0.33419     13.00000
     2.79000      0.39138      0.51587      0.31901     13.00000
     2.81000      0.38440      0.45219      0.30416     13.00000
     2.83000      0.35491      0.42885      0.27621     13.00000
     2.85000      0.38067      0.48364      0.38782     13.00000
     2.87000      0.41400      0.55661      0.40306     13.00000
     2.89000      0.48356      0.51199      0.34141     13.00000
     2.91000      0.39383      0.50124      0.37130     13.00000
     2.93000      0.25311      0.51494      0.44643     13.00000
     2.95000      0.35375      0.53063      0.41061     13.00000
     2.97000      0.31357      0.61629      0.66325     13.00000
     2.99000      0.32011      0.48322      0.33520     13.00000
     3.01000      0.43973      0.43223      0.21410     13.00000
     3.03000      0.31067      0.45655      0.28754     13.00000
     3.05000      0.43775      0.40441      0.20639     13.00000
     3.07000      0.43133      0.45704      0.24077     13.00000
     3.09000      0.35587      0.44445      0.26901     13.00000
     3.11000      0.44033      0.46259      0.21779     13.00000
     3.13000      0.38136      0.46944      0.24274     13.00000
     3.15000      0.37344      0.49806      0.29862     13.00000
     3.17000      0.39325      0.47697      0.33400     13.00000
     3.19000      0.40500      0.48129      0.33311     13.00000
     3.21000      0.40400      0.45487      0.27593     13.00000
     3.23000      0.37956      0.38775      0.21775     13.00000
     3.25000      0.32288      0.38976      0.23092     13.00000
     3.27000      0.33733      0.41585      0.24900     13.00000
     3.29000      0.29976      0.38986      0.20916     13.00000
     3.31000      0.34136      0.37385      0.19147     13.00000
     3.33000      0.32333      0.40189      0.22947     13.00000
     3.35000      0.39622      0.37483      0.16283     13.00000
     3.37000      0.33580      0.40581      0.26646     13.00000
     3.39000      0.52900      0.49089      0.26109     13.00000
     3.41000      0.39325      0.43686      0.28283     13.00000
     3.43000      0.31844      0.39839      0.19822     13.00000
     3.45000      0.32200      0.41036      0.27803     13.00000
     3.47000      0.26289      0.36205      0.25192     13.00000
     3.49000      0.30012      0.35243      0.20562     13.00000
     3.51000      0.34258      0.40431      0.23374     13.00000
     3.53000      0.34324      0.40646      0.22737     13.00000
     3.55000      0.33156      0.40565      0.22127     13.00000
     3.57000      0.33333      0.41733      0.23811     13.00000
     3.59000      0.28121      0.36813      0.16778     13.00000
     3.61000      0.31050      0.35529      0.17884     13.00000
     3.63000      0.34638      0.35711      0.15715     13.00000
     3.65000      0.33800      0.38059      0.14105     13.00000
     3.67000      0.31211      0.34697      0.14059     13.00000
     3.69000      0.34056      0.39749      0.20208     13.00000
     3.71000      0.26692      0.37236      0.25155     13.00000
     3.73000      0.29400      0.35820      0.19885     13.00000
     3.75000      0.38800      0.36271      0.15022     13.00000
     3.77000      0.36425      0.38616      0.19352     13.00000
     3.79000      0.32133      0.36191      0.17165     13.00000
     3.81000      0.31467      0.40067      0.25327     13.00000
     3.83000      0.27950      0.35608      0.17859     13.00000
     3.85000      0.31638      0.35862      0.19262     13.00000
     3.87000      0.37781      0.39731      0.19739     13.00000
     3.89000      0.28608      0.37334      0.15748     13.00000
     3.91000      0.26500      0.35520      0.17290     13.00000
     3.93000      0.34067      0.39800      0.20025     13.00000
     3.95000      0.40883      0.40370      0.16115     13.00000
     3.97000      0.36967      0.35982      0.12418     13.00000
     3.99000      0.34967      0.41438      0.18129     13.00000
     4.01000      0.33733      0.40598      0.19525     13.00000
     4.03000      0.29904      0.40978      0.26402     13.00000
     4.05000      0.28908      0.36587      0.19350     13.00000
     4.07000      0.39178      0.41552      0.23240     13.00000
     4.09000      0.35567      0.35384      0.17781     13.00000
     4.11000      0.27375      0.33284      0.17753     13.00000
     4.13000      0.26300      0.31680      0.18241     13.00000
     4.15000      0.27262      0.33066      0.23393     13.00000
     4.17000      0.28500      0.32748      0.19479     13.00000
     4.19000      0.25085      0.35725      0.21680     13.00000
     4.21000      0.27508      0.35715      0.21900     13.00000
     4.23000      0.31130      0.41667      0.31072     13.00000
     4.25000      0.24958      0.43256      0.32733     13.00000
     4.27000      0.36246      0.53039      0.45990     13.00000
     4.29000      0.24743      0.36568      0.27395     13.00000
     4.31000      0.32078      0.41591      0.42595     13.00000
     4.33000      0.26423      0.36696      0.25446     13.00000
     4.35000      0.22658      0.39189      0.30126     13.00000
     4.37000      0.26450      0.42284      0.44183     13.00000
     4.39000      0.27213      0.50143      0.56108     13.00000
     4.41000      0.34525      0.38331      0.20083     13.00000
     4.43000      0.29133      0.41859      0.25254     13.00000
     4.45000      0.30813      0.44539      0.31194     13.00000
     4.47000      0.34779      0.42436      0.29033     13.00000
     4.49000      0.36450      0.42364      0.24973     13.00000
     4.51000      0.39533      0.46980      0.28694     13.00000
     4.53000      0.39800      0.47332      0.26449     13.00000
     4.55000      0.39167      0.50387      0.30358     13.00000
     4.57000      0.31727      0.44177      0.26679     13.00000
     4.59000      0.30867      0.37576      0.20195     13.00000
     4.61000      0.37027      0.44037      0.21418     13.00000
     4.63000      0.43364      0.47539      0.26475     13.00000
     4.65000      0.40633      0.50006      0.37221     13.00000
     4.67000      0.41367      0.48966      0.44756     13.00000
     4.69000      0.38282      0.50298      0.45761     13.00000
     4.71000      0.34917      0.46313      0.28196     13.00000
     4.73000      0.41475      0.47546      0.27993     13.00000
     4.75000      0.40775      0.51228      0.30984     13.00000
     4.77000      0.43167      0.51692      0.41370     13.00000
     4.79000      0.45500      0.62734      0.59229     13.00000
     4.81000      0.43886      0.72036      0.93031     13.00000
     4.83000      0.47722      0.54507      0.44756     13.00000
     4.85000      0.43567      0.52149      0.51586     13.00000
     4.87000      0.47217      0.45051      0.25639     13.00000
     4.89000      0.43867      0.50692      0.40594     13.00000
     4.91000      0.40396      0.42109      0.26737     13.00000
     4.93000      0.41625      0.44415      0.28068     13.00000
     4.95000      0.49567      0.49075      0.26419     13.00000
     4.97000      0.54717      0.51954      0.26932     13.00000
     4.99000      0.60000      0.52642      0.25026     13.00000
