    -1.99000      5.15648      5.33236      1.88973     18.00000
    -1.97000      4.61754      5.20790      2.22632     18.00000
    -1.95000      4.91161      5.38583      2.45657     18.00000
    -1.93000      5.26329      5.63286      2.38363     18.00000
    -1.91000      5.51598      5.81226      2.48502     18.00000
    -1.89000      5.38381      5.68948      2.31095     18.00000
    -1.87000      5.69889      5.64521      2.14024     18.00000
    -1.85000      5.57721      5.61531      2.02820     18.00000
    -1.83000      5.82203      5.70518      1.94190     18.00000
    -1.81000      5.88312      5.71023      1.99095     18.00000
    -1.79000      5.79574      5.75786      2.13002     18.00000
    -1.77000      5.73569      5.67954      2.06745     18.00000
    -1.75000      5.55908      5.71775      2.00726     18.00000
    -1.73000      5.55782      5.71701      2.00173     18.00000
    -1.71000      5.94763      5.82169      2.03025     18.00000
    -1.69000      5.66118      5.71785      2.09318     18.00000
    -1.67000      5.33453      5.66658      1.94075     18.00000
    -1.65000      5.26761      5.77335      2.03587     18.00000
    -1.63000      5.21173      5.69903      1.92001     18.00000
    -1.61000      5.39699      5.64836      1.84856     18.00000
    -1.59000      6.26384      5.84091      1.95237     18.00000
    -1.57000      6.21058      5.69803      1.92904     18.00000
    -1.55000      6.06162      5.65055      1.84486     18.00000
    -1.53000      6.06312      5.71575      1.87253     18.00000
    -1.51000      5.39940      5.61388      1.85813     18.00000
    -1.49000      5.45326      5.59223      1.84015     18.00000
    -1.47000      5.65068      5.69942      1.83020     18.00000
    -1.45000      5.50750      5.73144      1.80345     18.00000
    -1.43000      5.54517      5.72358      1.73112     18.00000
    -1.41000      5.55341      5.65625      1.61839     18.00000
    -1.39000      5.73379      5.62502      1.57230     18.00000
    -1.37000      5.64992      5.62947      1.55965     18.00000
    -1.35000      5.64969      5.52954      1.56312     18.00000
    -1.33000      5.33208      5.52082      1.54836     18.00000
    -1.31000      5.53271      5.56580      1.55193     18.00000
    -1.29000      5.58823      5.60407      1.91918     18.00000
    -1.27000      5.67671      5.71147      2.12134     18.00000
    -1.25000      5.83480      5.68977      2.00467     18.00000
    -1.23000      5.78891      5.74783      1.94267     18.00000
    -1.21000      5.78285      5.60055      2.05371     18.00000
    -1.19000      5.61639      5.56805      2.07611     18.00000
    -1.17000      5.65316      5.56301      2.11732     18.00000
    -1.15000      5.41761      5.45219      2.07515     18.00000
    -1.13000      5.38691      5.52780      1.82537     18.00000
    -1.11000      5.48914      5.64604      1.73624     18.00000
    -1.09000      5.39547      5.58798      1.70572     18.00000
    -1.07000      5.49975      5.57415      1.65927     18.00000
    -1.05000      5.26195      5.45461      1.65135     18.00000
    -1.03000      5.24569      5.53938      1.82426     18.00000
    -1.01000      5.29939      5.62623      2.01147     18.00000
    -0.99000      5.44981      5.51860      1.88569     18.00000
    -0.97000      5.46794      5.58245      1.85278     18.00000
    -0.95000      5.52997      5.50773      1.69754     18.00000
    -0.93000      5.37952      5.39203      1.50986     18.00000
    -0.91000      5.42260      5.37304      1.52250     18.00000
    -0.89000      5.42314      5.52504      1.72324     18.00000
    -0.87000      5.38433      5.50391      1.83740     18.00000
    -0.85000      5.34680      5.44519      1.89083     18.00000
    -0.83000      5.32400      5.59674      2.08770     18.00000
    -0.81000      5.49663      5.64388      2.17003     18.00000
    -0.79000      5.53885      5.68892      2.15538     18.00000
    -0.77000      5.40911      5.62985      2.14013     18.00000
    -0.75000      5.31878      5.57633      2.03938     18.00000
    -0.73000      5.28171      5.52672      1.97321     18.00000
    -0.71000      5.38011      5.52119      1.91493     18.00000
    -0.69000      5.43665      5.53913      1.96782     18.00000
    -0.67000      5.66968      5.62448      1.99340     18.00000
    -0.65000      5.55808      5.56651      1.74914     18.00000
    -0.63000      5.60649      5.61941      1.68602     18.00000
    -0.61000      5.67955      5.70205      1.76542     18.00000
    -0.59000      5.75137      5.71847      1.78104     18.00000
    -0.57000      5.67887      5.67999      1.73943     18.00000
    -0.55000      5.86038      5.76986      1.79526     18.00000
    -0.53000      5.81195      5.71396      1.65363     18.00000
    -0.51000      5.83248      5.54765      1.47137     18.00000
    -0.49000      5.72223      5.46224      1.41790     18.00000
    -0.47000      5.39491      5.44762      1.43399     18.00000
    -0.45000      4.82683      5.28681      1.42396     18.00000
    -0.43000      5.11393      5.42968      1.62642     18.00000
    -0.41000      5.68969      5.57340      1.75110     18.00000
    -0.39000      5.24568      5.46378      1.82612     18.00000
    -0.37000      5.15477      5.52829      1.77757     18.00000
    -0.35000      5.25362      5.56384      1.95083     18.00000
    -0.33000      5.19898      5.48503      2.06161     18.00000
    -0.31000      5.25518      5.63208      2.55354     18.00000
    -0.29000      5.50609      5.84226      2.73765     18.00000
    -0.27000      5.46222      5.88436      2.79621     18.00000
    -0.25000      5.44533      5.88178      2.89551     18.00000
    -0.23000      5.37867      5.80822      3.02209     18.00000
    -0.21000      5.08673      5.70917      2.96109     18.00000
    -0.19000      5.04383      5.71997      3.02622     18.00000
    -0.17000      4.95527      5.80462      3.06492     18.00000
    -0.15000      5.08211      5.93429      3.00263     18.00000
    -0.13000      4.88765      6.00279      3.05781     18.00000
    -0.11000      4.94255      5.97181      3.03183     18.00000
    -0.09000      5.21999      5.98992      3.00181     18.00000
    -0.07000      5.24081      5.93518      2.92627     18.00000
    -0.05000      5.31523      5.98434      2.94669     18.00000
    -0.03000      5.32850      6.13971      3.06510     18.00000
    -0.01000      5.50906      6.53280      3.14806     18.00000
     0.01000      9.39312     10.46094      6.71625     18.00000
     0.03000     11.50067     12.17096      6.94952     18.00000
     0.05000     10.29567     12.46919      7.22129     18.00000
     0.07000     10.66786     12.41432      7.33144     18.00000
     0.09000     10.86605     12.32907      7.20082     18.00000
     0.11000     10.32712     12.25416      7.15387     18.00000
     0.13000     10.79757     11.59294      6.57123     18.00000
     0.15000     10.42049     11.44017      6.19109     18.00000
     0.17000     10.03263     11.09377      6.14263     18.00000
     0.19000     10.72716     11.37621      5.66315     18.00000
     0.21000      9.90417     11.41827      5.64523     18.00000
     0.23000      9.91258     11.57986      5.59790     18.00000
     0.25000     10.82372     11.55371      5.41387     18.00000
     0.27000     10.69815     10.96983      5.66236     18.00000
     0.29000     10.38189     10.82251      5.35831     18.00000
     0.31000     10.08233     11.26121      4.85100     18.00000
     0.33000     10.29872     11.76226      5.08477     18.00000
     0.35000     10.22541     11.49159      4.82474     18.00000
     0.37000      9.86972     11.23948      4.87362     18.00000
     0.39000      9.33281     10.87216      4.99499     18.00000
     0.41000      9.55027     11.10309      5.29234     18.00000
     0.43000     10.56368     11.53321      5.00646     18.00000
     0.45000     10.19029     11.09478      5.28882     18.00000
     0.47000      9.47923     10.85286      5.62428     18.00000
     0.49000      9.24618     11.03052      6.00431     18.00000
     0.51000      9.72499     11.41404      6.09437     18.00000
     0.53000      9.36253     11.01742      6.21153     18.00000
     0.55000      9.25198     11.25067      6.12557     18.00000
     0.57000      9.26638     11.19413      6.05733     18.00000
     0.59000      8.83329     10.82091      5.10958     18.00000
     0.61000      9.36793     11.02235      4.95447     18.00000
     0.63000     10.36284     11.36719      5.02266     18.00000
     0.65000      9.67871     11.38828      5.17238     18.00000
     0.67000      9.76552     11.37786      4.92459     18.00000
     0.69000      9.50176     10.92569      4.62345     18.00000
     0.71000      9.61317     10.84714      4.66788     18.00000
     0.73000      9.55288     10.61028      4.64064     18.00000
     0.75000      9.39092     10.55935      4.66021     18.00000
     0.77000      9.39429     10.59257      4.58083     18.00000
     0.79000      9.46595     10.89666      4.34967     18.00000
     0.81000      9.41415     11.22478      4.57171     18.00000
     0.83000      9.21444     11.09423      4.38800     18.00000
     0.85000      9.14453     11.27490      4.79308     18.00000
     0.87000     10.16676     11.94751      4.95734     18.00000
     0.89000     10.35600     12.01522      4.92400     18.00000
     0.91000     10.58053     11.97424      4.63956     18.00000
     0.93000     10.16819     11.65062      4.28025     18.00000
     0.95000      9.93716     11.53139      4.50495     18.00000
     0.97000     10.21528     11.56268      4.54629     18.00000
     0.99000     10.06626     11.81114      4.23087     18.00000
     1.01000     10.98659     12.48719      4.40089     18.00000
     1.03000     12.12243     12.44034      4.14650     18.00000
     1.05000     12.86125     12.79969      4.35654     18.00000
     1.07000     12.89426     12.61175      4.14187     18.00000
     1.09000     12.47494     12.97480      5.14682     18.00000
     1.11000     12.86142     13.40865      5.07437     18.00000
     1.13000     12.97602     13.52651      5.02826     18.00000
     1.15000     13.60787     13.56152      4.86311     18.00000
     1.17000     13.60450     13.81637      4.54079     18.00000
     1.19000     13.81557     13.79951      4.55175     18.00000
     1.21000     13.70579     13.93237      4.46359     18.00000
     1.23000     13.49639     13.88285      4.35968     18.00000
     1.25000     13.26086     13.79970      4.34511     18.00000
     1.27000     13.02646     13.77241      4.38488     18.00000
     1.29000     13.38856     13.81511      4.23667     18.00000
     1.31000     13.47066     13.99873      4.09603     18.00000
     1.33000     13.75273     14.28841      4.04817     18.00000
     1.35000     14.15023     14.40718      4.02441     18.00000
     1.37000     13.77429     14.27397      3.91617     18.00000
     1.39000     13.81043     14.36034      3.86432     18.00000
     1.41000     13.85437     14.29657      3.78727     18.00000
     1.43000     13.88185     14.25595      3.75109     18.00000
     1.45000     14.71601     14.61763      3.77958     18.00000
     1.47000     14.86963     14.79448      3.87482     18.00000
     1.49000     14.43918     14.52981      3.57277     18.00000
     1.51000     14.28955     14.33169      3.55881     18.00000
     1.53000     14.36042     14.39843      3.32111     18.00000
     1.55000     14.46147     14.40526      3.35790     18.00000
     1.57000     14.62433     14.69342      3.50335     18.00000
     1.59000     14.66732     14.71096      3.43481     18.00000
     1.61000     14.43317     14.56580      3.42982     18.00000
     1.63000     14.41603     14.62974      3.41429     18.00000
     1.65000     14.37578     14.50074      3.39487     18.00000
     1.67000     14.32093     14.47032      3.43673     18.00000
     1.69000     14.08200     14.35102      3.55636     18.00000
     1.71000     13.34766     14.26465      3.64251     18.00000
     1.73000     13.47550     14.15153      3.73717     18.00000
     1.75000     13.64668     14.38719      3.65093     18.00000
     1.77000     13.66608     14.32426      3.57338     18.00000
     1.79000     13.67339     14.23894      3.49152     18.00000
     1.81000     13.61589     14.15305      3.63625     18.00000
     1.83000     13.51802     13.79228      3.81668     18.00000
     1.85000     13.44833     13.66975      4.13635     18.00000
     1.87000     13.51199     13.79006      4.13795     18.00000
     1.89000     13.44651     13.90541      4.12071     18.00000
     1.91000     13.37718     13.93331      4.17862     18.00000
     1.93000     13.34608     13.47241      4.34810     18.00000
     1.95000     13.25998     13.49241      4.28852     18.00000
     1.97000     13.21600     13.59570      4.39232     18.00000
     1.99000     13.20201     13.63441      4.28348     18.00000
     2.01000     13.13325     13.61484      4.26786     18.00000
     2.03000     12.97205     13.48487      4.30572     18.00000
     2.05000     13.24163     13.38603      4.21409     18.00000
     2.07000     13.53193     13.42322      4.23312     18.00000
     2.09000     13.49302     13.54508      4.18801     18.00000
     2.11000     13.57256     13.47540      4.00999     18.00000
     2.13000     13.09712     13.24934      4.01032     18.00000
     2.15000     13.10398     13.11103      4.24401     18.00000
     2.17000     12.70021     13.10268      4.12757     18.00000
     2.19000     12.48879     12.81226      4.31874     18.00000
     2.21000     12.14132     12.66188      4.40148     18.00000
     2.23000     12.05259     12.67819      4.25709     18.00000
     2.25000     12.29490     12.51650      4.31052     18.00000
     2.27000     12.48244     12.51454      4.26311     18.00000
     2.29000     12.35030     12.45227      4.24999     18.00000
     2.31000     12.42559     12.33028      4.32697     18.00000
     2.33000     12.87639     12.35655      4.32525     18.00000
     2.35000     12.53004     12.24154      4.46051     18.00000
     2.37000     11.35542     11.83422      4.69397     18.00000
     2.39000     11.80180     11.84320      4.70359     18.00000
     2.41000     11.79863     11.85197      4.71248     18.00000
     2.43000     11.86732     11.89656      4.69810     18.00000
     2.45000     11.84950     11.82743      4.72312     18.00000
     2.47000     11.02625     11.70802      4.68919     18.00000
     2.49000     11.34653     11.67648      4.75298     18.00000
     2.51000     11.83954     11.66861      4.78918     18.00000
     2.53000     11.79675     11.58966      4.78393     18.00000
     2.55000     11.23617     11.45875      4.88478     18.00000
     2.57000     11.25247     11.47485      4.90967     18.00000
     2.59000     11.59411     11.57357      4.83643     18.00000
     2.61000     11.86384     11.30945      5.04314     18.00000
     2.63000     11.50024     11.34683      4.94881     18.00000
     2.65000     11.54436     11.61161      4.86075     18.00000
     2.67000     11.44673     11.54048      4.80344     18.00000
     2.69000     11.11975     11.60005      4.70253     18.00000
     2.71000     10.94911     11.52762      4.78350     18.00000
     2.73000     11.07261     11.34015      4.60044     18.00000
     2.75000     10.93812     11.22981      4.59200     18.00000
     2.77000     10.82692     11.23420      4.70137     18.00000
     2.79000     10.99128     11.33498      4.65418     18.00000
     2.81000     10.77205     11.25201      4.59878     18.00000
     2.83000     10.27583     11.07931      4.66162     18.00000
     2.85000     10.39524     10.93449      4.80674     18.00000
     2.87000     10.24661     10.74417      4.85256     18.00000
     2.89000     10.33444     10.70886      4.80540     18.00000
     2.91000      9.85385     10.69934      4.80726     18.00000
     2.93000      9.73929     10.39740      4.90406     18.00000
     2.95000      9.69954     10.12969      5.01825     18.00000
     2.97000      9.61981     10.14795      4.96603     18.00000
     2.99000      9.60193     10.09868      4.94171     18.00000
     3.01000      9.31589     10.03111      4.99427     18.00000
     3.03000      9.46583     10.02374      4.92161     18.00000
     3.05000      9.46921      9.96168      4.93161     18.00000
     3.07000      9.39515      9.86864      4.95178     18.00000
     3.09000      9.40325      9.76005      4.84989     18.00000
     3.11000      9.33815      9.71444      4.77988     18.00000
     3.13000      9.58551      9.59996      4.78521     18.00000
     3.15000     10.64017     10.06716      5.04970     18.00000
     3.17000     10.17432      9.92929      5.05294     18.00000
     3.19000     10.28202     10.05474      5.52632     18.00000
     3.21000     10.20760     10.11096      5.90047     18.00000
     3.23000     10.26987     10.17161      5.88110     18.00000
     3.25000     10.02462     10.06478      5.84881     18.00000
     3.27000      9.95275     10.15780      6.10031     18.00000
     3.29000     10.12612     10.10591      6.14836     18.00000
     3.31000      9.78447     10.02200      6.19878     18.00000
     3.33000      8.85283      9.33514      5.25606     18.00000
     3.35000      8.78550      8.57676      4.19854     18.00000
     3.37000      8.07646      9.04673      4.83173     18.00000
     3.39000      8.38856      9.07774      4.77903     18.00000
     3.41000      8.57783      9.16934      4.81507     18.00000
     3.43000      8.62019      9.05250      5.03928     18.00000
     3.45000      9.21592      9.29620      5.12774     18.00000
     3.47000      9.28650      9.50964      5.11443     18.00000
     3.49000      9.60845      9.56444      4.70858     18.00000
     3.51000     10.09956      9.59180      4.60052     18.00000
     3.53000     10.27141     10.05557      4.58540     18.00000
     3.55000     10.69319      9.71026      4.60424     18.00000
     3.57000     10.03975      9.44837      4.39353     18.00000
     3.59000     10.06537      9.87204      4.73066     18.00000
     3.61000     10.14716     10.07152      5.04629     18.00000
     3.63000     10.10873      9.69551      4.98914     18.00000
     3.65000      9.90572      9.67441      4.80176     18.00000
     3.67000     10.00121      9.58323      4.46629     18.00000
     3.69000     10.14859      9.44419      3.69402     18.00000
     3.71000      9.96350      9.30512      3.48920     18.00000
     3.73000      9.99595      9.30807      3.43287     18.00000
     3.75000      9.96187      8.98090      3.43542     18.00000
     3.77000      9.29375      8.85473      3.20966     18.00000
     3.79000      8.34827      8.39857      2.88749     18.00000
     3.81000      8.71336      8.38165      2.88243     18.00000
     3.83000      9.06823      8.41779      2.91483     18.00000
     3.85000      9.44381      8.48364      3.04000     18.00000
     3.87000      9.67167      8.66365      2.94273     18.00000
     3.89000      8.46030      8.52003      2.92848     18.00000
     3.91000      9.25485      8.64904      2.97238     18.00000
     3.93000      9.66592      8.65744      3.09627     18.00000
     3.95000      9.52113      8.41620      3.33802     18.00000
     3.97000      8.12654      8.37050      3.29599     18.00000
     3.99000      7.76679      8.29252      3.56006     18.00000
     4.01000      7.90169      8.53721      3.44359     18.00000
     4.03000      9.16563      8.63113      3.31466     18.00000
     4.05000      8.82860      8.52343      3.08705     18.00000
     4.07000      8.65699      8.52361      3.06257     18.00000
     4.09000      8.82576      8.56510      3.01188     18.00000
     4.11000      8.76869      8.28093      3.03524     18.00000
     4.13000      8.78087      7.98975      3.13943     18.00000
     4.15000      8.78889      8.18845      3.13832     18.00000
     4.17000      8.81311      8.26807      2.97064     18.00000
     4.19000      9.09624      8.43162      2.86869     18.00000
     4.21000      8.92440      8.56429      2.89134     18.00000
     4.23000      9.20807      8.59129      2.75538     18.00000
     4.25000      9.06126      8.52796      2.79094     18.00000
     4.27000      8.85221      8.48705      3.20915     18.00000
     4.29000      8.98110      8.57677      3.32634     18.00000
     4.31000      9.02660      8.64541      3.22230     18.00000
     4.33000      9.07506      8.64468      3.26073     18.00000
     4.35000      8.31290      8.54189      3.33919     18.00000
     4.37000      8.22974      8.38482      3.31183     18.00000
     4.39000      8.17395      8.32700      3.47962     18.00000
     4.41000      7.94085      8.10236      3.68603     18.00000
     4.43000      7.79319      8.13229      3.50488     18.00000
     4.45000      7.77825      8.09038      3.52752     18.00000
     4.47000      6.54110      7.94472      3.42738     18.00000
     4.49000      6.60918      7.98894      3.49806     18.00000
     4.51000      6.74950      8.06781      3.64538     18.00000
     4.53000      7.69208      8.29227      3.70509     18.00000
     4.55000      7.62466      8.45871      3.46909     18.00000
     4.57000      8.69647      8.65978      3.44149     18.00000
     4.59000      7.58410      8.50525      3.55122     18.00000
     4.61000      8.37513      8.80525      3.39371     18.00000
     4.63000      9.19114      8.94811      3.39943     18.00000
     4.65000      9.71052      9.08355      3.44440     18.00000
     4.67000      9.75957      9.25414      3.98559     18.00000
     4.69000      9.01391      9.01152      3.88187     18.00000
     4.71000      8.09799      8.82763      3.92004     18.00000
     4.73000      9.02006      8.63115      3.98865     18.00000
     4.75000      8.67574      8.48043      4.14215     18.00000
     4.77000      8.70776      8.56106      4.12934     18.00000
     4.79000      9.22036      8.54019      3.96671     18.00000
     4.81000      9.54326      8.51297      3.86019     18.00000
     4.83000      9.71845      8.36936      3.87302     18.00000
     4.85000      9.41639      8.35981      3.78571     18.00000
     4.87000      9.49381      8.43253      3.75553     18.00000
     4.89000      9.06214      8.52165      3.55350     18.00000
     4.91000      8.97410      8.60446      3.51890     18.00000
     4.93000      8.79082      8.59097      3.50317     18.00000
     4.95000      8.99653      8.68721      3.55900     18.00000
     4.97000      9.07237      8.71187      3.76545     18.00000
     4.99000      8.93464      8.59746      3.52685     18.00000
