    -1.99000 106464.28571 104576.36374  57085.37122     13.00000
    -1.97000 101144.23077  96057.98827  49431.39442     13.00000
    -1.95000  94795.07692 100083.42134  52710.02637     13.00000
    -1.93000  97128.60000  97827.56333  54297.57783     13.00000
    -1.91000  81506.88889  98538.44998  59982.40278     13.00000
    -1.89000  71802.33333  94031.43568  56540.50188     13.00000
    -1.87000  87852.50000  86797.51986  50678.66170     13.00000
    -1.85000  84639.00000  90088.00963  59516.23571     13.00000
    -1.83000  85698.73913  88628.14528  52908.41883     13.00000
    -1.81000  93771.90000  89932.71565  52109.00661     13.00000
    -1.79000  81384.86957  89383.68979  54172.23715     13.00000
    -1.77000  98684.07143 103433.36414  63115.90023     13.00000
    -1.75000  91175.33333 114942.54340  78934.29451     13.00000
    -1.73000  84846.50000 122961.29402  88405.89843     13.00000
    -1.71000  95964.64286 116589.06366  72697.94610     13.00000
    -1.69000  99251.33333 111250.37342  71051.48840     13.00000
    -1.67000  92682.09524 110928.10174  81850.41785     13.00000
    -1.65000  90260.88889 103934.84161  73299.09922     13.00000
    -1.63000  89943.86957 109263.89287  83077.30502     13.00000
    -1.61000  82814.07692 112130.19757  82571.93311     13.00000
    -1.59000  88249.66667 119100.47551  86826.97860     13.00000
    -1.57000  91218.76190 117499.73286  83477.48611     13.00000
    -1.55000  79058.75000 111308.87346  75062.15460     13.00000
    -1.53000  80210.64286 105084.01602  70623.65958     13.00000
    -1.51000  79335.38462 106454.64340  66289.47899     13.00000
    -1.49000  80145.23810 107932.71383  65889.62619     13.00000
    -1.47000  87474.30769 110751.28232  69145.26337     13.00000
    -1.45000  97864.00000 111644.93730  67002.97695     13.00000
    -1.43000  84679.58333 117781.90848  88836.19363     13.00000
    -1.41000 105289.00000 120684.39741  92025.02490     13.00000
    -1.39000  91818.16667 118430.34343  88571.88791     13.00000
    -1.37000 111421.84615 122231.19936  88721.78309     13.00000
    -1.35000 128111.25000 134222.56076 103543.61724     13.00000
    -1.33000 145028.75000 134582.58325  99175.16946     13.00000
    -1.31000 131292.50000 125311.20502  83423.78686     13.00000
    -1.29000 137396.00000 124578.28376  78986.06599     13.00000
    -1.27000 130190.52632 130050.44678  79651.62055     13.00000
    -1.25000 131807.00000 124907.03251  80001.69982     13.00000
    -1.23000 120337.36842 120580.63912  78618.43914     13.00000
    -1.21000 116576.50000 125903.79250  89881.42694     13.00000
    -1.19000 127975.52381 130776.73519  96978.98697     13.00000
    -1.17000 123326.25000 124806.86672  89737.72393     13.00000
    -1.15000 123939.00000 130058.86975  95702.83544     13.00000
    -1.13000 115671.35000 124706.84822  91622.83849     13.00000
    -1.11000 114315.55556 124917.87243  89371.37181     13.00000
    -1.09000 135862.22222 138178.63085  95789.65319     13.00000
    -1.07000 116193.33333 131847.51076  88482.39386     13.00000
    -1.05000 123625.55556 126651.60217  87191.06800     13.00000
    -1.03000 111743.00000 131336.35144  85099.93096     13.00000
    -1.01000 125580.26316 129393.45379  79118.02725     13.00000
    -0.99000 116767.36842 129400.52142  86218.96865     13.00000
    -0.97000 111325.00000 126135.28840  86840.13194     13.00000
    -0.95000  86190.85714 124467.29740 101596.70098     13.00000
    -0.93000  90750.50000 118251.29554  90772.05542     13.00000
    -0.91000  85265.61538 110566.76021  74683.29052     13.00000
    -0.89000  88047.00000 107789.95722  75750.08092     13.00000
    -0.87000  75143.00000 104818.66669  73477.14089     13.00000
    -0.85000  65911.50000 108275.28027  80691.30472     13.00000
    -0.83000  81497.00000 111062.87782  78175.76346     13.00000
    -0.81000  80601.75000 116724.29774  84868.84047     13.00000
    -0.79000  87486.33333 118870.36165  87999.90924     13.00000
    -0.77000 103758.19048 129829.12284  93227.00178     13.00000
    -0.75000 105717.69231 123420.19784  86006.05070     13.00000
    -0.73000  81837.58333 127763.01337  89514.88729     13.00000
    -0.71000  79623.00000 116907.83919  79038.18947     13.00000
    -0.69000  75559.55000 107551.68963  77783.26538     13.00000
    -0.67000  88158.94444 109250.45892  70390.82066     13.00000
    -0.65000  90595.00000 109183.60250  66531.94176     13.00000
    -0.63000  86853.00000 108783.57648  69733.27981     13.00000
    -0.61000  94779.22222 109727.89076  65604.13171     13.00000
    -0.59000  91867.57143 109029.78592  63240.70588     13.00000
    -0.57000  92585.33333 110759.22734  65259.46244     13.00000
    -0.55000  97274.44444 111361.29644  65246.35119     13.00000
    -0.53000 107940.25000 115546.32655  66837.31473     13.00000
    -0.51000 106002.00000 112202.07880  62917.25606     13.00000
    -0.49000 105684.77778 106427.94069  61741.19454     13.00000
    -0.47000 110221.33333 111441.41952  55429.24287     13.00000
    -0.45000 102566.50000 114248.64049  52069.78544     13.00000
    -0.43000 110817.50000 112442.35648  54625.81804     13.00000
    -0.41000 106214.25000 115642.01838  60947.19618     13.00000
    -0.39000 100601.78947 115554.05590  64806.34730     13.00000
    -0.37000 107325.50000 121692.67685  73602.37296     13.00000
    -0.35000 104411.14286 120014.58469  69687.35748     13.00000
    -0.33000 117330.37500 122629.36105  70149.56523     13.00000
    -0.31000 112969.36842 120257.25961  70761.16134     13.00000
    -0.29000 119081.55000 124211.28874  66854.94836     13.00000
    -0.27000 126886.47059 132841.91736  69684.88991     13.00000
    -0.25000 113880.00000 131881.38885  73037.31156     13.00000
    -0.23000 112943.33333 128611.10768  69234.70700     13.00000
    -0.21000 112271.31579 121314.71886  73317.97115     13.00000
    -0.19000 104270.00000 122382.77219  66125.84385     13.00000
    -0.17000 103626.71429 128835.61322  67493.68137     13.00000
    -0.15000 107977.50000 126365.37615  67872.43451     13.00000
    -0.13000 111136.66667 121694.43883  67709.86997     13.00000
    -0.11000 108742.45000 116856.43249  72805.65030     13.00000
    -0.09000 114631.66667 118774.59930  71338.81123     13.00000
    -0.07000 126944.20000 126155.46277  72277.55379     13.00000
    -0.05000 126777.87500 118603.07054  55714.63556     13.00000
    -0.03000 120113.33333 118025.22249  63429.85544     13.00000
    -0.01000 112765.00000 129052.54960  82118.21371     13.00000
     0.01000 392128.18182 358178.77638 169044.77454     13.00000
     0.03000 425765.00000 433373.67256 198440.59797     13.00000
     0.05000 384964.48718 431661.03733 148570.42919     12.00000
     0.07000 422829.23077 464760.08706 138069.58947     13.00000
     0.09000 492465.00000 505075.58652 128589.13187     13.00000
     0.11000 521540.00000 537644.84176 137466.96619     13.00000
     0.13000 626932.50000 573611.02986 153449.23143     13.00000
     0.15000 546545.00000 551018.05160 150818.55154     13.00000
     0.17000 544535.00000 553523.91123 133037.89882     13.00000
     0.19000 560998.75000 561031.31811 158858.63348     13.00000
     0.21000 596763.68421 576111.88595 169149.24067     13.00000
     0.23000 561387.50000 566240.31302 182188.95261     13.00000
     0.25000 589184.16667 586494.37079 195209.53821     13.00000
     0.27000 557602.10526 584144.98309 167832.10722     13.00000
     0.29000 672945.00000 615053.57113 177862.52721     13.00000
     0.31000 649957.77778 617788.37892 199949.28000     13.00000
     0.33000 628780.00000 601267.73263 187275.87903     13.00000
     0.35000 606017.77778 589992.94802 220121.00125     13.00000
     0.37000 572385.00000 559587.26647 222306.44612     13.00000
     0.39000 577684.44444 550109.69845 236055.36924     13.00000
     0.41000 567178.46154 511516.02604 193743.64467     13.00000
     0.43000 540951.00000 539926.12299 210711.91668     13.00000
     0.45000 509231.42857 517991.53433 222849.27298     13.00000
     0.47000 558586.66667 498804.06046 228500.23035     13.00000
     0.49000 528627.50000 488108.57503 220861.49602     13.00000
     0.51000 499273.33333 456545.11255 237826.12907     13.00000
     0.53000 524654.28571 477936.71406 261091.47267     13.00000
     0.55000 512305.00000 470969.52030 259133.75434     13.00000
     0.57000 481400.00000 462173.58975 239595.83921     13.00000
     0.59000 476652.14286 429634.04152 241008.30727     13.00000
     0.61000 479095.00000 480217.24716 325783.09476     13.00000
     0.63000 428013.33333 467461.87068 322633.80595     13.00000
     0.65000 381515.00000 438391.36401 295496.22889     13.00000
     0.67000 373325.00000 437950.08714 296845.75884     13.00000
     0.69000 374545.00000 418706.08606 315286.86296     13.00000
     0.71000 376425.00000 392937.97436 337965.22711     13.00000
     0.73000 376770.00000 393501.19012 318678.08764     13.00000
     0.75000 376238.18182 398682.65251 325806.05332     13.00000
     0.77000 324938.18182 388084.11333 314244.42447     13.00000
     0.79000 291498.75000 363461.09092 315401.82694     13.00000
     0.81000 258195.26316 318579.05821 281080.30010     13.00000
     0.83000 237651.82540 285247.65696 274465.76474     12.00000
     0.85000 240196.25000 296695.85463 301746.92450     12.00000
     0.87000 240047.77778 317661.26245 344628.53562     12.00000
     0.89000 281630.00000 329798.50049 321897.76067     13.00000
     0.91000 246791.00000 337301.64343 361208.62393     13.00000
     0.93000 238770.00000 317128.12755 326454.97572     13.00000
     0.95000 232879.47368 313580.18485 351881.23255     13.00000
     0.97000 156463.40000 283754.18345 351708.35490     13.00000
     0.99000 251452.50000 294051.69123 325421.24563     13.00000
     1.01000 209692.22222 284013.74037 316852.97255     13.00000
     1.03000 164334.61538 249531.65131 253406.82888     13.00000
     1.05000 169967.50000 227816.31566 258786.61091     13.00000
     1.07000 114086.81818 219833.03944 261249.83690     13.00000
     1.09000 106891.72727 218455.33509 262196.76610     13.00000
     1.11000 103540.12500 211878.56259 273496.73061     13.00000
     1.13000 121815.83333 204936.54547 256797.68571     13.00000
     1.15000 108628.33333 201057.75650 253346.06527     13.00000
     1.17000  98753.33333 196886.57498 260474.71469     13.00000
     1.19000  96597.12500 177600.63005 212623.17147     13.00000
     1.21000  67764.00000 171470.22737 209958.08754     13.00000
     1.23000  77858.33333 167308.62220 205865.47959     13.00000
     1.25000  94334.75000 162484.31774 197961.04042     13.00000
     1.27000  98794.00000 161311.45130 184157.41599     13.00000
     1.29000 139017.28571 167060.50828 191931.90284     13.00000
     1.31000 122946.87500 163391.45145 169105.51259     13.00000
     1.33000 155710.25000 145999.89476 137515.22649     13.00000
     1.35000  60360.44444 119625.32168 113209.41477     13.00000
     1.37000  74527.42857 109760.88067 116710.03024     13.00000
     1.39000  23562.45455 113627.53023 134518.07131     13.00000
     1.41000  28817.09091 102986.68940 127225.43012     13.00000
     1.43000  26313.63636 108465.28969 133610.72087     13.00000
     1.45000  34356.66667 107735.57072 134535.72828     13.00000
     1.47000  37365.30000 103718.15438 126349.42292     13.00000
     1.49000  26605.25000 103636.35912 143769.23226     13.00000
     1.51000  23530.33333 109433.50322 144790.26078     13.00000
     1.53000  26022.08333 104492.62876 143883.19176     13.00000
     1.55000  34796.08333 114277.40991 158643.70677     13.00000
     1.57000  40021.33333 122431.41136 166717.33884     13.00000
     1.59000  36857.83333 110805.18654 161646.32394     13.00000
     1.61000  36900.58333 105082.13960 153247.73569     13.00000
     1.63000  30603.75000 111726.78037 158651.92461     13.00000
     1.65000  27470.00000 105467.75122 139823.58061     13.00000
     1.67000  24098.72727 105865.36773 138074.13799     13.00000
     1.69000  30792.36364 105234.58981 128740.81679     13.00000
     1.71000  30021.16667 104020.76176 132697.26743     13.00000
     1.73000  34505.59091 118368.34798 156837.43884     13.00000
     1.75000  29109.83333 115559.45430 159162.63590     13.00000
     1.77000  29398.69231 115848.44367 159593.84982     13.00000
     1.79000  29459.27273 118762.45740 155912.01308     13.00000
     1.81000  36243.27273 119833.32066 162726.00964     13.00000
     1.83000  43487.58333 120845.02857 168212.48044     13.00000
     1.85000  55831.90000 118124.57787 167132.02650     13.00000
     1.87000  51963.33333 116952.55770 160095.95784     13.00000
     1.89000  54872.80000 130246.34389 171814.07951     13.00000
     1.91000  62285.41667 129540.32563 167510.51377     13.00000
     1.93000  53131.81818 133289.82818 174084.81246     13.00000
     1.95000  53448.33333 132716.16804 179965.87642     13.00000
     1.97000  46206.33333 140705.86024 189328.54079     13.00000
     1.99000  48622.90909 117441.49545 138140.96645     13.00000
     2.01000  48988.90909  95320.36895 130951.03527     13.00000
     2.03000  40611.41667  96778.31923 132711.43389     13.00000
     2.05000  44688.61538 101456.83598 141283.34167     13.00000
     2.07000  45587.08333 126067.80778 167180.74401     13.00000
     2.09000  50778.66667 124414.55471 175381.76775     13.00000
     2.11000  59066.69231 126413.27527 166323.02966     13.00000
     2.13000  58184.72727 103803.98974 139898.45546     13.00000
     2.15000  49915.00000 106335.12274 143702.55853     13.00000
     2.17000  57260.23077 122119.78203 161883.74961     13.00000
     2.19000  50222.09091 111861.26853 160904.59158     13.00000
     2.21000  49704.75000 106631.33799 154419.48184     13.00000
     2.23000  57798.66667 117153.85816 167412.50382     13.00000
     2.25000  65048.50000 124824.30818 181701.00739     13.00000
     2.27000  66203.45455 125800.30318 167303.56692     13.00000
     2.29000  70659.25000 141432.83722 177211.11885     13.00000
     2.31000  45908.30769 170569.50708 228900.54856     13.00000
     2.33000  50251.50000 151103.48930 190447.94702     13.00000
     2.35000  57294.66667 163898.64133 187840.81343     13.00000
     2.37000  73920.25000 172724.24917 217093.40807     13.00000
     2.39000  77885.88889 161892.27354 207998.10432     13.00000
     2.41000 103957.50000 141963.36800 155073.32972     13.00000
     2.43000  69066.00000 113066.68368 136270.04848     13.00000
     2.45000  64787.53846 114916.48035 139525.79170     13.00000
     2.47000  63479.66667 122562.45468 136564.24987     13.00000
     2.49000  57003.69231 116733.18252 134270.90356     13.00000
     2.51000  62413.33333 128593.18945 146482.84716     13.00000
     2.53000  54301.89474 133239.13683 152455.78082     13.00000
     2.55000  63197.36364 135664.24647 137998.64460     13.00000
     2.57000  79193.18182 147260.58131 151374.98653     13.00000
     2.59000  55231.81818 135579.71764 163567.05688     13.00000
     2.61000  49097.00000 139139.04111 164108.20401     13.00000
     2.63000  60682.71429 133723.94497 158600.58338     13.00000
     2.65000  70192.66667 136546.05673 162114.16350     13.00000
     2.67000  74365.25000 135292.17500 160075.55601     13.00000
     2.69000  59319.00000 139741.36998 178645.35441     13.00000
     2.71000  67139.07692 137733.59572 194437.32933     13.00000
     2.73000  67013.40000 137998.66765 173980.55102     13.00000
     2.75000  61200.61538 143458.69537 208473.90487     13.00000
     2.77000  54684.41667 141514.03948 200474.51480     13.00000
     2.79000  63410.00000 145920.79933 219687.39668     13.00000
     2.81000  68609.33333 154384.71456 243807.15056     13.00000
     2.83000  64932.23077 166336.48339 260745.75872     13.00000
     2.85000  42897.83333 172406.32256 249294.36921     13.00000
     2.87000  55825.16667 172977.77423 232121.01007     13.00000
     2.89000  68674.69231 152933.88058 233980.11301     13.00000
     2.91000  79566.50000 146480.38323 205083.61542     13.00000
     2.93000  84109.70000 148990.45490 200876.43961     13.00000
     2.95000 114825.66667 159789.12554 216858.53745     13.00000
     2.97000  63102.73913 151258.69987 196707.85034     13.00000
     2.99000  50614.42857 140822.55358 189262.38402     13.00000
     3.01000  35155.72727 154034.91154 211388.67593     13.00000
     3.03000  44469.55556 173419.22230 232220.90312     13.00000
     3.05000  90520.72727 168931.35420 216006.31989     13.00000
     3.07000 109043.00000 183704.47739 230727.38114     13.00000
     3.09000 137791.81818 174436.78508 225236.13576     13.00000
     3.11000  92983.75000 174772.73978 218567.93374     13.00000
     3.13000 100715.10000 184637.37447 230828.75262     13.00000
     3.15000  56201.25000 174016.27136 233273.77556     13.00000
     3.17000  64309.00000 176823.29924 234164.51113     13.00000
     3.19000  47349.25000 186576.61525 243550.55816     13.00000
     3.21000  40635.58333 183607.19425 227066.69602     13.00000
     3.23000  34666.25000 178728.91111 229202.79403     13.00000
     3.25000  33476.04545 175467.28728 221963.55875     13.00000
     3.27000  41027.45455 184792.39351 234239.05560     13.00000
     3.29000  43585.50000 180506.61046 243236.39359     13.00000
     3.31000  44115.81818 174061.10413 233479.86820     13.00000
     3.33000  42294.80952 155894.72217 218615.89372     13.00000
     3.35000  45840.86957 149705.46597 221607.10875     13.00000
     3.37000  46142.59091 149998.51743 215505.92816     13.00000
     3.39000  44786.04348 152892.10984 211286.23542     13.00000
     3.41000  46734.22727 148236.55457 213300.50733     13.00000
     3.43000  48471.47619 154538.99389 213738.36732     13.00000
     3.45000  46347.00000 147950.11162 202486.99186     13.00000
     3.47000  42583.00000 156446.36865 225328.33411     13.00000
     3.49000  38730.47826 131454.66016 165146.67171     13.00000
     3.51000  49309.72727 133488.80548 180754.85453     13.00000
     3.53000  46714.13636 123832.41304 172786.36042     13.00000
     3.55000  41132.08333  96495.84669 118007.59610     13.00000
     3.57000  45495.50000 100614.32378 138181.49662     13.00000
     3.59000  44629.00000  96940.67202 124872.34501     13.00000
     3.61000  41882.33333 104970.07902 138269.04913     13.00000
     3.63000  51448.40000  98029.69126 115788.23753     13.00000
     3.65000  74061.25000  93378.80812  93308.65571     13.00000
     3.67000  66758.75000 101253.15159 100164.48822     13.00000
     3.69000  72963.45000 103879.13014  98112.52231     13.00000
     3.71000  58164.85000 106794.93574 108514.43794     13.00000
     3.73000  59147.41667 103287.68879 109280.82733     13.00000
     3.75000  58483.73684  94859.41083 103881.45637     13.00000
     3.77000  65990.12500 107971.13866 126237.16069     13.00000
     3.79000  55832.28571 104844.79466 128329.64629     13.00000
     3.81000  68334.00000 103821.42901 124509.07040     13.00000
     3.83000  74273.66667  94005.45232  85891.43956     13.00000
     3.85000  87422.16667 120616.34096  98865.65988     13.00000
     3.87000  85815.15385 118343.97683 106900.92344     13.00000
     3.89000  79613.22222 109273.68468  93667.05964     13.00000
     3.91000  76555.35714 114949.63681 103946.57728     13.00000
     3.93000  63350.69231 110547.42077  99192.33406     13.00000
     3.95000  81002.10000 120818.57862 106481.02908     13.00000
     3.97000  72134.27273 111545.50906 104084.58300     13.00000
     3.99000  80537.25000 109690.27130  90267.20454     13.00000
     4.01000  69670.44444 109094.97041  92991.61270     13.00000
     4.03000  69540.77778 111598.01473 101342.53571     13.00000
     4.05000  65116.16667 107292.68736  98138.25348     13.00000
     4.07000  84413.00000 109243.64804 103017.66466     13.00000
     4.09000  89226.33333 122719.88997 119860.96090     13.00000
     4.11000  89433.07692 115606.05869 100214.46686     13.00000
     4.13000  86798.30769 104919.36606  86205.51080     13.00000
     4.15000  89859.33333 107024.88899  93310.83741     13.00000
     4.17000  87021.71429 108084.06588  84865.87764     13.00000
     4.19000  87472.92308 106491.67365  85161.73450     13.00000
     4.21000  82069.00000 108817.81679  91673.58463     13.00000
     4.23000  82500.00000 118566.16108 101881.89106     13.00000
     4.25000  89346.00000 120327.48524 106672.47560     13.00000
     4.27000 105145.00000 118615.34574  96172.72703     13.00000
     4.29000  88849.46154 108112.58209  89951.43266     13.00000
     4.31000  85107.50000 105262.06578  85909.88217     13.00000
     4.33000  93179.00000 110308.78697  89140.38199     13.00000
     4.35000  98730.66667 111963.02283  89933.42525     13.00000
     4.37000 123425.00000 117186.60262  96360.65145     13.00000
     4.39000 124112.50000 114279.87527  84325.85678     13.00000
     4.41000 104903.35714 126612.94591  95854.49502     13.00000
     4.43000 115359.00000 127584.73092  97042.49904     13.00000
     4.45000 132433.33333 120942.39472  92533.83985     13.00000
     4.47000 104055.66667 122725.11640  95414.87789     13.00000
     4.49000 111021.70000 119500.55143  95903.47570     13.00000
     4.51000 119232.83333 116879.24930  95105.82173     13.00000
     4.53000 127402.50000 112397.74899  84469.83652     13.00000
     4.55000 121630.00000 121702.61811  95709.67318     13.00000
     4.57000 129050.00000 131647.83646 115899.35248     13.00000
     4.59000 107611.50000 127073.61453 113890.29739     13.00000
     4.61000  99513.50000 117664.78542 104564.12747     13.00000
     4.63000 109495.00000 132296.65999 115418.98776     13.00000
     4.65000 120563.33333 138747.23263 105102.32376     13.00000
     4.67000 105999.00000 130974.68699 103267.54192     13.00000
     4.69000 105165.90476 135249.32015 107461.61265     13.00000
     4.71000 109720.00000 123078.51083  99738.80377     13.00000
     4.73000  91174.33333 124376.69069 105516.35705     13.00000
     4.75000 103509.31818 124576.23677  98627.31286     13.00000
     4.77000  93067.00000 118743.83291  91959.30102     13.00000
     4.79000 104018.00000 118966.42764  84141.64567     13.00000
     4.81000 100722.50000 127596.83356  97790.41730     13.00000
     4.83000 107100.00000 128521.11067 102172.24650     13.00000
     4.85000 100200.33333 108305.92467  78569.51055     13.00000
     4.87000  82669.47826 108655.43816  76872.16862     13.00000
     4.89000  84915.00000 110494.10286  83190.84186     13.00000
     4.91000  85663.08333 114771.45548  96035.84310     13.00000
     4.93000  95038.00000 123831.80255 113682.01058     13.00000
     4.95000  97771.09091 132469.21775 129248.90949     13.00000
     4.97000 110363.33333 146254.77614 128753.95636     13.00000
     4.99000  87163.15385 134191.79899 123361.58259     13.00000
