    -1.99000      0.71805      0.72441      0.53871     11.00000
    -1.97000      0.66490      0.85630      0.67085     11.00000
    -1.95000      0.78114      1.58256      2.15139     11.00000
    -1.93000      0.75502      1.95143      2.95973     11.00000
    -1.91000      0.71453      1.98750      3.74701     11.00000
    -1.89000      0.71261      2.16025      4.29309     11.00000
    -1.87000      0.81202      1.03222      0.81071     11.00000
    -1.85000      0.84458      1.06097      0.80372     11.00000
    -1.83000      0.93350      1.14985      0.93418     11.00000
    -1.81000      1.09387      1.23950      1.06232     11.00000
    -1.79000      0.92007      1.12890      0.86270     11.00000
    -1.77000      1.05542      1.30686      1.27470     11.00000
    -1.75000      1.01852      1.25385      1.41876     10.00000
    -1.73000      0.91832      1.11203      1.26565     10.00000
    -1.71000      0.81789      1.24800      1.58807     10.00000
    -1.69000      0.83508      1.17801      1.20815     10.00000
    -1.67000      0.96488      1.18537      1.15850     10.00000
    -1.65000      1.09947      1.26302      1.10141     10.00000
    -1.63000      1.02151      1.25176      1.10446     10.00000
    -1.61000      0.89565      1.23570      1.10700     10.00000
    -1.59000      0.89418      1.10255      1.00560     10.00000
    -1.57000      0.96303      1.41074      1.76618     10.00000
    -1.55000      0.62263      1.15493      1.33913     10.00000
    -1.53000      0.79794      1.06317      1.08789     10.00000
    -1.51000      0.59138      0.99389      1.12785     10.00000
    -1.49000      0.55493      1.23179      1.85559     10.00000
    -1.47000      0.63801      0.79981      0.62103     10.00000
    -1.45000      0.67078      0.90530      0.73790     10.00000
    -1.43000      0.68311      0.73176      0.47377     10.00000
    -1.41000      0.83194      0.76417      0.45383     11.00000
    -1.39000      0.68944      0.77746      0.48544     11.00000
    -1.37000      0.65617      0.74828      0.49556     11.00000
    -1.35000      0.87081      0.87268      0.55307     11.00000
    -1.33000      0.74011      0.94786      0.63424     11.00000
    -1.31000      0.73789      0.87434      0.55804     11.00000
    -1.29000      0.79056      0.97528      0.74333     11.00000
    -1.27000      0.77342      1.05784      0.79999     11.00000
    -1.25000      0.85790      1.33244      1.03643     11.00000
    -1.23000      0.81141      1.12250      0.67484     11.00000
    -1.21000      0.75095      0.98851      0.59920     11.00000
    -1.19000      0.80751      1.32791      1.40000     10.00000
    -1.17000      0.78375      1.17665      1.04687     10.00000
    -1.15000      0.86773      1.11504      0.71617     10.00000
    -1.13000      0.96418      1.72749      1.97942     10.00000
    -1.11000      1.08957      2.84621      5.30864     10.00000
    -1.09000      0.94270      2.98871      6.03157     10.00000
    -1.07000      0.78082      1.30665      1.51325     10.00000
    -1.05000      0.75840      1.06149      0.86410     10.00000
    -1.03000      0.96726      1.60066      2.11063     10.00000
    -1.01000      0.97280      2.45811      4.21600     10.00000
    -0.99000      0.78830      1.18181      1.04264     10.00000
    -0.97000      0.71948      0.94319      0.64612     10.00000
    -0.95000      1.01949      1.36408      1.13665     10.00000
    -0.93000      1.05503      1.27607      0.89365     10.00000
    -0.91000      0.90997      1.05721      0.63288     10.00000
    -0.89000      0.79262      1.05317      0.74950     10.00000
    -0.87000      0.83953      1.08582      0.75220     10.00000
    -0.85000      0.90293      1.14934      0.72748     11.00000
    -0.83000      0.93472      1.14351      0.74137     11.00000
    -0.81000      0.93456      1.21058      0.96045     11.00000
    -0.79000      0.95275      1.15166      0.71777     11.00000
    -0.77000      0.85604      1.29069      0.79455     10.00000
    -0.75000      0.80243      1.20904      0.77690     10.00000
    -0.73000      1.16358      1.53930      1.38308     11.00000
    -0.71000      1.00832      1.41918      1.06781     11.00000
    -0.69000      0.76376      1.20999      0.87394     11.00000
    -0.67000      0.81259      1.20076      0.85564     11.00000
    -0.65000      0.78512      1.14674      0.92063     11.00000
    -0.63000      0.81830      1.27206      1.08762     11.00000
    -0.61000      0.79397      1.34167      1.19457     11.00000
    -0.59000      0.77418      1.17834      0.85107     11.00000
    -0.57000      0.81319      1.17821      0.88823     11.00000
    -0.55000      0.84723      1.13314      0.81349     11.00000
    -0.53000      0.92457      1.73196      1.65257     11.00000
    -0.51000      1.06682      1.39234      1.10137     11.00000
    -0.49000      1.29698      3.36067      7.34404     12.00000
    -0.47000      0.96870      4.78653      8.84711     12.00000
    -0.45000      1.37694      5.14164     10.38468     12.00000
    -0.43000      1.30100      1.93221      1.59995     12.00000
    -0.41000      1.05862      1.40293      1.15664     12.00000
    -0.39000      0.94853      4.29607     10.45233     12.00000
    -0.37000      0.84974      1.71253      2.10344     12.00000
    -0.35000      0.90573      1.48303      1.59227     12.00000
    -0.33000      0.78078      1.77217      2.67954     12.00000
    -0.31000      0.84392      2.64526      3.77729     12.00000
    -0.29000      0.56589      2.02723      2.71932     12.00000
    -0.27000      0.66199      1.99408      2.80310     12.00000
    -0.25000      0.75216      1.65217      2.37000     12.00000
    -0.23000      0.65062      1.31514      1.84556     12.00000
    -0.21000      0.73304      0.94695      0.69557     12.00000
    -0.19000      0.77239      1.31420      1.36733     12.00000
    -0.17000      0.74432      1.37962      1.68104     12.00000
    -0.15000      0.77598      1.57060      2.32702     12.00000
    -0.13000      0.55572      2.40331      4.76175     12.00000
    -0.11000      0.63565      1.51836      2.12063     12.00000
    -0.09000      0.86162      1.00683      0.74071     12.00000
    -0.07000      0.65727      0.88221      0.49685     12.00000
    -0.05000      0.70563      0.78773      0.46026     12.00000
    -0.03000      0.93936      1.20875      1.09327     12.00000
    -0.01000      0.68914      0.87879      0.64652     11.00000
     0.01000      0.79809      0.85783      0.47802     12.00000
     0.03000      0.63338      1.07394      1.16114     12.00000
     0.05000      0.56570      2.38290      5.08849     12.00000
     0.07000      0.46464      0.78461      0.91247     12.00000
     0.09000      0.48097      0.48801      0.31874     12.00000
     0.11000      0.33661      0.44340      0.41588     12.00000
     0.13000      0.34693      0.45349      0.46707     12.00000
     0.15000      0.31282      0.31821      0.16492     12.00000
     0.17000      0.28097      0.29287      0.14677     12.00000
     0.19000      0.32871      0.33322      0.21588     12.00000
     0.21000      0.30217      0.32616      0.22983     12.00000
     0.23000      0.31130      0.31812      0.18071     12.00000
     0.25000      0.33354      0.35660      0.29244     11.00000
     0.27000      0.30085      0.28668      0.17942     11.00000
     0.29000      0.25609      0.26293      0.15294     11.00000
     0.31000      0.28309      0.24944      0.13459     11.00000
     0.33000      0.27909      0.24700      0.13647     12.00000
     0.35000      0.24694      0.24735      0.15197     12.00000
     0.37000      0.21693      0.26387      0.19179     12.00000
     0.39000      0.20686      0.26704      0.18195     12.00000
     0.41000      0.22728      0.28749      0.22518     12.00000
     0.43000      0.21323      0.27669      0.18435     12.00000
     0.45000      0.25246      0.27778      0.15098     12.00000
     0.47000      0.30105      0.28137      0.15552     12.00000
     0.49000      0.26226      0.29027      0.19078     12.00000
     0.51000      0.23643      0.29992      0.20906     12.00000
     0.53000      0.25220      0.32702      0.23997     12.00000
     0.55000      0.28679      0.35106      0.24740     12.00000
     0.57000      0.25897      0.34872      0.25620     12.00000
     0.59000      0.25101      0.32643      0.26641     12.00000
     0.61000      0.19977      0.26463      0.17879     12.00000
     0.63000      0.19735      0.28973      0.25992     12.00000
     0.65000      0.19697      0.29602      0.26599     12.00000
     0.67000      0.21658      0.31274      0.28429     12.00000
     0.69000      0.23010      0.33177      0.27840     12.00000
     0.71000      0.21493      0.30912      0.25192     12.00000
     0.73000      0.20976      0.30510      0.26035     12.00000
     0.75000      0.22095      0.26993      0.20494     12.00000
     0.77000      0.22391      0.26399      0.22333     12.00000
     0.79000      0.22297      0.25462      0.20106     12.00000
     0.81000      0.19686      0.23450      0.16796     12.00000
     0.83000      0.15482      0.22813      0.17275     12.00000
     0.85000      0.16652      0.22530      0.16234     12.00000
     0.87000      0.21438      0.23325      0.14378     12.00000
     0.89000      0.23378      0.25324      0.15833     12.00000
     0.91000      0.21784      0.25847      0.17462     12.00000
     0.93000      0.23667      0.26825      0.16687     12.00000
     0.95000      0.29536      0.28756      0.16067     12.00000
     0.97000      0.30501      0.30589      0.16035     12.00000
     0.99000      0.31640      0.34689      0.16524     12.00000
     1.01000      0.46786      0.44180      0.18330     12.00000
     1.03000      0.52258      0.46647      0.20320     12.00000
     1.05000      0.54558      0.80416      0.77617     12.00000
     1.07000      0.59779      0.75501      0.65292     12.00000
     1.09000      0.47489      0.56319      0.42759     12.00000
     1.11000      0.57661      0.77207      0.82680     12.00000
     1.13000      0.39100      1.56125      2.82960     12.00000
     1.15000      0.40112      0.96912      1.05028     12.00000
     1.17000      0.67142      1.05863      0.99571     12.00000
     1.19000      0.83991      1.62696      2.28367     12.00000
     1.21000      0.87951      2.19051      3.77722     12.00000
     1.23000      0.62809      1.80172      2.45754     12.00000
     1.25000      0.60794      1.36153      1.73949     12.00000
     1.27000      0.55373      1.01477      1.31415     12.00000
     1.29000      0.79439      1.14015      1.79355     12.00000
     1.31000      0.80848      1.24437      1.54202     12.00000
     1.33000      0.90298      1.51680      2.26510     12.00000
     1.35000      0.68073      1.44002      2.08012     12.00000
     1.37000      0.54077      1.50776      2.32356     12.00000
     1.39000      0.63688      1.58781      2.70187     12.00000
     1.41000      0.53277      1.84680      3.41452     12.00000
     1.43000      0.76491      1.58949      2.04496     12.00000
     1.45000      0.82833      1.84980      2.21036     12.00000
     1.47000      1.24906      2.40231      3.68235     12.00000
     1.49000      1.42782      1.55298      0.95654     12.00000
     1.51000      1.26023      2.40391      3.52123     12.00000
     1.53000      1.34485      1.62824      1.31351     12.00000
     1.55000      1.39366      2.17321      2.08427     12.00000
     1.57000      1.14721      1.77826      1.82726     12.00000
     1.59000      1.17847      2.70354      3.32664     12.00000
     1.61000      0.97600      1.44930      1.80665     12.00000
     1.63000      0.65436      1.04185      1.42332     12.00000
     1.65000      0.82403      1.07672      1.13298     12.00000
     1.67000      0.79385      1.07476      0.74643     12.00000
     1.69000      0.86266      0.97963      0.62284     12.00000
     1.71000      0.85606      1.01326      0.73798     12.00000
     1.73000      0.92843      1.05993      0.80247     12.00000
     1.75000      0.90537      0.99529      0.75645     12.00000
     1.77000      1.10215      1.10070      0.72184     12.00000
     1.79000      0.98729      1.17687      0.84337     12.00000
     1.81000      1.19405      1.42681      1.11409     12.00000
     1.83000      1.09690      1.35194      1.03341     12.00000
     1.85000      1.15957      1.58896      1.87091     12.00000
     1.87000      1.13464      2.39416      3.90966     12.00000
     1.89000      1.17390      1.18240      0.74817     12.00000
     1.91000      1.25778      1.27514      0.71924     12.00000
     1.93000      1.14373      1.67994      1.60180     12.00000
     1.95000      0.93847      1.00548      0.59552     12.00000
     1.97000      1.05249      1.28932      1.04275     12.00000
     1.99000      1.18504      1.57917      1.56087     12.00000
     2.01000      0.90598      1.10526      0.86887     12.00000
     2.03000      0.95538      1.31644      1.37748     12.00000
     2.05000      0.88325      1.27294      1.36091     12.00000
     2.07000      0.89609      1.04317      0.83654     12.00000
     2.09000      0.95803      1.10811      0.91669     12.00000
     2.11000      1.18504      1.18674      0.91417     12.00000
     2.13000      1.10226      1.39651      1.03849     12.00000
     2.15000      1.09001      1.84446      1.80347     12.00000
     2.17000      1.16992      2.61236      4.59225     12.00000
     2.19000      1.27079      6.02072     15.80292     12.00000
     2.21000      1.20650      4.87505     11.60565     12.00000
     2.23000      1.20434      6.51834     16.71099     12.00000
     2.25000      1.06754      1.54518      1.16161     12.00000
     2.27000      1.15180      1.67535      1.38025     12.00000
     2.29000      1.10512      1.19944      0.58650     12.00000
     2.31000      1.20771      1.29176      0.66912     12.00000
     2.33000      1.26607      1.23398      0.59870     12.00000
     2.35000      1.42677      1.26075      0.65243     12.00000
     2.37000      1.32393      1.29327      0.68779     12.00000
     2.39000      1.45737      1.35033      0.60653     12.00000
     2.41000      1.60966      1.56644      0.87487     12.00000
     2.43000      1.54338      1.59504      1.13905     12.00000
     2.45000      1.39554      1.74334      1.47875     12.00000
     2.47000      1.19796      1.57689      1.27573     12.00000
     2.49000      1.20347      1.30862      0.77995     12.00000
     2.51000      1.11749      1.47114      1.11492     12.00000
     2.53000      1.09152      1.75462      1.54707     12.00000
     2.55000      1.02041      1.87757      2.21616     12.00000
     2.57000      1.12929      3.71335      6.18578     12.00000
     2.59000      1.22990      2.97237      4.91601     12.00000
     2.61000      1.32798      1.94349      1.54251     12.00000
     2.63000      1.59591      1.66133      1.13665     12.00000
     2.65000      1.62557      1.76516      1.43747     12.00000
     2.67000      1.55629      1.49604      0.91082     12.00000
     2.69000      1.50036      1.67675      1.14167     12.00000
     2.71000      1.60307      1.72322      1.58925     12.00000
     2.73000      1.74649      1.56722      1.04314     12.00000
     2.75000      1.45525      1.54501      1.10360     12.00000
     2.77000      1.44706      1.56192      1.26379     12.00000
     2.79000      1.43189      1.67718      1.23470     12.00000
     2.81000      1.58534      1.67679      1.08144     12.00000
     2.83000      1.21383      1.70082      1.29879     12.00000
     2.85000      1.09523      1.46823      1.04409     12.00000
     2.87000      1.18462      1.29400      0.81474     12.00000
     2.89000      1.31791      1.49938      1.06221     12.00000
     2.91000      1.24405      1.45507      0.99489     12.00000
     2.93000      1.15652      1.35749      0.86719     12.00000
     2.95000      1.25513      1.96037      2.65570     12.00000
     2.97000      1.26950      1.51096      1.01166     12.00000
     2.99000      1.08580      1.31760      0.74515     12.00000
     3.01000      1.14506      1.26223      0.68013     12.00000
     3.03000      1.16830      1.14706      0.46358     12.00000
     3.05000      1.15890      1.26871      0.63069     12.00000
     3.07000      1.03392      1.20437      0.65993     12.00000
     3.09000      1.05023      1.27317      0.68296     12.00000
     3.11000      1.14815      1.19157      0.59024     12.00000
     3.13000      1.06731      1.12450      0.56871     12.00000
     3.15000      1.01713      1.04495      0.48727     12.00000
     3.17000      1.19583      1.14195      0.51847     12.00000
     3.19000      1.50177      1.26326      0.57488     12.00000
     3.21000      1.38621      1.52950      1.14530     12.00000
     3.23000      1.15672      1.33014      0.79964     12.00000
     3.25000      1.19249      1.20143      0.52308     12.00000
     3.27000      1.26840      1.16915      0.50222     12.00000
     3.29000      1.03152      0.96981      0.41635     11.00000
     3.31000      0.98462      0.94545      0.35867     11.00000
     3.33000      0.89667      0.90679      0.38599     11.00000
     3.35000      1.04234      1.55356      1.93235     11.00000
     3.37000      1.03504      2.06008      3.41062     11.00000
     3.39000      0.99395      1.63537      2.11873     11.00000
     3.41000      1.19298      1.49797      1.04839     11.00000
     3.43000      0.98461      1.17522      0.56440     11.00000
     3.45000      0.92980      1.04580      0.38703     11.00000
     3.47000      1.00408      1.01788      0.33969     11.00000
     3.49000      1.04843      1.05870      0.23411     11.00000
     3.51000      1.15420      1.12471      0.40069     11.00000
     3.53000      1.20193      1.22052      0.51389     11.00000
     3.55000      1.28056      1.19206      0.51677     11.00000
     3.57000      1.21596      1.15516      0.51278     11.00000
     3.59000      1.24867      1.11052      0.40048     11.00000
     3.61000      1.26843      1.08184      0.40869     11.00000
     3.63000      1.03862      1.04594      0.49334     11.00000
     3.65000      0.91884      0.99817      0.50659     11.00000
     3.67000      1.15605      1.11406      0.56200     11.00000
     3.69000      0.99556      0.96861      0.48597     11.00000
     3.71000      0.99559      0.99660      0.50302     11.00000
     3.73000      0.94278      1.12206      0.58723     11.00000
     3.75000      1.00186      1.07864      0.50769     11.00000
     3.77000      1.09235      1.10525      0.54250     11.00000
     3.79000      0.99235      1.10064      0.49494     11.00000
     3.81000      0.89360      0.97624      0.44309     11.00000
     3.83000      1.07005      1.27144      0.98334     11.00000
     3.85000      1.29405      1.27882      0.69368     11.00000
     3.87000      1.25418      1.10743      0.46463     11.00000
     3.89000      1.01001      1.03331      0.46729     10.00000
     3.91000      1.32067      1.18506      0.48973     11.00000
     3.93000      1.36040      1.38955      0.71405     11.00000
     3.95000      1.42848      1.43729      0.79039     11.00000
     3.97000      1.33764      1.24462      0.58355     11.00000
     3.99000      1.04193      1.10236      0.51001     11.00000
     4.01000      1.13406      1.06773      0.46411     11.00000
     4.03000      1.10975      1.06504      0.52805     11.00000
     4.05000      1.10652      1.13976      0.71406     11.00000
     4.07000      1.11803      1.23605      0.92932     11.00000
     4.09000      1.17644      1.21024      0.72115     11.00000
     4.11000      0.99332      1.08325      0.60771     11.00000
     4.13000      1.18189      1.12313      0.58621     11.00000
     4.15000      1.15910      1.06563      0.48925     11.00000
     4.17000      1.17817      1.03757      0.49095     11.00000
     4.19000      1.10985      1.00593      0.43797     11.00000
     4.21000      1.07530      1.06541      0.33070     11.00000
     4.23000      1.08996      1.14218      0.42439     11.00000
     4.25000      1.12030      1.12950      0.48516     11.00000
     4.27000      1.16897      1.16777      0.60079     11.00000
     4.29000      1.15967      1.13963      0.61357     11.00000
     4.31000      1.23933      1.06173      0.52365     11.00000
     4.33000      1.16318      1.03669      0.48902     11.00000
     4.35000      1.07499      1.06103      0.45757     11.00000
     4.37000      1.01195      1.18353      0.73959     11.00000
     4.39000      1.06026      1.14434      0.55403     11.00000
     4.41000      1.09826      1.09258      0.51441     11.00000
     4.43000      1.03106      1.04994      0.47492     11.00000
     4.45000      1.04401      1.10733      0.51836     11.00000
     4.47000      0.99383      0.99409      0.41240     11.00000
     4.49000      1.00044      1.05634      0.47428     11.00000
     4.51000      0.89541      1.08476      0.56126     11.00000
     4.53000      0.86934      0.96694      0.52130     11.00000
     4.55000      0.84957      0.92338      0.53522     11.00000
     4.57000      0.91045      0.83676      0.42470     10.00000
     4.59000      0.96895      0.92345      0.40663     10.00000
     4.61000      0.77697      0.83580      0.40007      9.00000
     4.63000      0.88023      0.82146      0.37646      9.00000
     4.65000      1.02243      0.90431      0.28537      9.00000
     4.67000      0.84241      0.97706      0.48427      9.00000
     4.69000      0.84631      0.96917      0.50879      9.00000
     4.71000      0.86424      0.91227      0.41816      9.00000
     4.73000      0.83214      1.14106      0.95846      9.00000
     4.75000      0.86603      1.05164      0.74153      9.00000
     4.77000      0.73609      0.82571      0.35165      9.00000
     4.79000      0.74686      0.77006      0.31885      9.00000
     4.81000      0.83414      0.79691      0.30024      9.00000
     4.83000      0.86341      0.89391      0.33580      9.00000
     4.85000      0.80667      0.85019      0.33731     10.00000
     4.87000      0.80665      0.83219      0.31909      9.00000
     4.89000      0.81415      0.76644      0.29050     10.00000
     4.91000      0.75720      0.75764      0.31951     10.00000
     4.93000      0.68624      0.81598      0.41250     10.00000
     4.95000      0.56737      0.69010      0.33981     10.00000
     4.97000      0.57008      0.69179      0.36784     10.00000
     4.99000      0.77188      0.76256      0.37415     10.00000
