    -1.99000    388.87817    403.25668     74.16143     18.00000
    -1.97000    392.38854    405.81284     75.34913     18.00000
    -1.95000    393.62440    405.98576     70.37787     18.00000
    -1.93000    392.95644    405.85966     72.51692     18.00000
    -1.91000    394.03089    406.49265     71.21896     18.00000
    -1.89000    395.11018    406.55883     72.65350     18.00000
    -1.87000    393.50209    407.31624     70.99392     18.00000
    -1.85000    386.90582    405.24489     68.47087     18.00000
    -1.83000    390.75540    405.50053     69.45987     18.00000
    -1.81000    394.54717    405.87482     67.91962     18.00000
    -1.79000    395.69392    403.93573     64.69816     18.00000
    -1.77000    403.27948    405.30668     63.72762     18.00000
    -1.75000    402.16239    404.55568     63.10444     18.00000
    -1.73000    409.95886    407.35599     66.93885     18.00000
    -1.71000    400.20996    402.13011     63.23325     18.00000
    -1.69000    396.25075    401.65335     64.17747     18.00000
    -1.67000    400.32637    403.19248     64.23797     18.00000
    -1.65000    392.02205    401.74777     63.58329     18.00000
    -1.63000    395.32700    400.51780     62.44501     18.00000
    -1.61000    393.76108    398.01951     60.70410     18.00000
    -1.59000    392.60205    397.50170     62.79514     18.00000
    -1.57000    391.38682    397.44064     60.39504     18.00000
    -1.55000    392.65154    397.60955     59.24577     18.00000
    -1.53000    396.27625    398.09785     60.57247     18.00000
    -1.51000    399.32660    395.45668     60.37117     18.00000
    -1.49000    391.23164    392.58030     58.62382     18.00000
    -1.47000    388.27725    394.54612     57.22329     18.00000
    -1.45000    393.38695    393.03485     57.47967     18.00000
    -1.43000    394.28422    390.99079     58.51744     18.00000
    -1.41000    396.41705    390.24247     56.39667     18.00000
    -1.39000    398.21100    392.18335     56.77642     17.00000
    -1.37000    386.70341    389.20742     56.82283     18.00000
    -1.35000    387.85350    386.19021     52.18854     18.00000
    -1.33000    393.36571    388.07951     54.58596     18.00000
    -1.31000    392.56629    389.74700     57.48989     18.00000
    -1.29000    390.02465    389.28534     57.73066     18.00000
    -1.27000    386.98786    391.15873     60.23925     18.00000
    -1.25000    385.93917    388.54290     58.25476     18.00000
    -1.23000    384.93955    384.81912     55.63818     18.00000
    -1.21000    380.12467    384.21200     55.86979     18.00000
    -1.19000    386.64950    385.37609     56.61678     18.00000
    -1.17000    390.62056    385.50159     56.07189     18.00000
    -1.15000    383.86733    384.19267     56.50838     18.00000
    -1.13000    384.23941    385.59758     58.53036     18.00000
    -1.11000    380.50466    386.64775     59.20502     18.00000
    -1.09000    381.32728    387.54019     59.64108     18.00000
    -1.07000    386.03833    384.03910     57.19474     18.00000
    -1.05000    384.67445    382.57723     56.86000     18.00000
    -1.03000    384.48340    384.00077     57.12953     18.00000
    -1.01000    384.16424    386.69875     59.27637     18.00000
    -0.99000    380.33399    387.13785     59.16716     18.00000
    -0.97000    386.75211    390.24565     60.22229     18.00000
    -0.95000    386.84132    389.65270     62.09460     18.00000
    -0.93000    383.53306    388.31632     62.52020     18.00000
    -0.91000    390.68029    388.26014     62.38432     18.00000
    -0.89000    380.88333    388.70238     62.98699     18.00000
    -0.87000    375.68056    391.12964     64.14347     17.00000
    -0.85000    375.25938    389.07843     63.25059     18.00000
    -0.83000    376.69417    390.03554     64.02027     18.00000
    -0.81000    380.08912    387.67293     62.02144     18.00000
    -0.79000    381.05252    388.37893     63.22402     18.00000
    -0.77000    381.23843    388.88609     62.38326     18.00000
    -0.75000    376.16235    387.72753     61.73390     18.00000
    -0.73000    376.11556    387.45119     60.71650     18.00000
    -0.71000    376.43912    386.45395     62.09555     18.00000
    -0.69000    377.95472    386.40178     61.05435     18.00000
    -0.67000    378.45827    386.26501     59.62627     18.00000
    -0.65000    376.30531    385.54277     59.61219     18.00000
    -0.63000    376.91575    384.74679     58.34203     18.00000
    -0.61000    383.57588    385.53152     58.73663     18.00000
    -0.59000    380.66889    383.86382     56.13263     18.00000
    -0.57000    381.55279    382.61388     55.22665     18.00000
    -0.55000    376.70811    381.35957     53.56418     18.00000
    -0.53000    380.17242    382.75438     54.57682     18.00000
    -0.51000    382.81898    383.09341     56.19008     18.00000
    -0.49000    387.23913    382.79452     56.43287     18.00000
    -0.47000    386.79192    381.86717     53.36208     18.00000
    -0.45000    389.03900    382.34325     54.37691     18.00000
    -0.43000    392.72865    380.22213     52.92973     18.00000
    -0.41000    387.30493    379.12202     52.27260     18.00000
    -0.39000    383.80010    378.77331     50.78974     18.00000
    -0.37000    384.57606    378.59879     51.92605     18.00000
    -0.35000    390.16111    381.36166     53.88777     17.00000
    -0.33000    388.04874    379.14590     52.38342     18.00000
    -0.31000    382.92868    379.95293     51.14095     18.00000
    -0.29000    385.93609    383.18742     51.73526     18.00000
    -0.27000    382.97871    380.90902     48.19061     18.00000
    -0.25000    380.85438    379.27437     48.85988     18.00000
    -0.23000    378.07962    378.72383     49.19951     18.00000
    -0.21000    380.55583    379.23785     48.00141     18.00000
    -0.19000    377.81957    380.94600     46.86747     18.00000
    -0.17000    382.04932    378.67790     45.57475     18.00000
    -0.15000    381.50765    378.59745     46.09875     18.00000
    -0.13000    382.13774    380.60750     46.54424     18.00000
    -0.11000    378.37569    380.85511     47.89899     18.00000
    -0.09000    380.91661    381.73646     48.55898     18.00000
    -0.07000    383.00861    381.64380     46.51703     18.00000
    -0.05000    385.11151    384.66169     46.63274     18.00000
    -0.03000    379.26417    380.81758     46.73855     18.00000
    -0.01000    392.81735    383.26867     43.71253     18.00000
     0.01000    417.18972    428.28449     62.40358     18.00000
     0.03000    426.92472    445.17299     65.09831     18.00000
     0.05000    423.58067    448.49876     67.61977     18.00000
     0.07000    424.78028    448.83348     70.70666     18.00000
     0.09000    435.58418    450.39257     65.89508     18.00000
     0.11000    434.17200    449.16173     64.37729     18.00000
     0.13000    443.32207    453.39826     68.37619     18.00000
     0.15000    443.97237    454.67271     70.76536     18.00000
     0.17000    448.05500    456.79991     67.55872     17.00000
     0.19000    443.46316    449.82795     65.98028     18.00000
     0.21000    431.88994    446.33176     63.93507     18.00000
     0.23000    429.43071    447.22155     62.70799     18.00000
     0.25000    441.73698    444.74413     57.25040     18.00000
     0.27000    441.44581    445.45269     55.70071     18.00000
     0.29000    446.50760    445.29561     54.27507     18.00000
     0.31000    443.47448    448.00553     57.48984     18.00000
     0.33000    441.28207    448.88220     63.29534     18.00000
     0.35000    440.47797    447.28030     62.39553     18.00000
     0.37000    441.34636    449.96175     62.66252     18.00000
     0.39000    439.35021    446.77577     61.35045     18.00000
     0.41000    451.43966    449.70256     60.91452     18.00000
     0.43000    438.91888    448.77667     58.98045     18.00000
     0.45000    449.52500    448.79120     58.53550     18.00000
     0.47000    438.42620    446.94406     58.89024     18.00000
     0.49000    445.62824    447.27605     58.20778     18.00000
     0.51000    437.60405    445.18330     57.79118     18.00000
     0.53000    446.25250    444.61828     54.67394     18.00000
     0.55000    433.77286    442.67066     59.27170     17.00000
     0.57000    444.61865    442.37907     55.18728     18.00000
     0.59000    439.43403    437.57196     51.92921     18.00000
     0.61000    442.13734    436.82361     51.77994     18.00000
     0.63000    440.93576    435.77124     55.44461     18.00000
     0.65000    436.81459    437.37613     57.57882     18.00000
     0.67000    427.92651    438.78166     58.03825     18.00000
     0.69000    429.13504    435.43666     57.46032     18.00000
     0.71000    428.14299    435.06435     57.74824     18.00000
     0.73000    438.90136    434.54227     57.76387     18.00000
     0.75000    432.80756    430.96956     56.69406     18.00000
     0.77000    430.73437    430.83207     55.72532     18.00000
     0.79000    425.37143    428.84773     54.82200     18.00000
     0.81000    423.51853    428.52326     54.77136     18.00000
     0.83000    424.12269    428.36937     53.16092     18.00000
     0.85000    426.74979    427.74589     51.51511     18.00000
     0.87000    428.65298    428.84381     48.24779     18.00000
     0.89000    430.27587    426.35356     46.89874     18.00000
     0.91000    425.65147    425.59539     46.33049     18.00000
     0.93000    432.70994    427.20275     44.78968     18.00000
     0.95000    433.13850    429.33385     45.36567     18.00000
     0.97000    432.43500    428.92248     47.29235     18.00000
     0.99000    436.53429    430.97863     47.94643     18.00000
     1.01000    432.94668    430.72706     46.33009     18.00000
     1.03000    433.47401    429.05835     47.69192     18.00000
     1.05000    432.37933    430.07313     46.11887     18.00000
     1.07000    429.97870    427.32402     46.81291     18.00000
     1.09000    422.95016    424.94104     46.73497     18.00000
     1.11000    422.28744    424.25342     45.56070     18.00000
     1.13000    418.07893    423.14022     44.25171     18.00000
     1.15000    420.39364    423.35202     43.68610     18.00000
     1.17000    420.41243    423.48832     43.44863     18.00000
     1.19000    419.30115    422.50405     43.76788     18.00000
     1.21000    421.75947    421.87663     45.30947     18.00000
     1.23000    419.43748    422.18794     45.27767     18.00000
     1.25000    418.69004    421.17840     43.93234     18.00000
     1.27000    416.03000    420.13831     42.69246     18.00000
     1.29000    412.76457    416.36949     42.21085     18.00000
     1.31000    409.74393    415.57556     40.64031     18.00000
     1.33000    414.90173    418.58419     40.94964     18.00000
     1.35000    417.46264    418.44612     38.30569     18.00000
     1.37000    419.41701    419.42732     37.52158     18.00000
     1.39000    420.99167    420.54429     36.55545     18.00000
     1.41000    418.40033    418.61937     34.82562     18.00000
     1.43000    416.63121    418.19123     34.65554     18.00000
     1.45000    426.56780    423.49271     41.30784     18.00000
     1.47000    427.61085    426.60985     50.32742     18.00000
     1.49000    428.70503    425.97513     49.01571     18.00000
     1.51000    417.48627    425.58962     48.98408     18.00000
     1.53000    417.25361    421.29461     47.01455     18.00000
     1.55000    413.58411    418.84912     42.16915     18.00000
     1.57000    424.60825    420.91489     40.22855     18.00000
     1.59000    421.05775    419.15721     43.17911     18.00000
     1.61000    420.65162    420.71172     44.62775     18.00000
     1.63000    420.81091    420.29147     44.88919     18.00000
     1.65000    420.00960    417.41763     42.80238     18.00000
     1.67000    418.62453    416.30455     41.79184     18.00000
     1.69000    416.30717    415.93690     39.65017     18.00000
     1.71000    421.80364    417.20097     39.15457     17.00000
     1.73000    413.59849    414.44470     37.27691     18.00000
     1.75000    412.36010    415.30478     35.01088     18.00000
     1.77000    413.18789    413.28306     32.99211     18.00000
     1.79000    413.59515    412.91536     31.12983     18.00000
     1.81000    413.97110    411.90646     29.66953     18.00000
     1.83000    410.98880    411.23627     29.43445     18.00000
     1.85000    416.81494    410.87542     30.39455     18.00000
     1.87000    413.28280    409.20285     30.23387     18.00000
     1.89000    411.90755    410.79434     28.82171     18.00000
     1.91000    409.18845    408.43270     28.85578     18.00000
     1.93000    408.53301    407.48267     29.78691     18.00000
     1.95000    408.05325    407.27499     29.65471     18.00000
     1.97000    407.50914    405.68695     30.85580     18.00000
     1.99000    409.38712    404.88276     30.99893     18.00000
     2.01000    402.61956    403.91664     29.44269     18.00000
     2.03000    398.36915    402.81552     31.75010     18.00000
     2.05000    398.65111    400.56359     31.95218     18.00000
     2.07000    397.14564    402.30496     32.46166     18.00000
     2.09000    401.15161    401.20070     31.37246     18.00000
     2.11000    399.46551    400.78899     29.64379     18.00000
     2.13000    401.48063    400.12343     29.31420     18.00000
     2.15000    405.45088    401.15197     29.80198     18.00000
     2.17000    400.57631    400.94698     29.64728     18.00000
     2.19000    402.23269    402.19908     30.61966     18.00000
     2.21000    402.06444    401.89981     30.10439     18.00000
     2.23000    405.68500    401.87519     32.78874     17.00000
     2.25000    403.17826    399.59798     28.82032     18.00000
     2.27000    400.34600    397.99123     26.78221     18.00000
     2.29000    399.87059    398.69490     28.19016     18.00000
     2.31000    400.63529    397.44785     27.80234     18.00000
     2.33000    404.35329    397.41925     30.05417     18.00000
     2.35000    404.84456    397.75450     30.50511     18.00000
     2.37000    406.68778    399.52560     28.49604     18.00000
     2.39000    403.53979    401.43115     25.91077     18.00000
     2.41000    409.37235    401.49985     24.58156     18.00000
     2.43000    404.17920    401.05146     26.72211     18.00000
     2.45000    402.50652    400.95410     29.13243     18.00000
     2.47000    406.89212    404.10444     29.23227     18.00000
     2.49000    407.81601    403.25977     28.70731     18.00000
     2.51000    401.38006    402.57601     31.64306     18.00000
     2.53000    397.40353    403.14536     31.57807     18.00000
     2.55000    395.12917    399.95881     31.44400     18.00000
     2.57000    392.57297    400.53158     34.43575     18.00000
     2.59000    393.21527    401.19695     35.17041     18.00000
     2.61000    390.33036    399.31566     32.12861     18.00000
     2.63000    389.67294    399.94035     32.93434     18.00000
     2.65000    388.88903    400.02841     34.17464     18.00000
     2.67000    388.23529    399.78688     33.57739     18.00000
     2.69000    387.38635    399.93583     33.98936     18.00000
     2.71000    386.27118    399.53729     34.93825     18.00000
     2.73000    384.34667    399.15567     34.79425     18.00000
     2.75000    384.13636    399.23623     34.25747     17.00000
     2.77000    384.93528    400.31019     36.37517     18.00000
     2.79000    384.45621    400.95770     36.72128     18.00000
     2.81000    383.41486    400.02315     36.65658     18.00000
     2.83000    381.49958    399.14743     35.67991     18.00000
     2.85000    382.29591    399.62877     38.74251     18.00000
     2.87000    384.77879    400.24632     39.38011     18.00000
     2.89000    383.89853    400.95779     39.64016     18.00000
     2.91000    385.68460    401.86851     41.58840     18.00000
     2.93000    386.96177    404.74655     47.64974     18.00000
     2.95000    385.93106    405.74111     53.30554     18.00000
     2.97000    386.03945    403.62053     52.37409     18.00000
     2.99000    384.41139    402.61444     53.11935     18.00000
     3.01000    384.21000    400.26424     49.75330     18.00000
     3.03000    384.09111    398.33518     50.70532     18.00000
     3.05000    383.80353    397.69281     50.37013     18.00000
     3.07000    382.85056    396.36333     48.37588     18.00000
     3.09000    385.75452    396.02553     48.14549     18.00000
     3.11000    384.45659    393.69702     46.64793     18.00000
     3.13000    385.50172    395.97385     45.41784     18.00000
     3.15000    388.59011    401.55477     48.73803     18.00000
     3.17000    386.02625    403.02605     46.68508     18.00000
     3.19000    384.89978    401.96364     45.12812     18.00000
     3.21000    387.73906    401.54799     45.67075     18.00000
     3.23000    386.02107    401.65214     47.84447     18.00000
     3.25000    386.21450    400.89913     47.79759     18.00000
     3.27000    386.34700    398.99939     51.49997     17.00000
     3.29000    383.53250    396.99248     48.90005     18.00000
     3.31000    381.41931    397.16344     49.75113     18.00000
     3.33000    379.45500    396.57814     51.76427     18.00000
     3.35000    379.09155    398.32722     53.34408     18.00000
     3.37000    382.05046    397.98960     51.97158     18.00000
     3.39000    384.50150    396.87836     50.92717     18.00000
     3.41000    383.95804    398.18796     52.69659     18.00000
     3.43000    385.66914    401.58584     52.98825     18.00000
     3.45000    384.32000    399.61914     49.90269     18.00000
     3.47000    383.85550    398.72920     49.67281     18.00000
     3.49000    384.32343    398.03402     48.67914     18.00000
     3.51000    382.25650    398.81311     52.42985     18.00000
     3.53000    383.34273    402.52680     54.61967     18.00000
     3.55000    384.58788    405.59283     56.94627     18.00000
     3.57000    384.55250    406.14138     58.47863     18.00000
     3.59000    383.77361    403.96085     57.85604     18.00000
     3.61000    382.54889    405.82148     58.35101     18.00000
     3.63000    386.84036    407.38640     60.01398     18.00000
     3.65000    384.09379    405.83565     57.95212     18.00000
     3.67000    383.04362    406.69271     55.61931     18.00000
     3.69000    387.69500    405.20198     54.21382     18.00000
     3.71000    391.41208    404.36822     54.60533     18.00000
     3.73000    392.39542    405.17262     53.71638     18.00000
     3.75000    389.12583    404.68342     53.46318     18.00000
     3.77000    394.00414    406.18911     52.04833     18.00000
     3.79000    401.97337    407.24868     53.50696     18.00000
     3.81000    399.70694    409.53559     54.78130     18.00000
     3.83000    399.87339    410.69496     55.84212     18.00000
     3.85000    401.45091    410.92897     56.18054     18.00000
     3.87000    398.02687    411.28435     58.05115     18.00000
     3.89000    398.47559    411.68287     57.69062     18.00000
     3.91000    398.76093    412.65753     55.03855     18.00000
     3.93000    403.63750    413.52183     55.18481     18.00000
     3.95000    403.06389    412.12464     54.60963     18.00000
     3.97000    400.12394    412.15975     55.25740     18.00000
     3.99000    399.50654    413.11019     56.66835     18.00000
     4.01000    394.54092    413.72246     59.65390     18.00000
     4.03000    393.59192    413.52637     61.10189     18.00000
     4.05000    394.03714    412.32941     61.60768     18.00000
     4.07000    393.46617    411.77948     60.90846     18.00000
     4.09000    394.62361    414.96924     66.47409     18.00000
     4.11000    394.33577    417.03632     69.72070     18.00000
     4.13000    394.67857    416.05736     71.80026     18.00000
     4.15000    392.66500    414.69580     70.09344     18.00000
     4.17000    397.80545    417.39709     69.48582     17.00000
     4.19000    402.11000    416.01493     68.36945     17.00000
     4.21000    396.54885    412.71244     67.49202     18.00000
     4.23000    393.66833    414.00144     67.00468     18.00000
     4.25000    390.18708    415.76559     70.40214     18.00000
     4.27000    386.99167    412.13102     67.98628     18.00000
     4.29000    388.79050    413.93329     70.91857     18.00000
     4.31000    387.25771    412.98879     69.81841     18.00000
     4.33000    397.08979    415.20938     70.87487     18.00000
     4.35000    395.48461    417.48819     72.56770     18.00000
     4.37000    397.52024    417.72964     75.08373     18.00000
     4.39000    394.28675    414.65979     71.30156     18.00000
     4.41000    393.46706    414.88777     73.53189     18.00000
     4.43000    389.73706    413.28746     73.76715     18.00000
     4.45000    390.14464    412.80465     73.92752     18.00000
     4.47000    389.63444    411.52785     74.86513     18.00000
     4.49000    387.66607    409.38121     72.45680     18.00000
     4.51000    389.48231    413.06993     73.23072     18.00000
     4.53000    390.92769    413.41386     72.98242     18.00000
     4.55000    389.97885    413.79788     75.59617     18.00000
     4.57000    389.23107    412.54670     78.42574     18.00000
     4.59000    389.93815    413.57708     76.37794     18.00000
     4.61000    389.05615    414.24237     76.47480     18.00000
     4.63000    386.45519    410.64774     77.37826     18.00000
     4.65000    386.36554    412.26820     77.43619     18.00000
     4.67000    384.49962    417.16944     83.01895     18.00000
     4.69000    383.69806    419.62158     91.45129     18.00000
     4.71000    382.92712    418.71235     89.98683     18.00000
     4.73000    383.38630    418.71432     91.65346     18.00000
     4.75000    384.26115    417.70140     90.05397     18.00000
     4.77000    381.72596    419.54323     94.83888     18.00000
     4.79000    382.73963    419.37795     94.60466     18.00000
     4.81000    379.38296    418.53246     94.83707     17.00000
     4.83000    377.47778    416.92890     94.45108     18.00000
     4.85000    379.22409    415.97216     93.32660     18.00000
     4.87000    378.56833    413.92816     91.58862     18.00000
     4.89000    377.26694    413.63607     92.12518     18.00000
     4.91000    376.19111    410.27505     91.88971     18.00000
     4.93000    378.90111    412.97965     92.76585     18.00000
     4.95000    377.38833    412.20233     94.17315     18.00000
     4.97000    376.26708    410.38067     92.32385     18.00000
     4.99000    378.38833    412.82111     97.60717     18.00000
