    -1.99000      6.34990      6.13606      2.14955     13.00000
    -1.97000      6.28489      6.05799      2.28305     13.00000
    -1.95000      6.20468      6.12256      2.07782     13.00000
    -1.93000      6.07353      6.28386      1.88577     13.00000
    -1.91000      7.03811      6.40844      1.95115     13.00000
    -1.89000      6.54056      6.58137      1.78979     13.00000
    -1.87000      6.24512      6.49406      1.72087     13.00000
    -1.85000      6.03470      6.34580      1.74907     13.00000
    -1.83000      6.11200      6.27198      1.81142     13.00000
    -1.81000      5.08200      6.16960      2.67175     13.00000
    -1.79000      4.96873      6.38812      2.96663     13.00000
    -1.77000      5.64605      6.43091      2.87548     13.00000
    -1.75000      5.83295      6.27805      2.67549     13.00000
    -1.73000      5.93732      6.68598      2.72820     13.00000
    -1.71000      6.59553      6.80837      2.33189     13.00000
    -1.69000      5.88811      6.82699      2.56943     13.00000
    -1.67000      6.07017      7.11837      3.58481     13.00000
    -1.65000      5.71132      7.55736      5.60166     13.00000
    -1.63000      5.89787      7.95514      7.05606     13.00000
    -1.61000      5.62068      7.75627      7.01918     13.00000
    -1.59000      5.72542      7.66974      6.46828     13.00000
    -1.57000      5.82747      7.67210      6.08230     13.00000
    -1.55000      5.74255      7.52585      5.81924     13.00000
    -1.53000      5.26926      7.47199      5.77098     13.00000
    -1.51000      5.65658      7.77825      6.70125     13.00000
    -1.49000      5.79150      7.54701      6.28031     13.00000
    -1.47000      5.49775      7.32947      5.50740     13.00000
    -1.45000      5.89921      6.71782      3.55490     13.00000
    -1.43000      6.06339      7.48621      4.49950     13.00000
    -1.41000      6.06678      7.99932      5.47800     13.00000
    -1.39000      6.04053      7.53152      3.96588     13.00000
    -1.37000      6.04378      7.32292      3.47122     13.00000
    -1.35000      6.13089      7.41379      3.37258     13.00000
    -1.33000      6.18447      7.54421      3.16159     13.00000
    -1.31000      6.26706      7.64018      3.21691     13.00000
    -1.29000      6.26544      7.71949      3.24674     13.00000
    -1.27000      6.34500      7.84105      3.44530     13.00000
    -1.25000      6.37750      7.76332      3.37960     13.00000
    -1.23000      7.08479      7.70317      3.16299     13.00000
    -1.21000      7.44743      7.92634      3.04424     13.00000
    -1.19000      7.23800      8.11091      3.24704     13.00000
    -1.17000      7.06577      7.65893      2.62612     13.00000
    -1.15000      6.99071      7.91966      3.21982     13.00000
    -1.13000      7.09307      7.57219      3.33054     13.00000
    -1.11000      7.11223      7.52268      3.63822     13.00000
    -1.09000      7.08729      7.51289      3.43899     13.00000
    -1.07000      7.02441      7.68897      3.14040     13.00000
    -1.05000      6.88663      7.81832      3.15065     13.00000
    -1.03000      6.88185      7.67675      3.25988     13.00000
    -1.01000      7.10971      7.66012      3.25602     13.00000
    -0.99000      7.07465      7.57199      3.23010     13.00000
    -0.97000      7.05200      7.57511      3.01448     13.00000
    -0.95000      6.96831      7.50350      2.91746     13.00000
    -0.93000      6.83607      7.40964      2.80287     13.00000
    -0.91000      7.05925      7.47588      3.02742     13.00000
    -0.89000      6.91889      7.55142      3.26447     13.00000
    -0.87000      6.66675      7.35402      3.16110     13.00000
    -0.85000      6.46462      7.32082      3.20489     13.00000
    -0.83000      6.34538      7.29343      3.10858     13.00000
    -0.81000      6.53994      7.32807      3.20992     13.00000
    -0.79000      6.68553      7.35239      3.30501     13.00000
    -0.77000      6.76038      7.35738      3.06355     13.00000
    -0.75000      6.81200      7.14573      3.09438     13.00000
    -0.73000      7.01006      7.31998      3.34030     13.00000
    -0.71000      6.65488      7.25715      3.23296     13.00000
    -0.69000      6.78362      7.18727      3.20864     13.00000
    -0.67000      6.51063      7.07614      3.27876     13.00000
    -0.65000      6.05639      7.03364      3.11837     13.00000
    -0.63000      5.78000      6.93325      2.84073     13.00000
    -0.61000      6.45900      7.22590      2.91512     13.00000
    -0.59000      6.30700      7.22648      2.91205     13.00000
    -0.57000      6.32963      7.19743      2.96974     13.00000
    -0.55000      6.01425      7.05111      2.92035     13.00000
    -0.53000      5.53238      6.83921      2.83652     13.00000
    -0.51000      5.88350      6.78467      2.72620     13.00000
    -0.49000      5.66578      6.70067      2.64696     13.00000
    -0.47000      5.65075      6.58710      2.58497     13.00000
    -0.45000      5.53288      6.72303      2.59287     13.00000
    -0.43000      5.37550      6.76030      2.53181     13.00000
    -0.41000      5.75731      6.77237      2.51701     13.00000
    -0.39000      5.57359      6.71659      2.61292     13.00000
    -0.37000      5.77119      6.60294      2.50210     13.00000
    -0.35000      6.81787      6.80304      2.41413     13.00000
    -0.33000      6.75831      6.96091      2.40276     13.00000
    -0.31000      7.28256      6.98511      2.44311     13.00000
    -0.29000      7.60705      7.00539      2.43517     13.00000
    -0.27000      7.20828      6.95627      2.21864     13.00000
    -0.25000      7.21472      6.88643      2.35912     13.00000
    -0.23000      7.06969      6.79051      2.25924     13.00000
    -0.21000      7.00944      6.84742      2.27458     13.00000
    -0.19000      7.06088      7.11188      2.36313     13.00000
    -0.17000      6.96831      7.20212      2.24430     13.00000
    -0.15000      6.66544      7.00943      2.04922     13.00000
    -0.13000      6.72074      7.00509      2.06792     13.00000
    -0.11000      6.88835      6.95234      2.10802     13.00000
    -0.09000      6.33668      6.66744      2.03182     13.00000
    -0.07000      6.29225      6.29454      2.29886     13.00000
    -0.05000      6.27353      6.30925      2.53463     13.00000
    -0.03000      6.10513      6.26716      2.33477     13.00000
    -0.01000      6.72405      6.83357      2.41728     13.00000
     0.01000     13.84645     13.48397      7.00650     13.00000
     0.03000     11.55009     13.95370      6.24692     13.00000
     0.05000     14.24600     14.35395      6.39087     13.00000
     0.07000     17.57337     15.53709      7.33530     13.00000
     0.09000     16.11187     15.38182      7.04286     13.00000
     0.11000     14.68915     14.54746      6.71932     13.00000
     0.13000     14.73974     14.31340      6.85027     13.00000
     0.15000     12.23987     13.61009      6.27500     13.00000
     0.17000     11.64333     13.37645      6.76749     13.00000
     0.19000     10.73940     12.95854      6.72185     13.00000
     0.21000     11.59360     13.05055      6.72418     13.00000
     0.23000     12.37056     13.46961      6.67987     13.00000
     0.25000     12.05460     13.67113      7.13525     13.00000
     0.27000     11.73671     14.03464      7.54569     13.00000
     0.29000     13.71000     14.27226      7.15956     13.00000
     0.31000     13.17621     14.03786      6.23820     13.00000
     0.33000     12.41150     13.64472      5.60144     13.00000
     0.35000     13.95726     13.43159      4.92992     13.00000
     0.37000     13.58853     13.43057      4.79665     13.00000
     0.39000     13.90473     13.65378      5.32922     13.00000
     0.41000     13.96782     14.04126      5.17494     13.00000
     0.43000     14.38885     13.91544      5.11679     13.00000
     0.45000     13.44431     14.26669      5.61651     13.00000
     0.47000     14.00347     13.87431      5.68098     13.00000
     0.49000     13.32678     13.00996      5.53734     13.00000
     0.51000     14.74986     13.72567      5.60800     13.00000
     0.53000     14.41629     13.37300      5.47081     13.00000
     0.55000     14.39986     13.41382      5.15077     13.00000
     0.57000     14.40256     14.05500      5.49193     13.00000
     0.59000     14.30729     14.02554      5.37798     13.00000
     0.61000     14.29950     14.78156      5.41238     13.00000
     0.63000     14.42679     14.89652      5.49398     13.00000
     0.65000     14.41823     14.64928      5.27255     13.00000
     0.67000     14.50025     14.73012      5.03653     13.00000
     0.69000     13.98320     14.42401      4.44216     13.00000
     0.71000     12.83915     13.91954      4.10433     13.00000
     0.73000     13.56800     13.68930      3.98721     13.00000
     0.75000     11.78909     12.64931      4.00863     13.00000
     0.77000     12.21389     12.85786      4.53712     13.00000
     0.79000     12.08672     12.58864      4.21585     13.00000
     0.81000     12.60736     12.31293      3.91457     13.00000
     0.83000     10.92979     11.58657      4.02998     13.00000
     0.85000     11.14425     11.89973      3.99893     13.00000
     0.87000     10.86164     11.79158      3.82987     13.00000
     0.89000     11.90600     11.93808      3.67746     13.00000
     0.91000     10.60700     11.19014      3.98827     13.00000
     0.93000     10.69406     11.08393      3.48751     13.00000
     0.95000     12.97182     11.37778      3.31275     13.00000
     0.97000     12.21238     11.51131      3.23376     13.00000
     0.99000     11.89025     11.50787      3.37777     13.00000
     1.01000     11.60940     11.41098      3.08652     13.00000
     1.03000     11.84650     11.27629      3.40173     13.00000
     1.05000     12.77835     11.55573      3.56064     13.00000
     1.07000     12.88500     11.42796      3.67029     13.00000
     1.09000     12.78372     11.39363      3.71880     13.00000
     1.11000     12.66291     11.38043      3.15074     13.00000
     1.13000     12.43145     11.74772      2.69933     13.00000
     1.15000     12.41363     11.99768      2.96632     13.00000
     1.17000     12.38425     12.08985      2.74010     13.00000
     1.19000     12.38727     12.32897      2.79733     13.00000
     1.21000     12.71185     12.86853      3.55615     13.00000
     1.23000     12.47347     12.57927      2.87233     13.00000
     1.25000     12.28800     12.25919      2.86445     13.00000
     1.27000     11.99491     11.94112      2.92923     13.00000
     1.29000     11.98355     12.48743      3.44655     13.00000
     1.31000     12.07725     12.52271      3.53752     13.00000
     1.33000     12.05500     12.24581      3.20369     13.00000
     1.35000     12.99556     12.34972      3.41953     13.00000
     1.37000     12.83144     12.30595      3.55506     13.00000
     1.39000     12.61081     12.31913      3.65595     13.00000
     1.41000     12.48969     12.24937      3.93764     13.00000
     1.43000     12.48600     12.22813      3.90992     13.00000
     1.45000     12.08031     11.98563      3.83353     13.00000
     1.47000     11.85947     11.61822      4.12609     13.00000
     1.49000     11.68475     11.42165      4.23451     13.00000
     1.51000     11.47413     11.52437      4.10895     13.00000
     1.53000     11.36756     11.86257      3.91817     13.00000
     1.55000     11.47712     11.85902      3.94075     13.00000
     1.57000     11.30980     11.93333      3.92230     13.00000
     1.59000     11.75350     11.67851      4.34636     13.00000
     1.61000     11.94700     11.75806      4.16152     13.00000
     1.63000     11.96000     11.68700      4.43871     13.00000
     1.65000     11.89836     11.68686      4.44514     13.00000
     1.67000     11.95431     11.92941      4.21398     13.00000
     1.69000     11.73033     11.90147      4.14928     13.00000
     1.71000     11.58700     11.85898      4.16094     13.00000
     1.73000     11.35769     11.75957      4.17080     13.00000
     1.75000     11.74227     11.82522      4.22682     13.00000
     1.77000     12.22140     11.92753      4.22638     13.00000
     1.79000     12.17700     11.91358      4.22985     13.00000
     1.81000     12.12560     11.84442      4.23205     13.00000
     1.83000     12.11650     11.72464      4.25651     13.00000
     1.85000     12.13080     11.59658      4.18024     13.00000
     1.87000     11.95819     11.61433      4.24376     13.00000
     1.89000     11.65044     11.57234      4.38910     13.00000
     1.91000     11.14956     11.52251      4.51108     13.00000
     1.93000     11.07127     11.42198      4.62678     13.00000
     1.95000     10.87925     11.07713      4.81907     13.00000
     1.97000     11.06500     11.35373      4.86329     13.00000
     1.99000     10.92031     11.48325      5.08590     13.00000
     2.01000     10.17680     11.22096      5.18338     13.00000
     2.03000     10.25700     11.17635      5.19702     13.00000
     2.05000     10.05880     11.12270      5.21290     13.00000
     2.07000      9.56375     11.07137      5.23560     13.00000
     2.09000      9.69694     10.95110      5.38367     13.00000
     2.11000      9.82931     10.84295      5.44108     13.00000
     2.13000      9.87560     10.90438      5.38028     13.00000
     2.15000      9.26675     10.79419      5.39563     13.00000
     2.17000      9.50240     10.77748      5.48956     13.00000
     2.19000      9.39686     10.80838      5.46837     13.00000
     2.21000      9.51813     10.79658      5.52079     13.00000
     2.23000      9.57053     10.66665      5.61089     13.00000
     2.25000      9.57286     10.54636      5.58411     13.00000
     2.27000      9.63880     10.56005      5.66446     13.00000
     2.29000      9.24864     10.61157      5.50994     13.00000
     2.31000      9.32273     10.60762      5.39179     13.00000
     2.33000      9.49327     10.75777      5.16537     13.00000
     2.35000      9.41321     10.75567      4.99196     13.00000
     2.37000      9.81973     10.63801      4.91287     13.00000
     2.39000     10.32008     10.51931      4.95270     13.00000
     2.41000      9.73391     10.32409      4.84781     13.00000
     2.43000      8.32664     10.15207      5.04632     13.00000
     2.45000      7.99327      9.97823      5.15713     13.00000
     2.47000      7.71192      9.89049      5.06354     13.00000
     2.49000      8.75761     10.03417      4.92662     13.00000
     2.51000      8.09189      9.95975      4.81729     13.00000
     2.53000      9.15844      9.93009      4.74726     13.00000
     2.55000      9.45764      9.98451      4.78102     13.00000
     2.57000      8.06536      9.83929      4.77012     13.00000
     2.59000      7.73536      9.74154      4.72255     13.00000
     2.61000      8.14418      9.62902      4.55503     13.00000
     2.63000      8.81773      9.73121      4.43231     13.00000
     2.65000      9.63467      9.74799      4.28058     13.00000
     2.67000      9.51245      9.81013      4.53147     13.00000
     2.69000      9.46600      9.78957      4.29932     13.00000
     2.71000      9.43464      9.58716      3.85989     13.00000
     2.73000      9.48155      9.39002      3.65740     13.00000
     2.75000      9.47355      9.41893      3.62116     13.00000
     2.77000      9.36327      9.61995      3.99454     13.00000
     2.79000      9.38055      9.51495      3.84670     13.00000
     2.81000      9.27233      9.33500      3.58716     13.00000
     2.83000      9.27806      9.32912      3.56159     13.00000
     2.85000      9.60294      9.60603      4.02858     13.00000
     2.87000      9.62009      9.77791      4.14408     13.00000
     2.89000      9.55842     10.43471      5.23469     13.00000
     2.91000      9.57482     10.38710      5.30470     13.00000
     2.93000      9.61773     10.58190      5.41027     13.00000
     2.95000      9.76973     10.85761      5.50643     13.00000
     2.97000      9.75318     10.67897      5.36625     13.00000
     2.99000      9.67318     10.58582      5.29601     13.00000
     3.01000      9.92536     10.65966      5.54006     13.00000
     3.03000     10.00991     10.49769      5.37729     13.00000
     3.05000      9.07582     10.24609      4.96853     13.00000
     3.07000      9.29500     10.16464      4.65869     13.00000
     3.09000     10.08173     10.23255      4.34135     13.00000
     3.11000     10.01936     10.16100      3.68037     13.00000
     3.13000      9.87150      9.88285      3.45138     13.00000
     3.15000      9.83909      9.95383      3.59912     13.00000
     3.17000      9.30145      9.65059      3.36286     13.00000
     3.19000      9.29927      9.57937      3.32343     13.00000
     3.21000      9.20100      9.54489      3.34203     13.00000
     3.23000      9.02018      9.58658      3.20280     13.00000
     3.25000      8.97855      9.74345      3.04853     13.00000
     3.27000      9.26636      9.87794      3.02629     13.00000
     3.29000      9.71574     10.12409      3.12423     13.00000
     3.31000      9.14775     10.19918      3.19281     13.00000
     3.33000      9.83474     10.14314      3.11476     13.00000
     3.35000      9.48809     10.17821      3.07781     13.00000
     3.37000      9.76600     10.95931      3.28069     13.00000
     3.39000     10.41413     11.23317      3.20355     13.00000
     3.41000     10.53950     10.64457      2.63357     13.00000
     3.43000     10.35775     10.25469      2.29464     13.00000
     3.45000     10.26150     10.56274      2.60372     13.00000
     3.47000     10.30778     10.70309      2.79647     13.00000
     3.49000     10.32913     10.68441      2.63100     13.00000
     3.51000      9.68636     10.88767      3.09741     13.00000
     3.53000      9.82057     10.91364      3.16153     13.00000
     3.55000     10.16274     10.53083      3.12345     13.00000
     3.57000      9.62117     10.17236      3.25157     13.00000
     3.59000     10.08127     10.18081      2.56628     13.00000
     3.61000      9.77800      9.49448      2.36303     13.00000
     3.63000     10.10311      9.79115      2.52861     13.00000
     3.65000      8.53487      9.91679      2.86266     13.00000
     3.67000      8.76225     10.06336      3.08447     13.00000
     3.69000      8.85353     10.50782      4.47856     13.00000
     3.71000      9.26320     10.75100      4.22997     13.00000
     3.73000     10.09561     10.53047      3.25794     13.00000
     3.75000     10.25275     10.93472      4.03759     13.00000
     3.77000     10.14684     11.75502      4.57783     13.00000
     3.79000      9.88912     12.87473      7.47926     13.00000
     3.81000     10.19487     13.04626      7.95760     13.00000
     3.83000      9.77913     13.23829      8.38030     13.00000
     3.85000      9.65067     13.23688      8.19604     13.00000
     3.87000      9.54288     13.26743      8.26357     13.00000
     3.89000      9.55187     13.33721      9.10608     13.00000
     3.91000      9.47738     13.79741      9.56139     13.00000
     3.93000      9.39607     13.56472      9.25524     13.00000
     3.95000     10.54936     12.75067      7.59725     13.00000
     3.97000     10.54320     11.84820      4.90971     13.00000
     3.99000      9.68200     11.83444      4.59911     13.00000
     4.01000     11.11913     11.82613      5.04801     13.00000
     4.03000     11.13680     11.93191      5.24201     13.00000
     4.05000      9.83229     10.83284      4.52632     13.00000
     4.07000      8.38136     10.32626      4.74026     13.00000
     4.09000      8.38382      9.85761      3.78183     13.00000
     4.11000      9.10081      9.83271      4.16327     13.00000
     4.13000      8.75144     10.00053      4.72736     13.00000
     4.15000      8.45012      9.51624      4.61247     13.00000
     4.17000      8.41173      9.26953      4.07968     13.00000
     4.19000      8.19662      8.97986      3.85901     13.00000
     4.21000      8.06000      8.81530      3.70001     13.00000
     4.23000      8.15993      8.92384      3.44036     13.00000
     4.25000      9.05641      9.12905      3.38410     13.00000
     4.27000      8.46822      9.10250      3.50074     13.00000
     4.29000      8.98720      9.17763      3.60389     13.00000
     4.31000      9.14753      9.22454      3.76946     13.00000
     4.33000      8.98057      9.34092      3.91109     13.00000
     4.35000      8.73927      9.97514      4.80299     13.00000
     4.37000      8.64180     10.06591      4.77393     13.00000
     4.39000      8.57303     10.04908      4.59775     13.00000
     4.41000      8.47883      9.70317      4.14470     13.00000
     4.43000      8.80626      9.99747      4.38031     13.00000
     4.45000      9.24861      9.86094      4.41859     13.00000
     4.47000      8.99935      9.65954      4.42265     13.00000
     4.49000      9.04500      9.65953      4.37267     13.00000
     4.51000      8.64090      9.63574      4.02711     13.00000
     4.53000      7.95673      9.16251      4.23176     13.00000
     4.55000      7.77613      8.97838      4.58560     13.00000
     4.57000      7.76506      9.05847      4.55590     13.00000
     4.59000      7.85339      8.72568      4.50462     13.00000
     4.61000      8.13903      8.77221      4.52776     13.00000
     4.63000      7.98994      8.81919      4.78096     13.00000
     4.65000      7.96171      8.73257      4.72850     13.00000
     4.67000      6.46063      8.66657      4.72406     13.00000
     4.69000      6.62116      8.90596      4.32781     13.00000
     4.71000      6.50506      9.06171      4.42282     13.00000
     4.73000      6.73525      9.22034      4.59432     13.00000
     4.75000      6.91608      9.24311      4.53661     13.00000
     4.77000      6.37081      8.95631      4.54997     13.00000
     4.79000      6.36617      8.89637      4.51550     13.00000
     4.81000      6.44487      8.85244      4.43339     13.00000
     4.83000      6.72206      8.59119      4.39976     13.00000
     4.85000      6.52381      8.66547      4.10850     13.00000
     4.87000      6.35787      8.54800      3.95934     13.00000
     4.89000      6.36392      8.69972      4.03578     13.00000
     4.91000      6.43629      8.68715      4.37904     13.00000
     4.93000      6.56419      8.47125      4.03102     13.00000
     4.95000      6.93950      8.19009      3.87112     13.00000
     4.97000      7.22181      8.10779      3.56469     13.00000
     4.99000      7.22341      8.25163      3.64772     13.00000
