    -1.99000      0.35735      0.38024      0.17680     18.00000
    -1.97000      0.34769      0.46682      0.42103     18.00000
    -1.95000      0.34482      0.52489      0.68629     18.00000
    -1.93000      0.35243      0.44678      0.47543     18.00000
    -1.91000      0.32508      0.41627      0.37183     18.00000
    -1.89000      0.32450      0.42965      0.33308     18.00000
    -1.87000      0.33347      0.38508      0.28958     18.00000
    -1.85000      0.31616      0.39689      0.34687     18.00000
    -1.83000      0.32983      0.41845      0.28476     18.00000
    -1.81000      0.30381      0.37404      0.27087     18.00000
    -1.79000      0.37248      0.42392      0.29126     18.00000
    -1.77000      0.41815      0.42473      0.16902     18.00000
    -1.75000      0.40245      0.44603      0.20460     18.00000
    -1.73000      0.41112      0.49244      0.31875     18.00000
    -1.71000      0.39016      0.47546      0.23545     18.00000
    -1.69000      0.42680      0.53700      0.35252     18.00000
    -1.67000      0.41891      0.49919      0.29737     18.00000
    -1.65000      0.41965      0.46831      0.19917     18.00000
    -1.63000      0.36371      0.46734      0.28753     18.00000
    -1.61000      0.29097      0.43716      0.28682     18.00000
    -1.59000      0.36940      0.43716      0.23847     18.00000
    -1.57000      0.32796      0.41708      0.24178     18.00000
    -1.55000      0.37807      0.38926      0.15606     18.00000
    -1.53000      0.34285      0.38096      0.15111     18.00000
    -1.51000      0.32230      0.38397      0.17731     18.00000
    -1.49000      0.37981      0.38686      0.15940     18.00000
    -1.47000      0.34638      0.37515      0.16359     18.00000
    -1.45000      0.36149      0.39903      0.18088     18.00000
    -1.43000      0.35119      0.38727      0.19707     18.00000
    -1.41000      0.31314      0.41975      0.21156     18.00000
    -1.39000      0.44829      0.49559      0.30659     18.00000
    -1.37000      0.37056      0.43697      0.23231     18.00000
    -1.35000      0.33742      0.43347      0.25346     18.00000
    -1.33000      0.36888      0.38878      0.15704     18.00000
    -1.31000      0.33562      0.38250      0.17406     18.00000
    -1.29000      0.36050      0.39939      0.16976     18.00000
    -1.27000      0.35535      0.42815      0.23510     18.00000
    -1.25000      0.33410      0.38333      0.23628     18.00000
    -1.23000      0.35860      0.42295      0.28071     18.00000
    -1.21000      0.36758      0.41639      0.27572     18.00000
    -1.19000      0.29956      0.37715      0.23829     18.00000
    -1.17000      0.32918      0.38121      0.22996     18.00000
    -1.15000      0.33319      0.40328      0.21119     18.00000
    -1.13000      0.38413      0.38378      0.17598     18.00000
    -1.11000      0.37611      0.39510      0.17651     18.00000
    -1.09000      0.30085      0.35676      0.16743     18.00000
    -1.07000      0.37419      0.39612      0.24081     18.00000
    -1.05000      0.31333      0.34865      0.16723     18.00000
    -1.03000      0.28975      0.34232      0.18309     18.00000
    -1.01000      0.35629      0.42679      0.30283     18.00000
    -0.99000      0.35880      0.36191      0.22662     18.00000
    -0.97000      0.30363      0.38542      0.26410     18.00000
    -0.95000      0.39362      0.40853      0.24008     18.00000
    -0.93000      0.32493      0.35796      0.18392     18.00000
    -0.91000      0.35680      0.35588      0.15654     18.00000
    -0.89000      0.31557      0.39199      0.20705     18.00000
    -0.87000      0.31638      0.39906      0.19656     18.00000
    -0.85000      0.32101      0.43571      0.27486     18.00000
    -0.83000      0.36867      0.48940      0.36375     18.00000
    -0.81000      0.44056      0.51630      0.32987     18.00000
    -0.79000      0.43166      0.52482      0.32984     18.00000
    -0.77000      0.41004      0.50805      0.32331     18.00000
    -0.75000      0.39813      0.46380      0.26245     18.00000
    -0.73000      0.39613      0.47704      0.28317     18.00000
    -0.71000      0.48983      0.49691      0.24611     18.00000
    -0.69000      0.45710      0.50970      0.24724     18.00000
    -0.67000      0.51238      0.55493      0.29398     18.00000
    -0.65000      0.58254      0.58279      0.28729     18.00000
    -0.63000      0.44918      0.53150      0.29158     18.00000
    -0.61000      0.42621      0.55058      0.39046     18.00000
    -0.59000      0.46447      0.48428      0.25560     18.00000
    -0.57000      0.45147      0.53556      0.34011     18.00000
    -0.55000      0.43120      0.51492      0.32340     18.00000
    -0.53000      0.40365      0.52787      0.30465     18.00000
    -0.51000      0.41266      0.55022      0.36135     18.00000
    -0.49000      0.42259      0.53062      0.33709     18.00000
    -0.47000      0.49512      0.51977      0.28488     18.00000
    -0.45000      0.44318      0.53986      0.37312     18.00000
    -0.43000      0.67355      0.66700      0.39534     18.00000
    -0.41000      0.47640      0.55565      0.33652     18.00000
    -0.39000      0.49548      0.56744      0.43088     18.00000
    -0.37000      0.52957      0.57093      0.36963     18.00000
    -0.35000      0.43958      0.59004      0.39760     18.00000
    -0.33000      0.47170      0.55411      0.29981     18.00000
    -0.31000      0.47074      0.52560      0.27283     18.00000
    -0.29000      0.53131      0.58867      0.30587     18.00000
    -0.27000      0.60193      0.58388      0.35992     18.00000
    -0.25000      0.43860      0.50451      0.25650     18.00000
    -0.23000      0.32710      0.44303      0.30754     18.00000
    -0.21000      0.42984      0.48156      0.27258     18.00000
    -0.19000      0.45476      0.50386      0.28052     18.00000
    -0.17000      0.50253      0.53339      0.23567     18.00000
    -0.15000      0.49185      0.53108      0.29293     18.00000
    -0.13000      0.34450      0.45329      0.31004     18.00000
    -0.11000      0.35360      0.45008      0.28162     18.00000
    -0.09000      0.34596      0.40679      0.18661     18.00000
    -0.07000      0.45896      0.52477      0.24191     18.00000
    -0.05000      0.62899      0.58646      0.22917     18.00000
    -0.03000      0.48436      0.55029      0.28257     18.00000
    -0.01000      0.46018      0.54880      0.34304     18.00000
     0.01000      0.38996      0.47760      0.29870     18.00000
     0.03000      0.33755      0.47187      0.38260     18.00000
     0.05000      0.34559      0.37239      0.16650     18.00000
     0.07000      0.28143      0.35832      0.22957     18.00000
     0.09000      0.32296      0.34629      0.14341     18.00000
     0.11000      0.31989      0.34559      0.17255     18.00000
     0.13000      0.28980      0.35533      0.17742     18.00000
     0.15000      0.35688      0.40332      0.21494     18.00000
     0.17000      0.33557      0.33827      0.11200     18.00000
     0.19000      0.34861      0.31974      0.09458     18.00000
     0.21000      0.31786      0.30890      0.10369     18.00000
     0.23000      0.30213      0.33928      0.16983     18.00000
     0.25000      0.31020      0.31227      0.11217     18.00000
     0.27000      0.28034      0.29168      0.09628     18.00000
     0.29000      0.24967      0.28405      0.11486     18.00000
     0.31000      0.24182      0.31603      0.17775     18.00000
     0.33000      0.28429      0.27757      0.09577     18.00000
     0.35000      0.28198      0.29230      0.10837     18.00000
     0.37000      0.28600      0.27864      0.10264     18.00000
     0.39000      0.29831      0.29619      0.09838     18.00000
     0.41000      0.27876      0.29057      0.09272     18.00000
     0.43000      0.26732      0.28334      0.08435     18.00000
     0.45000      0.25842      0.27616      0.08231     18.00000
     0.47000      0.28250      0.28554      0.09119     18.00000
     0.49000      0.24229      0.28124      0.11328     18.00000
     0.51000      0.26434      0.28311      0.09317     18.00000
     0.53000      0.29634      0.30537      0.09826     18.00000
     0.55000      0.30698      0.28395      0.10024     18.00000
     0.57000      0.25895      0.27037      0.09302     18.00000
     0.59000      0.27163      0.26843      0.08831     18.00000
     0.61000      0.23219      0.24183      0.08248     18.00000
     0.63000      0.25968      0.26707      0.10286     18.00000
     0.65000      0.29714      0.29834      0.12645     18.00000
     0.67000      0.27444      0.26873      0.08716     18.00000
     0.69000      0.30819      0.27826      0.09415     18.00000
     0.71000      0.26482      0.26761      0.07779     18.00000
     0.73000      0.27029      0.26347      0.08534     18.00000
     0.75000      0.27499      0.28279      0.11995     18.00000
     0.77000      0.23997      0.24727      0.08905     18.00000
     0.79000      0.25112      0.27619      0.11864     18.00000
     0.81000      0.25074      0.26427      0.10966     18.00000
     0.83000      0.20945      0.21925      0.07868     18.00000
     0.85000      0.22811      0.25480      0.12069     18.00000
     0.87000      0.23364      0.27397      0.13568     18.00000
     0.89000      0.25095      0.28092      0.12163     18.00000
     0.91000      0.25493      0.25941      0.07991     18.00000
     0.93000      0.28658      0.27318      0.08952     18.00000
     0.95000      0.26579      0.28177      0.10466     18.00000
     0.97000      0.28859      0.33605      0.17283     18.00000
     0.99000      0.34318      0.36402      0.20092     18.00000
     1.01000      0.33970      0.40664      0.29208     18.00000
     1.03000      0.37372      0.46517      0.27411     18.00000
     1.05000      0.36974      0.49205      0.29912     18.00000
     1.07000      0.41145      0.50744      0.27820     18.00000
     1.09000      0.35337      0.50467      0.30790     18.00000
     1.11000      0.49925      0.55522      0.28084     18.00000
     1.13000      0.46272      0.56048      0.28649     18.00000
     1.15000      0.39207      0.52542      0.34345     18.00000
     1.17000      0.38713      0.50331      0.31177     18.00000
     1.19000      0.36319      0.43879      0.26023     18.00000
     1.21000      0.44393      0.47021      0.21475     18.00000
     1.23000      0.37247      0.47114      0.26879     18.00000
     1.25000      0.38101      0.42665      0.22664     18.00000
     1.27000      0.38916      0.41565      0.22377     18.00000
     1.29000      0.37210      0.45988      0.23594     18.00000
     1.31000      0.41483      0.45354      0.26558     18.00000
     1.33000      0.44391      0.44162      0.22750     18.00000
     1.35000      0.30508      0.37212      0.20795     18.00000
     1.37000      0.32614      0.41665      0.25210     18.00000
     1.39000      0.32964      0.41258      0.22108     18.00000
     1.41000      0.36294      0.42558      0.21048     18.00000
     1.43000      0.34484      0.36598      0.14485     18.00000
     1.45000      0.34374      0.39970      0.20611     18.00000
     1.47000      0.40326      0.43566      0.21488     18.00000
     1.49000      0.32551      0.38807      0.19512     18.00000
     1.51000      0.33985      0.38037      0.18996     18.00000
     1.53000      0.28918      0.35183      0.18932     18.00000
     1.55000      0.32415      0.36452      0.16749     18.00000
     1.57000      0.31841      0.35740      0.17487     18.00000
     1.59000      0.29716      0.34637      0.19204     18.00000
     1.61000      0.29770      0.33289      0.16161     18.00000
     1.63000      0.30574      0.35249      0.15528     18.00000
     1.65000      0.35191      0.40217      0.14909     18.00000
     1.67000      0.33896      0.39971      0.20001     18.00000
     1.69000      0.32083      0.35929      0.18433     18.00000
     1.71000      0.30180      0.40883      0.24310     18.00000
     1.73000      0.28491      0.39982      0.24611     18.00000
     1.75000      0.30787      0.39424      0.24961     18.00000
     1.77000      0.28386      0.41973      0.30752     18.00000
     1.79000      0.28493      0.42291      0.42207     18.00000
     1.81000      0.28887      0.39890      0.27425     18.00000
     1.83000      0.38382      0.47426      0.37940     18.00000
     1.85000      0.36128      0.48525      0.45412     18.00000
     1.87000      0.32238      0.46834      0.43614     18.00000
     1.89000      0.31778      0.39806      0.22522     18.00000
     1.91000      0.36316      0.43666      0.33001     18.00000
     1.93000      0.34360      0.43653      0.27098     18.00000
     1.95000      0.33768      0.37566      0.22841     18.00000
     1.97000      0.36707      0.41800      0.26158     18.00000
     1.99000      0.32286      0.39814      0.25031     18.00000
     2.01000      0.27321      0.38171      0.26316     18.00000
     2.03000      0.31612      0.35460      0.13644     18.00000
     2.05000      0.32483      0.37236      0.17265     18.00000
     2.07000      0.31937      0.32774      0.13685     18.00000
     2.09000      0.27841      0.35582      0.18219     18.00000
     2.11000      0.33709      0.40832      0.22396     18.00000
     2.13000      0.31011      0.37833      0.18853     18.00000
     2.15000      0.38669      0.42256      0.17693     18.00000
     2.17000      0.43290      0.41544      0.15378     18.00000
     2.19000      0.32240      0.32766      0.08955     18.00000
     2.21000      0.30089      0.38204      0.18351     18.00000
     2.23000      0.36443      0.36742      0.13023     18.00000
     2.25000      0.31536      0.36303      0.15635     18.00000
     2.27000      0.34071      0.42451      0.21278     18.00000
     2.29000      0.34635      0.41393      0.21786     18.00000
     2.31000      0.38682      0.40005      0.19504     18.00000
     2.33000      0.33575      0.36941      0.19636     18.00000
     2.35000      0.37391      0.47293      0.29945     18.00000
     2.37000      0.39152      0.42181      0.21338     18.00000
     2.39000      0.28544      0.32264      0.20558     18.00000
     2.41000      0.30586      0.33791      0.13946     18.00000
     2.43000      0.36241      0.39801      0.21502     18.00000
     2.45000      0.35814      0.39260      0.17523     18.00000
     2.47000      0.35487      0.38207      0.19122     18.00000
     2.49000      0.33500      0.40275      0.32716     18.00000
     2.51000      0.29788      0.39245      0.29503     18.00000
     2.53000      0.31840      0.38246      0.29888     18.00000
     2.55000      0.36053      0.35776      0.20197     18.00000
     2.57000      0.38192      0.37057      0.23483     18.00000
     2.59000      0.32862      0.38575      0.24347     18.00000
     2.61000      0.33584      0.38949      0.28056     18.00000
     2.63000      0.27773      0.31400      0.13897     18.00000
     2.65000      0.29571      0.31001      0.14996     18.00000
     2.67000      0.29570      0.32194      0.18280     18.00000
     2.69000      0.27381      0.34319      0.19899     18.00000
     2.71000      0.26167      0.36459      0.23176     18.00000
     2.73000      0.29620      0.41155      0.35576     18.00000
     2.75000      0.34148      0.44866      0.34808     18.00000
     2.77000      0.33309      0.42036      0.28353     18.00000
     2.79000      0.30544      0.45062      0.41011     18.00000
     2.81000      0.32380      0.42945      0.27804     18.00000
     2.83000      0.33331      0.44439      0.34070     18.00000
     2.85000      0.32958      0.42686      0.31788     18.00000
     2.87000      0.34261      0.54038      0.46144     18.00000
     2.89000      0.34577      0.52416      0.43482     18.00000
     2.91000      0.34148      0.49518      0.38734     18.00000
     2.93000      0.36418      0.47821      0.32685     18.00000
     2.95000      0.33010      0.47388      0.35499     18.00000
     2.97000      0.34002      0.41095      0.25535     18.00000
     2.99000      0.42715      0.44113      0.19264     18.00000
     3.01000      0.39572      0.44728      0.23261     18.00000
     3.03000      0.38190      0.46943      0.23617     18.00000
     3.05000      0.39996      0.50877      0.32339     18.00000
     3.07000      0.34579      0.50293      0.32366     18.00000
     3.09000      0.34924      0.45378      0.25378     18.00000
     3.11000      0.32989      0.48000      0.36548     18.00000
     3.13000      0.40097      0.50036      0.29440     18.00000
     3.15000      0.48111      0.54289      0.29027     18.00000
     3.17000      0.34661      0.47894      0.27702     18.00000
     3.19000      0.37217      0.45938      0.26469     18.00000
     3.21000      0.38372      0.44750      0.28307     18.00000
     3.23000      0.37511      0.43798      0.24673     18.00000
     3.25000      0.41552      0.43783      0.20285     18.00000
     3.27000      0.40376      0.48231      0.23356     18.00000
     3.29000      0.48353      0.49306      0.31164     18.00000
     3.31000      0.37566      0.49677      0.29350     18.00000
     3.33000      0.46173      0.61631      0.55830     18.00000
     3.35000      0.38849      0.61281      0.60578     18.00000
     3.37000      0.43525      0.63007      0.60762     18.00000
     3.39000      0.39384      0.59065      0.67883     18.00000
     3.41000      0.33961      0.54805      0.57690     18.00000
     3.43000      0.39072      0.62799      0.70972     18.00000
     3.45000      0.36089      0.54660      0.52786     18.00000
     3.47000      0.34794      0.55506      0.46341     18.00000
     3.49000      0.43188      0.48821      0.34730     18.00000
     3.51000      0.35528      0.57865      0.54028     18.00000
     3.53000      0.43067      0.49640      0.30860     18.00000
     3.55000      0.38972      0.50239      0.36470     18.00000
     3.57000      0.34857      0.59532      0.48016     18.00000
     3.59000      0.32716      0.52679      0.40832     18.00000
     3.61000      0.40475      0.50710      0.32571     18.00000
     3.63000      0.41796      0.54269      0.41995     18.00000
     3.65000      0.37400      0.63976      0.64322     18.00000
     3.67000      0.38120      0.57252      0.50130     18.00000
     3.69000      0.34209      0.49397      0.43955     18.00000
     3.71000      0.41850      0.51757      0.41817     18.00000
     3.73000      0.36543      0.56801      0.50309     18.00000
     3.75000      0.39381      0.51692      0.39021     18.00000
     3.77000      0.39811      0.53689      0.44998     18.00000
     3.79000      0.34130      0.48520      0.35813     18.00000
     3.81000      0.36142      0.47583      0.38724     18.00000
     3.83000      0.28737      0.43762      0.41445     18.00000
     3.85000      0.38529      0.51992      0.43849     18.00000
     3.87000      0.35513      0.42790      0.34254     18.00000
     3.89000      0.34436      0.43418      0.33815     18.00000
     3.91000      0.35101      0.47709      0.38206     18.00000
     3.93000      0.41548      0.46486      0.31679     18.00000
     3.95000      0.43157      0.52748      0.44175     18.00000
     3.97000      0.49551      0.56343      0.43050     18.00000
     3.99000      0.43541      0.52047      0.37958     18.00000
     4.01000      0.39982      0.41164      0.24424     18.00000
     4.03000      0.40398      0.46412      0.33821     18.00000
     4.05000      0.40298      0.48559      0.41806     18.00000
     4.07000      0.45465      0.50880      0.39375     18.00000
     4.09000      0.45892      0.59627      0.61837     18.00000
     4.11000      0.51750      0.56398      0.38994     18.00000
     4.13000      0.48283      0.51271      0.32460     18.00000
     4.15000      0.45756      0.47274      0.35419     18.00000
     4.17000      0.42600      0.47694      0.33250     18.00000
     4.19000      0.38415      0.45912      0.29591     18.00000
     4.21000      0.39510      0.44556      0.28494     18.00000
     4.23000      0.43602      0.50413      0.37715     18.00000
     4.25000      0.35403      0.43051      0.31982     18.00000
     4.27000      0.34446      0.41658      0.27816     18.00000
     4.29000      0.41598      0.43829      0.30864     18.00000
     4.31000      0.31858      0.43545      0.29656     18.00000
     4.33000      0.39994      0.45939      0.31737     18.00000
     4.35000      0.36525      0.42618      0.30888     18.00000
     4.37000      0.38320      0.43992      0.30915     18.00000
     4.39000      0.40908      0.45214      0.26541     18.00000
     4.41000      0.44407      0.54575      0.38827     18.00000
     4.43000      0.36807      0.48039      0.36442     18.00000
     4.45000      0.35327      0.47246      0.35573     18.00000
     4.47000      0.33894      0.44014      0.30439     18.00000
     4.49000      0.36617      0.46688      0.34869     18.00000
     4.51000      0.32188      0.46827      0.35788     18.00000
     4.53000      0.39322      0.51664      0.44675     18.00000
     4.55000      0.36061      0.45813      0.34234     18.00000
     4.57000      0.39361      0.44852      0.33830     18.00000
     4.59000      0.41415      0.50610      0.48352     18.00000
     4.61000      0.41172      0.50830      0.43066     18.00000
     4.63000      0.35599      0.47356      0.40813     18.00000
     4.65000      0.35583      0.48336      0.36356     18.00000
     4.67000      0.39665      0.45957      0.34033     18.00000
     4.69000      0.40915      0.46022      0.35712     18.00000
     4.71000      0.38279      0.45597      0.36037     18.00000
     4.73000      0.34204      0.43008      0.29956     18.00000
     4.75000      0.33833      0.47040      0.43299     18.00000
     4.77000      0.33744      0.49391      0.41059     18.00000
     4.79000      0.36479      0.52134      0.44096     18.00000
     4.81000      0.38196      0.49733      0.47654     18.00000
     4.83000      0.37749      0.47503      0.36354     18.00000
     4.85000      0.36163      0.43495      0.30916     18.00000
     4.87000      0.39367      0.46280      0.31151     18.00000
     4.89000      0.42990      0.48588      0.29281     18.00000
     4.91000      0.42387      0.44468      0.24959     18.00000
     4.93000      0.39563      0.45799      0.26069     18.00000
     4.95000      0.45909      0.50062      0.28707     18.00000
     4.97000      0.48076      0.47597      0.25469     18.00000
     4.99000      0.45529      0.48619      0.28648     18.00000
