    -1.99000      0.06190      0.07123      0.04215     13.00000
    -1.97000      0.05379      0.06796      0.02788     13.00000
    -1.95000      0.07903      0.07462      0.03728     13.00000
    -1.93000      0.09193      0.09607      0.05333     13.00000
    -1.91000      0.09103      0.08993      0.04469     13.00000
    -1.89000      0.05124      0.08175      0.05022     13.00000
    -1.87000      0.06006      0.07310      0.05040     13.00000
    -1.85000      0.06637      0.07426      0.05304     13.00000
    -1.83000      0.05037      0.07212      0.06358     13.00000
    -1.81000      0.05476      0.06264      0.03826     13.00000
    -1.79000      0.07605      0.07600      0.04486     13.00000
    -1.77000      0.04725      0.07855      0.06001     13.00000
    -1.75000      0.05711      0.06529      0.03363     13.00000
    -1.73000      0.04935      0.06472      0.03084     13.00000
    -1.71000      0.07452      0.07042      0.03012     13.00000
    -1.69000      0.05562      0.07191      0.04111     13.00000
    -1.67000      0.07929      0.08159      0.05337     13.00000
    -1.65000      0.05119      0.07275      0.04658     13.00000
    -1.63000      0.06611      0.08308      0.05045     13.00000
    -1.61000      0.06346      0.07308      0.04076     13.00000
    -1.59000      0.06252      0.07022      0.02731     13.00000
    -1.57000      0.05556      0.07882      0.05073     13.00000
    -1.55000      0.07518      0.07932      0.03406     13.00000
    -1.53000      0.06719      0.07517      0.03342     13.00000
    -1.51000      0.07553      0.07430      0.03801     13.00000
    -1.49000      0.07009      0.06967      0.02242     13.00000
    -1.47000      0.05362      0.07361      0.03512     13.00000
    -1.45000      0.06990      0.07830      0.02786     13.00000
    -1.43000      0.05903      0.07615      0.03881     13.00000
    -1.41000      0.06141      0.07686      0.03342     13.00000
    -1.39000      0.06525      0.07673      0.02897     13.00000
    -1.37000      0.05944      0.06822      0.03297     13.00000
    -1.35000      0.06686      0.06540      0.03010     13.00000
    -1.33000      0.05253      0.07467      0.05289     13.00000
    -1.31000      0.06822      0.07084      0.03488     13.00000
    -1.29000      0.07066      0.07483      0.03780     13.00000
    -1.27000      0.06510      0.07289      0.02988     13.00000
    -1.25000      0.07625      0.07418      0.02826     13.00000
    -1.23000      0.06839      0.07480      0.03422     13.00000
    -1.21000      0.06054      0.06497      0.03391     13.00000
    -1.19000      0.05000      0.06242      0.03718     13.00000
    -1.17000      0.05802      0.06086      0.03018     13.00000
    -1.15000      0.04818      0.05483      0.02861     13.00000
    -1.13000      0.06049      0.05845      0.02742     13.00000
    -1.11000      0.05481      0.06544      0.03567     13.00000
    -1.09000      0.04895      0.06182      0.04249     13.00000
    -1.07000      0.05995      0.06119      0.03141     13.00000
    -1.05000      0.05398      0.07343      0.05003     13.00000
    -1.03000      0.06503      0.07071      0.03458     13.00000
    -1.01000      0.04703      0.06073      0.03138     13.00000
    -0.99000      0.05078      0.05630      0.02221     13.00000
    -0.97000      0.05598      0.06441      0.02820     13.00000
    -0.95000      0.07427      0.07033      0.03184     13.00000
    -0.93000      0.06639      0.06762      0.03320     13.00000
    -0.91000      0.05588      0.06059      0.01873     13.00000
    -0.89000      0.05238      0.05380      0.02155     13.00000
    -0.87000      0.04265      0.05052      0.02555     13.00000
    -0.85000      0.04799      0.05475      0.03000     13.00000
    -0.83000      0.04325      0.04851      0.02315     13.00000
    -0.81000      0.05846      0.05818      0.02686     13.00000
    -0.79000      0.06433      0.05842      0.02545     13.00000
    -0.77000      0.05035      0.05646      0.02739     13.00000
    -0.75000      0.06515      0.06186      0.02866     13.00000
    -0.73000      0.05573      0.06687      0.04026     13.00000
    -0.71000      0.06131      0.06463      0.04155     13.00000
    -0.69000      0.05583      0.05963      0.02957     13.00000
    -0.67000      0.07670      0.07613      0.03833     13.00000
    -0.65000      0.06765      0.08204      0.04692     13.00000
    -0.63000      0.06049      0.07447      0.04688     13.00000
    -0.61000      0.05783      0.07069      0.04319     13.00000
    -0.59000      0.05095      0.06972      0.03587     13.00000
    -0.57000      0.06206      0.07857      0.04568     13.00000
    -0.55000      0.07196      0.08143      0.04600     13.00000
    -0.53000      0.07557      0.07493      0.03723     13.00000
    -0.51000      0.06575      0.08744      0.04952     13.00000
    -0.49000      0.07159      0.09037      0.04686     13.00000
    -0.47000      0.06800      0.07194      0.03748     13.00000
    -0.45000      0.08192      0.08505      0.03744     13.00000
    -0.43000      0.08411      0.08144      0.04227     13.00000
    -0.41000      0.06906      0.07829      0.04428     13.00000
    -0.39000      0.07387      0.10077      0.06780     13.00000
    -0.37000      0.08411      0.08599      0.04654     13.00000
    -0.35000      0.08895      0.10771      0.07024     13.00000
    -0.33000      0.08211      0.09988      0.07456     13.00000
    -0.31000      0.07074      0.09402      0.06884     13.00000
    -0.29000      0.08017      0.08910      0.05019     13.00000
    -0.27000      0.06804      0.07887      0.04635     13.00000
    -0.25000      0.07486      0.07344      0.04089     13.00000
    -0.23000      0.05019      0.07738      0.04864     13.00000
    -0.21000      0.06632      0.07719      0.05169     13.00000
    -0.19000      0.06136      0.07301      0.04144     13.00000
    -0.17000      0.06215      0.07164      0.03865     13.00000
    -0.15000      0.04785      0.06711      0.03285     13.00000
    -0.13000      0.06577      0.07048      0.03940     13.00000
    -0.11000      0.05361      0.07462      0.03959     13.00000
    -0.09000      0.05904      0.05884      0.02165     13.00000
    -0.07000      0.04284      0.05682      0.02917     13.00000
    -0.05000      0.04403      0.05073      0.02232     13.00000
    -0.03000      0.03484      0.04999      0.02963     13.00000
    -0.01000      0.03622      0.04449      0.02565     13.00000
     0.01000      0.03340      0.04974      0.03956     13.00000
     0.03000      0.03520      0.04205      0.02037     13.00000
     0.05000      0.03652      0.03753      0.01467     13.00000
     0.07000      0.03226      0.03858      0.01877     13.00000
     0.09000      0.02720      0.03732      0.02227     13.00000
     0.11000      0.02087      0.02719      0.01077     13.00000
     0.13000      0.02161      0.02878      0.01527     13.00000
     0.15000      0.01899      0.02646      0.01452     13.00000
     0.17000      0.01847      0.02659      0.01669     13.00000
     0.19000      0.02029      0.02755      0.01859     13.00000
     0.21000      0.02310      0.02613      0.01704     13.00000
     0.23000      0.01938      0.02242      0.01235     13.00000
     0.25000      0.01927      0.02166      0.00926     13.00000
     0.27000      0.01641      0.02312      0.01141     13.00000
     0.29000      0.02005      0.02101      0.00791     13.00000
     0.31000      0.01731      0.02092      0.01145     13.00000
     0.33000      0.01888      0.02256      0.01124     13.00000
     0.35000      0.01938      0.02264      0.01009     13.00000
     0.37000      0.01998      0.02508      0.01320     13.00000
     0.39000      0.01825      0.02151      0.01041     13.00000
     0.41000      0.02015      0.02346      0.01422     13.00000
     0.43000      0.01819      0.02610      0.02070     13.00000
     0.45000      0.02241      0.02591      0.01443     13.00000
     0.47000      0.02240      0.02511      0.01057     13.00000
     0.49000      0.02656      0.02766      0.01322     13.00000
     0.51000      0.02537      0.02803      0.01318     13.00000
     0.53000      0.02593      0.03101      0.01538     13.00000
     0.55000      0.02302      0.03494      0.02323     13.00000
     0.57000      0.02697      0.02687      0.01462     13.00000
     0.59000      0.02652      0.02632      0.01007     13.00000
     0.61000      0.02693      0.02768      0.01223     13.00000
     0.63000      0.02458      0.02385      0.00880     13.00000
     0.65000      0.01869      0.02431      0.01439     13.00000
     0.67000      0.01715      0.02393      0.01234     13.00000
     0.69000      0.02293      0.02499      0.01036     13.00000
     0.71000      0.02041      0.02360      0.01257     13.00000
     0.73000      0.01971      0.02430      0.01470     13.00000
     0.75000      0.02532      0.03032      0.02117     13.00000
     0.77000      0.02512      0.02945      0.01829     13.00000
     0.79000      0.02844      0.02904      0.01755     13.00000
     0.81000      0.02312      0.02839      0.01412     13.00000
     0.83000      0.02525      0.03427      0.02276     13.00000
     0.85000      0.02458      0.03697      0.02565     13.00000
     0.87000      0.02899      0.03237      0.01527     13.00000
     0.89000      0.02521      0.02835      0.01180     13.00000
     0.91000      0.03136      0.03246      0.01102     13.00000
     0.93000      0.02451      0.02963      0.01215     13.00000
     0.95000      0.02624      0.03408      0.02254     13.00000
     0.97000      0.03632      0.03395      0.01453     13.00000
     0.99000      0.03120      0.04515      0.03534     13.00000
     1.01000      0.04247      0.05438      0.04504     13.00000
     1.03000      0.04682      0.04843      0.02836     13.00000
     1.05000      0.04842      0.04929      0.02875     13.00000
     1.07000      0.03813      0.04763      0.02748     13.00000
     1.09000      0.04625      0.04885      0.01974     13.00000
     1.11000      0.04087      0.05056      0.03209     13.00000
     1.13000      0.03498      0.04960      0.02859     13.00000
     1.15000      0.04616      0.05324      0.02571     13.00000
     1.17000      0.03427      0.05024      0.03054     13.00000
     1.19000      0.03384      0.05510      0.04235     13.00000
     1.21000      0.04517      0.06133      0.04309     13.00000
     1.23000      0.03309      0.04945      0.02990     13.00000
     1.25000      0.04096      0.05832      0.04204     13.00000
     1.27000      0.04648      0.05560      0.03493     13.00000
     1.29000      0.04628      0.05756      0.03446     13.00000
     1.31000      0.04872      0.06459      0.03822     13.00000
     1.33000      0.04668      0.06044      0.03285     13.00000
     1.35000      0.03913      0.05264      0.03276     13.00000
     1.37000      0.04120      0.05188      0.02995     13.00000
     1.39000      0.04940      0.05369      0.03116     13.00000
     1.41000      0.04166      0.05898      0.03400     13.00000
     1.43000      0.03697      0.06897      0.05000     13.00000
     1.45000      0.04168      0.06154      0.03534     13.00000
     1.47000      0.05137      0.05525      0.02628     13.00000
     1.49000      0.04470      0.04908      0.02156     13.00000
     1.51000      0.05826      0.06110      0.02535     13.00000
     1.53000      0.06446      0.07407      0.05555     13.00000
     1.55000      0.05866      0.06706      0.03825     13.00000
     1.57000      0.04434      0.05019      0.02609     13.00000
     1.59000      0.04678      0.05982      0.03853     13.00000
     1.61000      0.05671      0.06272      0.04223     13.00000
     1.63000      0.06610      0.06787      0.03880     13.00000
     1.65000      0.05802      0.06088      0.03189     13.00000
     1.67000      0.06411      0.07893      0.05577     13.00000
     1.69000      0.05541      0.06171      0.03433     13.00000
     1.71000      0.05139      0.06669      0.03746     13.00000
     1.73000      0.04900      0.06319      0.03773     13.00000
     1.75000      0.04971      0.05791      0.03002     13.00000
     1.77000      0.05617      0.06647      0.04046     13.00000
     1.79000      0.05315      0.06597      0.04044     13.00000
     1.81000      0.05642      0.06238      0.03457     13.00000
     1.83000      0.06425      0.06926      0.04231     13.00000
     1.85000      0.05084      0.06334      0.03447     13.00000
     1.87000      0.05102      0.05757      0.03163     13.00000
     1.89000      0.04405      0.05471      0.02895     13.00000
     1.91000      0.04780      0.05673      0.02406     13.00000
     1.93000      0.05337      0.05872      0.02556     13.00000
     1.95000      0.04345      0.06043      0.03161     13.00000
     1.97000      0.05693      0.06280      0.03278     13.00000
     1.99000      0.06463      0.06775      0.03710     13.00000
     2.01000      0.07631      0.07262      0.04296     13.00000
     2.03000      0.06629      0.06885      0.03399     13.00000
     2.05000      0.05348      0.06841      0.04112     12.00000
     2.07000      0.06150      0.06342      0.03898     12.00000
     2.09000      0.05875      0.06055      0.03820     12.00000
     2.11000      0.04390      0.07308      0.07337     13.00000
     2.13000      0.05544      0.06253      0.04155     13.00000
     2.15000      0.04825      0.06498      0.04169     13.00000
     2.17000      0.05190      0.05487      0.02364     13.00000
     2.19000      0.05361      0.06623      0.03595     13.00000
     2.21000      0.05642      0.06430      0.03219     13.00000
     2.23000      0.06606      0.07073      0.03424     13.00000
     2.25000      0.07805      0.07414      0.04787     13.00000
     2.27000      0.05038      0.06578      0.04138     13.00000
     2.29000      0.05650      0.06667      0.03504     13.00000
     2.31000      0.05598      0.06703      0.03758     13.00000
     2.33000      0.05815      0.06450      0.04040     13.00000
     2.35000      0.06516      0.07760      0.06053     13.00000
     2.37000      0.06891      0.07216      0.02705     13.00000
     2.39000      0.06832      0.07940      0.04004     13.00000
     2.41000      0.06293      0.06929      0.03409     13.00000
     2.43000      0.06561      0.07351      0.03555     13.00000
     2.45000      0.06189      0.07547      0.03764     13.00000
     2.47000      0.06081      0.06417      0.02469     13.00000
     2.49000      0.05122      0.06980      0.03836     13.00000
     2.51000      0.05928      0.06291      0.03144     13.00000
     2.53000      0.05599      0.06992      0.04655     13.00000
     2.55000      0.06103      0.06530      0.03019     13.00000
     2.57000      0.05701      0.07164      0.04010     13.00000
     2.59000      0.06408      0.06502      0.03101     13.00000
     2.61000      0.06796      0.07552      0.04183     13.00000
     2.63000      0.06325      0.07228      0.03929     13.00000
     2.65000      0.06411      0.07186      0.02964     13.00000
     2.67000      0.08863      0.07847      0.02873     13.00000
     2.69000      0.08572      0.08779      0.04107     13.00000
     2.71000      0.05984      0.07654      0.03385     13.00000
     2.73000      0.06077      0.06410      0.03758     13.00000
     2.75000      0.06569      0.06804      0.03231     13.00000
     2.77000      0.05291      0.06817      0.04286     13.00000
     2.79000      0.06816      0.06785      0.04491     13.00000
     2.81000      0.04629      0.05375      0.02249     13.00000
     2.83000      0.04675      0.05781      0.03325     13.00000
     2.85000      0.06508      0.07371      0.03571     13.00000
     2.87000      0.06117      0.06878      0.03331     13.00000
     2.89000      0.04521      0.06059      0.04308     13.00000
     2.91000      0.04932      0.05585      0.03863     13.00000
     2.93000      0.04734      0.05444      0.02569     13.00000
     2.95000      0.04800      0.05238      0.03285     13.00000
     2.97000      0.03843      0.05227      0.03790     13.00000
     2.99000      0.04461      0.05756      0.03738     13.00000
     3.01000      0.04625      0.05584      0.03915     13.00000
     3.03000      0.05136      0.05354      0.03483     13.00000
     3.05000      0.05167      0.05065      0.02571     13.00000
     3.07000      0.05444      0.05566      0.03000     13.00000
     3.09000      0.06863      0.06328      0.03906     13.00000
     3.11000      0.05786      0.05964      0.03582     13.00000
     3.13000      0.05271      0.06130      0.03953     13.00000
     3.15000      0.06738      0.06285      0.02966     13.00000
     3.17000      0.05478      0.06139      0.02931     13.00000
     3.19000      0.05186      0.05885      0.02307     13.00000
     3.21000      0.05772      0.06761      0.02982     13.00000
     3.23000      0.05459      0.06367      0.03268     13.00000
     3.25000      0.05838      0.06490      0.02716     13.00000
     3.27000      0.05807      0.06698      0.04019     13.00000
     3.29000      0.04955      0.06319      0.03723     13.00000
     3.31000      0.04251      0.05550      0.02585     13.00000
     3.33000      0.05411      0.06033      0.03297     13.00000
     3.35000      0.06256      0.06450      0.04401     13.00000
     3.37000      0.04648      0.05482      0.02808     13.00000
     3.39000      0.05796      0.06095      0.03289     13.00000
     3.41000      0.06692      0.06197      0.03122     13.00000
     3.43000      0.06462      0.05661      0.02805     13.00000
     3.45000      0.06006      0.06065      0.03068     13.00000
     3.47000      0.05709      0.05501      0.02904     13.00000
     3.49000      0.06572      0.06158      0.03114     13.00000
     3.51000      0.04832      0.05554      0.02616     13.00000
     3.53000      0.04706      0.05144      0.02208     13.00000
     3.55000      0.04851      0.05136      0.02688     13.00000
     3.57000      0.05468      0.06124      0.04023     13.00000
     3.59000      0.06499      0.06011      0.03157     13.00000
     3.61000      0.05371      0.05585      0.02577     13.00000
     3.63000      0.05820      0.06338      0.02991     13.00000
     3.65000      0.06575      0.06161      0.02859     13.00000
     3.67000      0.08031      0.08648      0.05107     13.00000
     3.69000      0.06245      0.06631      0.03843     13.00000
     3.71000      0.06970      0.06072      0.03034     13.00000
     3.73000      0.06085      0.06050      0.03876     13.00000
     3.75000      0.04300      0.05338      0.02824     13.00000
     3.77000      0.04573      0.06030      0.03643     13.00000
     3.79000      0.05644      0.05991      0.03215     13.00000
     3.81000      0.06289      0.06375      0.03434     13.00000
     3.83000      0.04812      0.06535      0.04542     13.00000
     3.85000      0.05305      0.05890      0.03207     13.00000
     3.87000      0.05753      0.06420      0.03614     13.00000
     3.89000      0.06016      0.06982      0.04164     13.00000
     3.91000      0.05170      0.06890      0.03846     13.00000
     3.93000      0.05226      0.06125      0.03199     13.00000
     3.95000      0.06496      0.06512      0.03532     13.00000
     3.97000      0.05071      0.05536      0.03205     13.00000
     3.99000      0.05871      0.07115      0.04003     13.00000
     4.01000      0.06697      0.06516      0.03511     13.00000
     4.03000      0.05176      0.06138      0.03005     13.00000
     4.05000      0.06596      0.06889      0.02917     13.00000
     4.07000      0.07564      0.07656      0.03144     13.00000
     4.09000      0.05952      0.06578      0.02927     13.00000
     4.11000      0.07285      0.07373      0.02938     13.00000
     4.13000      0.05122      0.07042      0.03840     13.00000
     4.15000      0.05861      0.06529      0.03528     13.00000
     4.17000      0.06236      0.06001      0.02873     13.00000
     4.19000      0.05297      0.06263      0.02810     13.00000
     4.21000      0.07271      0.07643      0.03310     13.00000
     4.23000      0.07948      0.07953      0.02656     13.00000
     4.25000      0.06244      0.06974      0.02844     13.00000
     4.27000      0.06067      0.05729      0.02032     13.00000
     4.29000      0.04352      0.05927      0.02624     13.00000
     4.31000      0.06123      0.06405      0.02778     13.00000
     4.33000      0.06478      0.06990      0.03369     13.00000
     4.35000      0.07193      0.07375      0.03742     13.00000
     4.37000      0.05586      0.07330      0.04146     13.00000
     4.39000      0.07218      0.07608      0.04187     13.00000
     4.41000      0.06670      0.06931      0.03103     13.00000
     4.43000      0.07234      0.07092      0.03367     13.00000
     4.45000      0.06216      0.06767      0.03874     13.00000
     4.47000      0.07272      0.06676      0.03412     13.00000
     4.49000      0.06581      0.06839      0.03841     13.00000
     4.51000      0.06981      0.06476      0.02938     13.00000
     4.53000      0.05911      0.06748      0.03358     13.00000
     4.55000      0.06109      0.07151      0.04187     13.00000
     4.57000      0.05972      0.06981      0.03535     13.00000
     4.59000      0.05785      0.06934      0.03906     13.00000
     4.61000      0.06451      0.07239      0.03292     13.00000
     4.63000      0.05628      0.06398      0.03039     13.00000
     4.65000      0.05875      0.06916      0.03166     13.00000
     4.67000      0.07478      0.07739      0.02925     13.00000
     4.69000      0.06430      0.09179      0.04860     13.00000
     4.71000      0.07265      0.07670      0.03097     13.00000
     4.73000      0.08190      0.08370      0.03620     13.00000
     4.75000      0.08063      0.08591      0.02174     13.00000
     4.77000      0.08130      0.08597      0.03279     13.00000
     4.79000      0.07568      0.08595      0.03013     13.00000
     4.81000      0.07006      0.08551      0.03731     13.00000
     4.83000      0.07679      0.07913      0.02373     13.00000
     4.85000      0.09567      0.08093      0.02474     13.00000
     4.87000      0.09059      0.09030      0.02711     13.00000
     4.89000      0.08602      0.08899      0.02838     13.00000
     4.91000      0.07860      0.08721      0.02352     13.00000
     4.93000      0.08249      0.08377      0.02668     13.00000
     4.95000      0.07966      0.08511      0.02963     13.00000
     4.97000      0.08918      0.08547      0.01984     13.00000
     4.99000      0.09930      0.08815      0.02228     13.00000
