    -1.99000    434.56923    446.59689    105.98409     13.00000
    -1.97000    438.30462    449.42019    114.33799     13.00000
    -1.95000    424.97000    452.34076    115.62787     13.00000
    -1.93000    424.72692    448.44202    113.01626     13.00000
    -1.91000    443.52385    450.08412    116.56563     13.00000
    -1.89000    438.37385    450.44322    116.30940     13.00000
    -1.87000    436.38308    449.42479    113.17582     13.00000
    -1.85000    434.72077    445.27368    109.23368     13.00000
    -1.83000    435.42769    445.36437    112.63375     13.00000
    -1.81000    441.67429    444.27193    110.20151     13.00000
    -1.79000    435.41333    440.47189    108.25099     13.00000
    -1.77000    450.46677    439.17746    104.69626     13.00000
    -1.75000    443.01833    439.54130    100.40475     13.00000
    -1.73000    444.42857    445.74872    105.27116     13.00000
    -1.71000    450.69083    442.60250    100.12833     13.00000
    -1.69000    453.51643    445.46704    105.07739     13.00000
    -1.67000    460.71292    442.44419     99.81528     13.00000
    -1.65000    453.14615    442.16843     98.75242     13.00000
    -1.63000    449.01154    442.91570     99.49884     13.00000
    -1.61000    458.50231    445.95388    104.01035     13.00000
    -1.59000    461.66433    446.57631    107.50630     13.00000
    -1.57000    458.44000    443.54107    103.82209     13.00000
    -1.55000    456.32077    440.51961     99.05163     13.00000
    -1.53000    459.23000    441.74979     98.04611     13.00000
    -1.51000    454.70800    441.44616     99.30372     13.00000
    -1.49000    454.23258    439.79103     98.22602     13.00000
    -1.47000    457.44733    435.64826     95.53202     13.00000
    -1.45000    456.34214    436.96952     93.71431     13.00000
    -1.43000    459.65917    441.50512     96.05417     13.00000
    -1.41000    458.16636    440.44110     91.38161     13.00000
    -1.39000    452.34969    432.00068     90.22491     13.00000
    -1.37000    438.33435    430.62224     92.09145     13.00000
    -1.35000    453.34100    435.70923     92.12444     13.00000
    -1.33000    450.17788    442.73094     97.77442     13.00000
    -1.31000    447.98125    443.52811     99.61537     13.00000
    -1.29000    448.19154    435.71980     93.26707     13.00000
    -1.27000    448.28385    436.20390     95.07001     13.00000
    -1.25000    447.48154    436.92029     94.78275     13.00000
    -1.23000    439.03344    435.32524     92.30302     13.00000
    -1.21000    448.28071    436.49056     90.71446     13.00000
    -1.19000    444.31750    440.40529     91.63222     13.00000
    -1.17000    434.37357    437.88172     93.89565     13.00000
    -1.15000    432.02111    438.06617     92.14237     13.00000
    -1.13000    442.95000    438.97120     91.96428     13.00000
    -1.11000    440.52250    443.17147     90.70931     13.00000
    -1.09000    439.47030    442.46792     87.95773     13.00000
    -1.07000    444.31000    445.51776     88.34279     13.00000
    -1.05000    442.30182    444.94399     87.74953     13.00000
    -1.03000    438.09182    444.42523     88.05684     13.00000
    -1.01000    436.04182    442.55102     86.31205     13.00000
    -0.99000    435.85455    441.84664     84.46341     13.00000
    -0.97000    438.36615    442.52759     83.38733     13.00000
    -0.95000    436.98923    440.53793     81.97059     13.00000
    -0.93000    437.00385    437.85739     82.62480     13.00000
    -0.91000    442.63900    448.88550     89.99224     13.00000
    -0.89000    441.51222    452.85902    100.78487     13.00000
    -0.87000    441.59733    449.92520     97.39902     13.00000
    -0.85000    440.29581    445.28058     84.62606     13.00000
    -0.83000    442.73100    446.74905     78.75525     13.00000
    -0.81000    457.95286    453.71103     82.40004     13.00000
    -0.79000    444.50733    451.71993     86.86122     13.00000
    -0.77000    448.05818    452.32869     88.16623     13.00000
    -0.75000    449.01433    448.97040     78.29856     13.00000
    -0.73000    445.04071    449.05651     72.63658     13.00000
    -0.71000    451.29880    452.70854     71.28481     13.00000
    -0.69000    451.92000    461.09079     65.48924     13.00000
    -0.67000    457.18909    467.22840     66.65104     13.00000
    -0.65000    461.73636    466.24444     61.97620     13.00000
    -0.63000    450.53966    465.63510     61.58792     13.00000
    -0.61000    453.39385    470.14467     59.76560     13.00000
    -0.59000    459.51000    477.32858     62.95813     13.00000
    -0.57000    477.22643    477.13892     67.61648     13.00000
    -0.55000    470.50031    475.35990     71.10945     13.00000
    -0.53000    457.26194    476.87124     70.41894     13.00000
    -0.51000    467.97938    478.64439     72.42818     13.00000
    -0.49000    465.80667    486.43354     67.66884     13.00000
    -0.47000    471.95769    492.64141     68.82691     13.00000
    -0.45000    491.38312    496.58496     65.18725     13.00000
    -0.43000    506.49308    500.80179     63.93831     13.00000
    -0.41000    507.87462    502.19102     69.35123     13.00000
    -0.39000    506.86769    502.75908     70.11529     13.00000
    -0.37000    514.62615    505.15190     69.40911     13.00000
    -0.35000    537.71600    511.92431     71.30508     13.00000
    -0.33000    537.19040    519.13585     60.15979     13.00000
    -0.31000    529.33714    519.93842     58.79118     13.00000
    -0.29000    534.24386    519.06209     58.38577     13.00000
    -0.27000    538.29625    523.29901     58.86477     13.00000
    -0.25000    546.57000    525.83634     62.46180     13.00000
    -0.23000    536.54567    532.24959     71.85232     13.00000
    -0.21000    535.66161    535.44206     73.65987     13.00000
    -0.19000    531.34289    532.31539     66.94574     13.00000
    -0.17000    528.26083    533.69658     65.84152     13.00000
    -0.15000    524.04375    535.88738     65.43462     13.00000
    -0.13000    520.54875    526.84152     58.76300     13.00000
    -0.11000    516.78542    527.01200     50.65698     13.00000
    -0.09000    514.42042    525.59129     48.23510     13.00000
    -0.07000    516.60567    530.79790     55.68051     13.00000
    -0.05000    508.91615    526.16176     55.86632     13.00000
    -0.03000    508.21923    518.57825     50.31484     13.00000
    -0.01000    510.25325    518.55113     46.74319     12.00000
     0.01000    506.63000    522.14862     54.01269     13.00000
     0.03000    508.85452    525.88386     52.28167     13.00000
     0.05000    518.36250    529.11350     47.55270     13.00000
     0.07000    505.14929    522.33106     44.43208     13.00000
     0.09000    506.25400    518.23668     39.80152     13.00000
     0.11000    502.20419    511.92554     40.57199     13.00000
     0.13000    502.31750    515.22296     42.72153     13.00000
     0.15000    503.52824    515.09384     41.88518     13.00000
     0.17000    499.68250    513.41913     38.84566     13.00000
     0.19000    499.06231    514.11885     38.81165     13.00000
     0.21000    500.25154    514.71823     38.61936     13.00000
     0.23000    502.49846    515.81952     39.64843     13.00000
     0.25000    503.24154    516.10150     42.25480     13.00000
     0.27000    501.94538    515.28044     35.01248     13.00000
     0.29000    500.83000    510.50621     36.14871     13.00000
     0.31000    503.00182    509.44339     33.20394     13.00000
     0.33000    500.35125    508.83293     30.50637     13.00000
     0.35000    494.47920    504.68755     28.04331     13.00000
     0.37000    490.08406    503.75845     28.38100     13.00000
     0.39000    492.14516    500.26733     26.77066     13.00000
     0.41000    496.87267    500.84951     24.39918     13.00000
     0.43000    490.89941    499.16665     23.68250     13.00000
     0.45000    489.43967    496.95778     23.70720     13.00000
     0.47000    483.26143    495.56446     27.53809     13.00000
     0.49000    480.31417    491.83855     29.94320     13.00000
     0.51000    485.75385    490.06079     27.63994     13.00000
     0.53000    471.06458    485.55318     28.14081     13.00000
     0.55000    477.19419    484.49835     27.90808     13.00000
     0.57000    475.15000    483.54170     27.92206     13.00000
     0.59000    477.04194    483.31077     28.89209     13.00000
     0.61000    476.15568    482.19210     28.95542     13.00000
     0.63000    466.25097    480.56723     30.51136     13.00000
     0.65000    461.05533    479.07700     32.42562     13.00000
     0.67000    461.31615    477.41237     31.23288     13.00000
     0.69000    460.28000    476.22986     32.29522     13.00000
     0.71000    461.17556    475.37046     32.50648     13.00000
     0.73000    457.06289    472.37652     31.32021     13.00000
     0.75000    459.00864    471.69926     32.28216     13.00000
     0.77000    455.53562    470.78674     35.15055     13.00000
     0.79000    456.37889    467.75524     31.58304     13.00000
     0.81000    455.32697    468.00238     34.33286     13.00000
     0.83000    453.02412    469.00146     36.30907     13.00000
     0.85000    454.32098    471.49445     43.94175     13.00000
     0.87000    455.83600    470.85428     43.92214     13.00000
     0.89000    457.23500    468.28683     44.74723     13.00000
     0.91000    460.88806    469.09360     43.53797     13.00000
     0.93000    457.90667    468.40425     41.55431     13.00000
     0.95000    459.26682    469.92906     40.71674     13.00000
     0.97000    458.41667    472.60181     53.58830     13.00000
     0.99000    454.24571    471.33167     55.49354     13.00000
     1.01000    454.15833    476.54733     54.70013     13.00000
     1.03000    464.22667    480.33306     57.49396     13.00000
     1.05000    454.93500    479.93798     61.69236     13.00000
     1.07000    449.98739    480.13777     57.73586     13.00000
     1.09000    461.84929    483.91245     67.47234     13.00000
     1.11000    459.82643    486.95166     67.13533     13.00000
     1.13000    462.37667    486.66394     66.14590     13.00000
     1.15000    462.45765    489.58146     65.14686     13.00000
     1.17000    464.36344    485.41500     59.38812     13.00000
     1.19000    463.56929    484.25021     61.01170     13.00000
     1.21000    461.16471    488.57203     71.92763     13.00000
     1.23000    464.56044    486.67796     68.81285     13.00000
     1.25000    469.34929    489.33853     68.59386     13.00000
     1.27000    469.69929    488.72292     66.62964     13.00000
     1.29000    474.68955    493.16560     65.69137     13.00000
     1.31000    471.69870    507.22037     80.57614     13.00000
     1.33000    471.45667    516.31909     89.67554     13.00000
     1.35000    473.10455    528.36498     98.00088     13.00000
     1.37000    467.67714    537.71385    116.39509     13.00000
     1.39000    465.88118    535.23123    119.95817     13.00000
     1.41000    470.94556    530.70579    121.42968     13.00000
     1.43000    471.52059    525.09838    106.92573     13.00000
     1.45000    465.10286    525.07801    112.02976     13.00000
     1.47000    462.70500    524.83178    106.66059     13.00000
     1.49000    460.87000    523.90966    106.53674     13.00000
     1.51000    458.07867    521.11039    104.27147     13.00000
     1.53000    456.32385    523.02219    111.94581     13.00000
     1.55000    471.19000    520.28869    104.47105     13.00000
     1.57000    487.06118    518.79802     98.04428     13.00000
     1.59000    480.34824    520.00521     99.96726     13.00000
     1.61000    478.27222    523.24387    101.92069     13.00000
     1.63000    475.90706    516.41505     98.85024     13.00000
     1.65000    474.49278    512.76940     94.62582     13.00000
     1.67000    471.93000    507.09454     84.44107     13.00000
     1.69000    470.92412    503.99871     86.78826     13.00000
     1.71000    471.50944    507.50863     91.84756     13.00000
     1.73000    458.08941    501.82740     89.49801     13.00000
     1.75000    458.01333    496.22975     80.62809     13.00000
     1.77000    457.61294    497.79634     87.07065     13.00000
     1.79000    450.44615    496.27299     88.90829     13.00000
     1.81000    454.31200    497.92521     89.30210     13.00000
     1.83000    453.73286    490.69306     80.27016     13.00000
     1.85000    449.02680    489.43399     80.22284     13.00000
     1.87000    460.43739    492.20264     78.94282     13.00000
     1.89000    461.05429    490.07861     79.76869     13.00000
     1.91000    465.15818    496.24055     76.80124     13.00000
     1.93000    478.98143    503.85299     76.02298     13.00000
     1.95000    468.61652    505.37969     74.45888     13.00000
     1.97000    478.53333    505.80328     78.36789     13.00000
     1.99000    484.31955    502.66858     82.97547     13.00000
     2.01000    510.45826    503.36377     81.97427     13.00000
     2.03000    507.35000    507.97967     84.79928     13.00000
     2.05000    504.38048    504.38044     76.55730     13.00000
     2.07000    503.48409    506.07181     71.77724     13.00000
     2.09000    501.76136    504.72651     72.14577     13.00000
     2.11000    499.85773    506.29415     75.36479     13.00000
     2.13000    494.89238    508.38525     77.39997     13.00000
     2.15000    488.21045    507.59501     72.22282     13.00000
     2.17000    534.99978    520.91311     74.21206     13.00000
     2.19000    517.92800    522.21196     78.38784     13.00000
     2.21000    496.89795    520.51982     77.57932     13.00000
     2.23000    481.64333    510.99079     70.10933     13.00000
     2.25000    481.51023    513.05632     72.24537     13.00000
     2.27000    462.25136    520.53372     92.26726     13.00000
     2.29000    461.99698    514.93300     85.96849     13.00000
     2.31000    471.53273    514.65459     88.47981     13.00000
     2.33000    462.19711    503.65058     76.55497     13.00000
     2.35000    463.06795    502.41748     74.96268     13.00000
     2.37000    459.60143    499.85207     73.22442     13.00000
     2.39000    456.01652    503.10828     77.88788     13.00000
     2.41000    450.64792    502.06530     77.04313     13.00000
     2.43000    455.45615    494.50793     68.17423     13.00000
     2.45000    450.14769    496.12749     71.91180     13.00000
     2.47000    449.12778    499.65084     80.72142     13.00000
     2.49000    451.15800    496.48445     70.31792     13.00000
     2.51000    458.90556    497.31462     73.18111     13.00000
     2.53000    450.30977    503.02445     89.31820     13.00000
     2.55000    450.69250    501.19273     79.54678     13.00000
     2.57000    461.10651    500.21411     73.24275     13.00000
     2.59000    457.05933    496.09521     71.34720     13.00000
     2.61000    458.72386    489.21715     64.43566     13.00000
     2.63000    474.36467    485.88899     58.32973     13.00000
     2.65000    460.38533    486.69584     61.18645     13.00000
     2.67000    469.81178    489.65550     57.32674     13.00000
     2.69000    456.64386    485.21279     54.00535     13.00000
     2.71000    468.51711    486.64637     51.24308     13.00000
     2.73000    468.00545    485.17244     51.87146     13.00000
     2.75000    460.08727    481.92087     58.55980     13.00000
     2.77000    478.73068    483.30220     58.07697     13.00000
     2.79000    455.48133    480.48493     59.77489     13.00000
     2.81000    464.29000    477.95568     56.52240     13.00000
     2.83000    471.14886    480.71560     52.96397     13.00000
     2.85000    489.18841    486.87278     57.01792     13.00000
     2.87000    491.19295    491.60505     69.71671     13.00000
     2.89000    481.90511    491.32849     70.29767     13.00000
     2.91000    475.85773    488.97242     73.56691     13.00000
     2.93000    478.92364    486.14213     75.73644     13.00000
     2.95000    459.84659    484.92487     71.20024     13.00000
     2.97000    444.72385    480.28040     63.82764     13.00000
     2.99000    447.16341    479.00948     60.16034     13.00000
     3.01000    464.38605    471.74104     51.15964     13.00000
     3.03000    457.89591    474.21704     51.78204     13.00000
     3.05000    454.17176    469.58261     52.64320     13.00000
     3.07000    457.20385    469.51962     53.98062     13.00000
     3.09000    454.71846    467.59096     52.49718     13.00000
     3.11000    453.92833    467.40570     47.76430     13.00000
     3.13000    457.44231    469.93571     48.69379     13.00000
     3.15000    453.51258    467.82159     48.12480     13.00000
     3.17000    450.89875    465.08754     51.11696     13.00000
     3.19000    451.96125    466.79798     55.20691     13.00000
     3.21000    457.69720    467.02665     55.79164     13.00000
     3.23000    452.62955    469.03925     56.17733     13.00000
     3.25000    454.77417    472.56039     57.61945     13.00000
     3.27000    457.93040    471.29905     57.57007     13.00000
     3.29000    461.27817    471.83850     59.74117     12.00000
     3.31000    457.14666    469.27167     56.25652     12.00000
     3.33000    459.23433    470.99118     51.94173     12.00000
     3.35000    465.12926    471.15904     49.60066     12.00000
     3.37000    461.74080    468.46609     50.22735     12.00000
     3.39000    457.58710    469.52507     52.75552     12.00000
     3.41000    455.19213    467.82282     53.02579     12.00000
     3.43000    449.32214    467.40606     54.42591     12.00000
     3.45000    452.37043    466.83724     52.05267     12.00000
     3.47000    448.78249    464.43116     55.79858     12.00000
     3.49000    456.69507    468.08246     55.70195     12.00000
     3.51000    454.65892    467.38406     55.17737     12.00000
     3.53000    452.82859    466.65928     52.58546     12.00000
     3.55000    452.01739    467.23080     57.06956     12.00000
     3.57000    452.21977    465.62818     55.95136     12.00000
     3.59000    445.74708    460.29295     52.91557     12.00000
     3.61000    439.34258    458.97077     54.94842     12.00000
     3.63000    445.91942    457.63965     54.08962     12.00000
     3.65000    439.09350    459.93020     48.84928     12.00000
     3.67000    438.46465    460.49959     51.66154     12.00000
     3.69000    440.09581    463.47388     52.23630     12.00000
     3.71000    445.08657    460.22168     54.70896     12.00000
     3.73000    446.79570    465.71319     60.19419     12.00000
     3.75000    448.41377    461.81872     54.62940     12.00000
     3.77000    447.32053    454.99895     50.26918     12.00000
     3.79000    446.94857    454.99557     53.02404     12.00000
     3.81000    437.87417    448.24312     53.30859     12.00000
     3.83000    443.37155    448.90525     54.09539     12.00000
     3.85000    444.46225    451.07296     52.50041     12.00000
     3.87000    444.05400    447.06847     47.94529     12.00000
     3.89000    442.24806    454.11270     42.36712     11.00000
     3.91000    444.72416    451.92317     57.12072     12.00000
     3.93000    445.00315    453.42336     58.87429     12.00000
     3.95000    447.98700    455.63136     56.72826     12.00000
     3.97000    443.73635    452.73685     51.02385     12.00000
     3.99000    442.86503    453.68304     53.64376     12.00000
     4.01000    445.88333    453.84799     54.12750     12.00000
     4.03000    444.01801    450.27687     56.96207     12.00000
     4.05000    439.90641    449.95240     57.37512     12.00000
     4.07000    438.56366    453.15926     58.12772     12.00000
     4.09000    440.97500    455.28628     52.90378     12.00000
     4.11000    438.27639    454.33152     51.24757     12.00000
     4.13000    440.88033    450.69742     45.61385     12.00000
     4.15000    440.90960    451.61811     50.68698     12.00000
     4.17000    447.43672    456.82986     51.86994     12.00000
     4.19000    436.86108    454.76020     52.58084     12.00000
     4.21000    433.01043    451.19536     50.47308     12.00000
     4.23000    425.98917    450.35818     57.98654     12.00000
     4.25000    435.15670    453.03315     56.67214     12.00000
     4.27000    432.26997    447.06658     51.19527     12.00000
     4.29000    428.11911    447.23340     51.62295     12.00000
     4.31000    424.41243    446.53765     52.34383     12.00000
     4.33000    430.16692    447.96248     55.27879     12.00000
     4.35000    432.40254    450.03322     54.58057     12.00000
     4.37000    427.61183    448.45541     55.01858     12.00000
     4.39000    421.34925    443.68027     51.56121     12.00000
     4.41000    426.11787    444.84664     50.93754     12.00000
     4.43000    429.26902    446.00527     53.03773     12.00000
     4.45000    425.96483    445.44589     57.42285     12.00000
     4.47000    428.50170    449.22578     54.67801     12.00000
     4.49000    430.33205    447.06302     56.16000     12.00000
     4.51000    435.73367    451.01798     59.04718     12.00000
     4.53000    438.38699    453.38748     58.20174     12.00000
     4.55000    443.62918    450.89832     54.19155     12.00000
     4.57000    441.44875    449.76412     59.87071     12.00000
     4.59000    440.72553    450.28676     61.62069     12.00000
     4.61000    432.33050    444.81860     60.23895     12.00000
     4.63000    433.27840    446.19917     62.28122     12.00000
     4.65000    437.55956    444.39132     60.72917     12.00000
     4.67000    435.65118    444.48170     63.34769     12.00000
     4.69000    423.90174    438.13351     59.68496     12.00000
     4.71000    423.69167    434.93706     58.09625     12.00000
     4.73000    428.77596    438.13290     63.54087     12.00000
     4.75000    418.04458    435.53174     61.13716     12.00000
     4.77000    420.46935    436.58031     61.44213     12.00000
     4.79000    417.96111    439.74849     67.90522     12.00000
     4.81000    418.56724    434.78504     61.77089     12.00000
     4.83000    418.82634    438.06888     68.33573     12.00000
     4.85000    435.10458    467.45428    112.54034     13.00000
     4.87000    416.97210    440.73364     69.60948     12.00000
     4.89000    421.33400    463.18787    113.53367     13.00000
     4.91000    428.97560    470.72084    115.47252     13.00000
     4.93000    418.64440    466.50549    114.95181     13.00000
     4.95000    420.98250    471.31610    121.24598     13.00000
     4.97000    403.32000    471.23211    126.55964     13.00000
     4.99000    401.21667    466.88427    122.65537     13.00000
