    -1.99000      4.76640      8.05700      7.18735     11.00000
    -1.97000      5.01368      8.38660      7.40753     10.00000
    -1.95000      5.15239      8.65939      7.67480     10.00000
    -1.93000      5.40292      8.62169      7.36803     10.00000
    -1.91000      5.44913      7.47610      5.65625     10.00000
    -1.89000      5.08850      7.37917      5.48995     11.00000
    -1.87000      6.09431      7.22556      5.08472     11.00000
    -1.85000      5.86121      7.27113      5.03632     11.00000
    -1.83000      5.41850      7.08173      4.92513     11.00000
    -1.81000      5.28167      7.99974      5.14481     11.00000
    -1.79000      5.37942      8.17939      4.86252     12.00000
    -1.77000      5.46027      8.22038      4.97640     12.00000
    -1.75000      5.67499      8.09113      4.84440     12.00000
    -1.73000      5.11645      7.41024      4.30126     11.00000
    -1.71000      5.18940      7.03763      3.92116     12.00000
    -1.69000      5.35762      7.61097      4.39230     12.00000
    -1.67000      5.51653      9.94915      8.45738     12.00000
    -1.65000      8.03554     11.89116     12.73322     12.00000
    -1.63000      8.01198      9.99964      7.37556     12.00000
    -1.61000      7.81836     10.00171      7.16957     12.00000
    -1.59000      6.56614      9.96523      7.14796     12.00000
    -1.57000      7.23653     10.05130      7.41404     12.00000
    -1.55000      7.35400      9.69878      6.88498     12.00000
    -1.53000      6.13091      9.67180      7.04614     11.00000
    -1.51000      5.92982      9.84469      7.46213     11.00000
    -1.49000      5.31564      9.59682      7.74449     11.00000
    -1.47000      5.66962      9.89143      8.16561     11.00000
    -1.45000      4.94667     10.77690     10.47438     11.00000
    -1.43000      5.01800      8.71388      6.38869     11.00000
    -1.41000      4.65660      7.48344      4.74790     11.00000
    -1.39000      4.76044      7.80220      5.51261     11.00000
    -1.37000      4.46218      8.22540      6.19712     11.00000
    -1.35000      4.86187      7.45855      4.66210     11.00000
    -1.33000      4.71418      6.91113      4.14749     11.00000
    -1.31000      4.74721      6.66354      4.05807     11.00000
    -1.29000      4.74467      6.46610      3.80757     11.00000
    -1.27000      4.90125      6.25084      3.70513     11.00000
    -1.25000      4.87000      6.46799      3.93507     11.00000
    -1.23000      4.96900      6.68635      4.22266     11.00000
    -1.21000      4.70487      6.80991      4.13050     11.00000
    -1.19000      4.99100      6.21412      3.18061     11.00000
    -1.17000      4.91675      7.90947      4.83822     11.00000
    -1.15000      4.86560      7.24183      4.16165     11.00000
    -1.13000      4.82125      6.96007      4.58935     11.00000
    -1.11000      4.80560      7.27185      5.13254     11.00000
    -1.09000      5.05609      6.98021      4.40128     11.00000
    -1.07000      5.67607      6.41998      3.92052     11.00000
    -1.05000      5.40843      6.05825      3.41962     12.00000
    -1.03000      5.39169      6.01006      3.34374     12.00000
    -1.01000      5.48993      6.12312      3.48036     12.00000
    -0.99000      5.62912      6.09467      3.53251     12.00000
    -0.97000      5.76372      5.85061      3.50223     12.00000
    -0.95000      5.97692      6.08188      3.68998     12.00000
    -0.93000      6.05176      6.34200      4.35075     12.00000
    -0.91000      6.31462      6.32561      4.26127     12.00000
    -0.89000      6.36650      5.75739      3.41374     12.00000
    -0.87000      6.42525      6.22812      3.89556     12.00000
    -0.85000      6.10799      6.23952      4.04482     12.00000
    -0.83000      6.29938      6.44033      4.18922     12.00000
    -0.81000      6.07259      6.34013      4.24684     12.00000
    -0.79000      6.30350      6.43719      4.56114     12.00000
    -0.77000      6.03538      6.19710      3.92513     12.00000
    -0.75000      5.84702      6.62532      4.66314     12.00000
    -0.73000      5.27873      6.23521      4.77800     11.00000
    -0.71000      5.92482      6.14206      4.41449     11.00000
    -0.69000      6.47860      6.41775      4.33570     11.00000
    -0.67000      7.29273      6.41727      4.40866     11.00000
    -0.65000      6.41658      6.64776      4.59837     11.00000
    -0.63000      6.06330      6.50975      4.32252     11.00000
    -0.61000      6.01300      6.67390      4.39495     11.00000
    -0.59000      6.51717      6.74891      4.44671     11.00000
    -0.57000      6.14809      6.80828      4.54253     11.00000
    -0.55000      6.20100      6.77582      4.78734     11.00000
    -0.53000      7.30042      6.96834      5.08032     11.00000
    -0.51000      6.77555      6.88206      5.05334     11.00000
    -0.49000      6.35408      6.97973      5.24302     11.00000
    -0.47000      5.87200      6.94889      5.01329     11.00000
    -0.45000      6.15717      6.81567      4.64037     11.00000
    -0.43000      7.03608      6.83562      4.34509     11.00000
    -0.41000      6.27610      6.44979      4.31775     10.00000
    -0.39000      6.11418      6.60309      4.63218     10.00000
    -0.37000      6.62464      7.03796      4.88884     11.00000
    -0.35000      6.13218      6.96238      4.90039     11.00000
    -0.33000      6.15887      6.99624      4.91471     11.00000
    -0.31000      6.87424      6.92305      4.78502     11.00000
    -0.29000      7.61580      7.17235      4.98334     11.00000
    -0.27000      7.25687      6.80837      4.58967     11.00000
    -0.25000      6.98847      6.61793      4.38406     11.00000
    -0.23000      6.25667      6.96188      4.25545     11.00000
    -0.21000      6.98289      7.52966      4.06675     12.00000
    -0.19000      5.75240      6.24666      2.94632     12.00000
    -0.17000      5.71429      5.90730      2.67304     12.00000
    -0.15000      5.88063      5.69878      2.59243     12.00000
    -0.13000      5.87153      5.46629      2.66474     12.00000
    -0.11000      5.26973      5.33853      2.78434     11.00000
    -0.09000      6.00253      7.10790      5.92632     12.00000
    -0.07000      5.88933      7.75458      6.88161     13.00000
    -0.05000      6.13356      7.98952      7.17613     13.00000
    -0.03000      6.38186      7.98051      6.44605     13.00000
    -0.01000      6.94953      8.34489      6.37299     13.00000
     0.01000     15.72367     17.85466     15.08427     13.00000
     0.03000     15.17000     21.47011     21.08998     13.00000
     0.05000     15.18987     18.92367     18.10432     13.00000
     0.07000     14.30100     16.24736     10.51830     13.00000
     0.09000     14.40450     15.17491     10.12639     13.00000
     0.11000     14.33471     15.44888     10.76337     13.00000
     0.13000     13.63100     15.30620      9.72711     13.00000
     0.15000     13.42493     15.82711      9.79854     13.00000
     0.17000     13.53927     15.95293      9.90319     13.00000
     0.19000     15.22660     16.00380      9.32093     13.00000
     0.21000     14.63762     14.33719      7.89410     13.00000
     0.23000     12.02913     14.00649      7.65348     13.00000
     0.25000     11.29347     14.78107      9.86554     13.00000
     0.27000     12.62747     14.84618      9.38702     13.00000
     0.29000     14.31533     16.72287     11.21669     13.00000
     0.31000     14.13036     17.38716     11.81410     13.00000
     0.33000     15.09975     18.27139     11.87175     13.00000
     0.35000     16.14220     18.87757     12.21424     13.00000
     0.37000     13.31225     17.27312     11.20009     13.00000
     0.39000     12.01527     15.19272      8.88872     13.00000
     0.41000     12.49306     15.12607      8.99863     13.00000
     0.43000     15.82757     14.72848      7.93739     13.00000
     0.45000      9.87481     13.08044      7.65731     13.00000
     0.47000      9.44183     12.73469      6.78890     13.00000
     0.49000      8.99809     13.87717      8.23921     13.00000
     0.51000     11.72320     14.28518      7.68340     13.00000
     0.53000     11.42143     13.66540      7.13893     13.00000
     0.55000     14.14250     13.34913      5.46039     13.00000
     0.57000     12.59344     12.33737      5.15920     13.00000
     0.59000     11.59260     12.40721      6.16190     13.00000
     0.61000     11.15018     11.76900      6.35678     13.00000
     0.63000      9.88947     10.72228      5.34524     13.00000
     0.65000     10.36882     10.67520      4.83272     13.00000
     0.67000     11.26091     10.84493      4.36306     13.00000
     0.69000      9.71460     11.21101      6.62865     13.00000
     0.71000     10.75820     11.50421      5.71823     13.00000
     0.73000     10.13438     11.47906      5.39169     13.00000
     0.75000      9.91580     11.79001      5.87138     13.00000
     0.77000     10.85730     11.62603      5.70516     13.00000
     0.79000     11.47847     13.15527      6.89055     13.00000
     0.81000     12.84470     13.03329      6.32370     13.00000
     0.83000     15.53807     14.11684      6.96766     13.00000
     0.85000     12.92194     13.04020      6.70568     13.00000
     0.87000     12.67328     13.34881      6.71341     13.00000
     0.89000     13.92811     13.16983      8.12598     13.00000
     0.91000      9.72920     13.48911     10.15193     13.00000
     0.93000     12.06340     12.68729      9.25105     13.00000
     0.95000     10.98894     11.20396      7.58667     13.00000
     0.97000      7.73372     10.60312      7.73681     12.00000
     0.99000      7.39927     10.29030      7.33955     12.00000
     1.01000      6.91330      9.95517      6.15633     13.00000
     1.03000      9.57795     10.50324      5.91090     13.00000
     1.05000     11.57975     10.15437      5.32427     13.00000
     1.07000      7.41900      8.89090      4.67940     13.00000
     1.09000      7.86393      9.08448      5.23138     13.00000
     1.11000      6.46400      8.09238      4.94069     13.00000
     1.13000      6.57364      7.63353      5.19858     13.00000
     1.15000      5.76844      6.96059      4.54775     13.00000
     1.17000      5.12360      6.53364      4.16613     13.00000
     1.19000      5.17983      6.29452      4.42690     13.00000
     1.21000      4.28273      5.91634      4.20171     13.00000
     1.23000      3.65407      6.13007      4.87926     13.00000
     1.25000      4.79387      6.49263      5.57054     13.00000
     1.27000      5.66000      6.90016      5.37172     13.00000
     1.29000      5.61060      5.90082      3.50718     13.00000
     1.31000      4.96130      5.39060      3.03974     13.00000
     1.33000      4.18279      5.88252      4.58405     13.00000
     1.35000      4.46450      5.26906      4.01151     13.00000
     1.37000      3.56073      4.96800      3.54509     13.00000
     1.39000      2.93331      4.68014      3.60096     13.00000
     1.41000      4.12020      5.16565      3.72089     13.00000
     1.43000      4.10142      5.17316      3.70978     13.00000
     1.45000      4.77094      5.73557      4.10478     13.00000
     1.47000      4.56433      6.17143      4.51601     13.00000
     1.49000      4.25627      6.32542      4.57726     13.00000
     1.51000      4.06127      6.35064      4.50487     13.00000
     1.53000      3.91160      5.08202      3.22656     12.00000
     1.55000      4.01243      4.91211      3.01242     12.00000
     1.57000      4.12110      5.08885      3.00499     12.00000
     1.59000      4.17447      4.86581      2.73790     12.00000
     1.61000      4.07418      4.73137      2.53614     12.00000
     1.63000      4.05451      4.68626      2.98181     12.00000
     1.65000      4.09700      4.14154      2.84337     11.00000
     1.67000      3.64524      4.19056      2.57266     11.00000
     1.69000      3.35562      3.97790      2.02989     11.00000
     1.71000      3.65769      3.97731      1.77720     11.00000
     1.73000      4.11583      4.16465      1.73218     11.00000
     1.75000      4.27280      4.10033      1.67540     12.00000
     1.77000      4.52709      4.28820      1.69873     12.00000
     1.79000      4.51848      4.68942      1.87922     12.00000
     1.81000      4.45746      4.79240      1.78066     12.00000
     1.83000      4.32022      4.97126      1.92547     12.00000
     1.85000      5.19897      5.59399      2.11007     12.00000
     1.87000      4.73467      5.22974      1.78305     12.00000
     1.89000      4.21239      5.10102      2.27001     11.00000
     1.91000      4.43808      5.17669      2.29104     12.00000
     1.93000      4.46973      5.48531      3.11212     12.00000
     1.95000      4.44054      6.09287      4.73909     12.00000
     1.97000      4.64527      5.51401      3.33246     12.00000
     1.99000      4.14831      4.90333      2.96241     12.00000
     2.01000      3.94130      5.61990      4.87741     12.00000
     2.03000      4.50213      5.52137      4.52376     12.00000
     2.05000      4.30082      5.60396      4.46306     12.00000
     2.07000      4.26278      5.45880      3.95765     12.00000
     2.09000      3.18060      5.20200      4.27345     12.00000
     2.11000      3.89949      5.30428      4.02435     12.00000
     2.13000      4.05318      5.43934      4.00406     12.00000
     2.15000      3.29160      5.97380      4.32725     11.00000
     2.17000      4.90811      6.15105      4.16591     12.00000
     2.19000      5.03286      5.82339      3.73981     12.00000
     2.21000      4.25664      5.82136      4.68272     12.00000
     2.23000      4.06643      5.52091      4.26039     12.00000
     2.25000      3.94629      5.60520      4.13467     12.00000
     2.27000      3.74111      4.98926      4.18112     12.00000
     2.29000      3.57320      5.26921      4.26979     12.00000
     2.31000      3.73209      5.52260      4.33164     12.00000
     2.33000      4.04033      4.96529      3.27469     12.00000
     2.35000      3.76903      4.62354      2.81484     12.00000
     2.37000      3.73418      4.92679      3.39794     12.00000
     2.39000      3.60726      4.93894      3.52149     12.00000
     2.41000      3.42806      5.07232      3.80619     12.00000
     2.43000      3.39841      5.45044      4.27284     12.00000
     2.45000      3.82193      5.74292      4.53821     12.00000
     2.47000      3.99483      5.76473      4.44452     12.00000
     2.49000      4.31885      5.43905      2.74884     12.00000
     2.51000      4.55808      5.55326      2.84647     12.00000
     2.53000      4.60137      5.69516      2.84941     12.00000
     2.55000      4.59437      5.19621      2.46267     12.00000
     2.57000      3.68155      5.33770      3.11525     12.00000
     2.59000      4.67887      5.71164      3.40832     12.00000
     2.61000      5.07264      6.58733      4.14956     13.00000
     2.63000      4.43158      5.67581      3.67273     13.00000
     2.65000      3.99200      5.21566      3.70767     13.00000
     2.67000      4.43667      4.47738      1.81655     13.00000
     2.69000      4.65123      4.75011      2.32121     12.00000
     2.71000      4.42832      6.23914      6.58230     12.00000
     2.73000      4.62950      6.55779      7.54085     12.00000
     2.75000      5.74725      6.77962      6.29895     13.00000
     2.77000      6.18250      5.55767      3.19673     13.00000
     2.79000      6.61650      6.02246      3.65393     13.00000
     2.81000      6.25200      6.33953      4.96139     13.00000
     2.83000      5.01564      6.44547      5.79457     13.00000
     2.85000      4.96910      4.91703      2.64212     13.00000
     2.87000      4.25967      4.51795      2.15229     12.00000
     2.89000      4.22256      4.73194      2.17916     12.00000
     2.91000      4.34618      4.68830      1.89200     12.00000
     2.93000      4.79679      5.11815      2.32213     12.00000
     2.95000      5.50738      5.98867      3.03060     13.00000
     2.97000      5.48418      5.96800      2.97805     13.00000
     2.99000      5.20733      5.89521      3.04165     13.00000
     3.01000      5.18880      5.80911      3.09278     13.00000
     3.03000      4.83129      6.04775      3.27812     13.00000
     3.05000      5.03787      6.32743      3.36442     13.00000
     3.07000      5.03079      6.15524      3.31227     13.00000
     3.09000      5.10938      5.73965      3.32883     13.00000
     3.11000      6.10488      6.74782      3.94829     13.00000
     3.13000      6.60991      6.81945      3.37683     13.00000
     3.15000      6.35064      6.19491      2.86848     13.00000
     3.17000      7.10447      6.78907      3.63242     13.00000
     3.19000      6.44700      6.51224      3.64066     13.00000
     3.21000      5.46557      6.81766      3.95606     13.00000
     3.23000      7.64340      6.86473      3.46037     13.00000
     3.25000      6.46707      6.82732      3.39310     13.00000
     3.27000      7.51328      7.75102      3.80231     13.00000
     3.29000      6.82064      7.04658      3.84497     13.00000
     3.31000      6.08294      6.74215      4.20102     13.00000
     3.33000      7.32612      7.39684      4.58721     13.00000
     3.35000      8.19556      7.24031      4.21969     13.00000
     3.37000      7.35433      7.60676      4.81161     13.00000
     3.39000      6.81732      7.59238      4.27299     13.00000
     3.41000      7.48171      9.62207      7.24588     13.00000
     3.43000      6.71212      9.56680      7.68204     13.00000
     3.45000      7.11339      8.60986      5.41088     13.00000
     3.47000      6.86209      7.86155      4.47108     13.00000
     3.49000      6.93183      7.91472      4.68729     13.00000
     3.51000      7.19536      7.89483      4.47568     13.00000
     3.53000      7.01086      7.82193      4.11585     13.00000
     3.55000      7.22100      7.95625      4.51112     13.00000
     3.57000      6.70071      7.67351      4.30794     13.00000
     3.59000      7.62162      7.92867      4.21264     13.00000
     3.61000      7.39676     11.01891     12.66518     13.00000
     3.63000      7.06767      9.13080      7.17958     13.00000
     3.65000      6.30136      7.48506      3.63670     13.00000
     3.67000      6.54773      6.59537      3.38410     13.00000
     3.69000      7.45650      6.62262      3.51496     13.00000
     3.71000      7.40671      6.48792      3.17495     13.00000
     3.73000      7.98260      6.98782      3.19263     13.00000
     3.75000      8.31526      7.93280      4.77548     13.00000
     3.77000      6.98879      7.14507      4.62825     13.00000
     3.79000      6.91957      6.46060      3.55278     13.00000
     3.81000      5.95173      6.42407      3.39446     13.00000
     3.83000      5.81073      6.26059      3.55591     13.00000
     3.85000      5.91800      6.14719      3.37873     13.00000
     3.87000      6.55400      6.10173      3.03597     13.00000
     3.89000      6.11279      5.84261      2.85592     13.00000
     3.91000      4.52450      5.46089      2.79065     13.00000
     3.93000      5.83811      6.18930      3.03191     13.00000
     3.95000      7.52453      8.46489      7.17004     13.00000
     3.97000      7.45622     11.04461     11.99836     13.00000
     3.99000      8.74927     11.39751     10.17662     13.00000
     4.01000      8.46280     10.89999      9.21884     13.00000
     4.03000      7.25556      9.26663      6.51418     13.00000
     4.05000      6.76600      9.96635      8.37092     13.00000
     4.07000      7.83810     11.10353     11.29407     13.00000
     4.09000      7.71491     12.43402     12.54130     13.00000
     4.11000      7.65670     10.24016      7.72529     13.00000
     4.13000      7.58091      9.18562      6.12450     13.00000
     4.15000      7.30290      9.06332      6.67854     13.00000
     4.17000      7.16155      7.76160      3.98885     13.00000
     4.19000      6.60760      7.04597      3.12046     13.00000
     4.21000      5.73745      7.53429      4.07419     13.00000
     4.23000      5.57736      7.30686      4.32043     13.00000
     4.25000      7.14920      7.88400      5.10182     13.00000
     4.27000      7.52608      7.46098      5.21587     13.00000
     4.29000      6.08700      7.23492      4.79463     13.00000
     4.31000      6.58788      6.90214      4.46037     13.00000
     4.33000      5.57950      6.31721      4.05836     13.00000
     4.35000      5.07975      5.79080      3.26574     13.00000
     4.37000      5.37147      5.60083      3.10533     13.00000
     4.39000      5.08900      5.49944      2.93268     13.00000
     4.41000      4.79700      5.26895      2.69673     13.00000
     4.43000      4.79750      4.63369      2.12726     13.00000
     4.45000      4.59400      4.69330      2.32036     13.00000
     4.47000      4.58238      4.85132      2.31032     13.00000
     4.49000      4.38989      4.86147      2.43039     13.00000
     4.51000      4.37450      5.05886      3.19839     13.00000
     4.53000      4.42819      5.78925      3.81988     13.00000
     4.55000      5.28100      5.83158      3.19239     13.00000
     4.57000      4.81176      5.60424      2.73849     13.00000
     4.59000      4.60600      5.97218      3.28341     13.00000
     4.61000      4.68850      5.82732      3.07455     13.00000
     4.63000      5.39575      5.67815      2.71230     13.00000
     4.65000      6.14081      5.99399      3.01819     13.00000
     4.67000      5.16614      5.37812      2.45104     13.00000
     4.69000      5.45993      5.34578      2.10249     13.00000
     4.71000      4.80173      5.02929      2.06978     13.00000
     4.73000      4.71979      5.01870      1.91524     13.00000
     4.75000      4.63543      4.98492      2.05925     13.00000
     4.77000      5.00073      5.21212      2.23030     13.00000
     4.79000      4.96307      5.16031      2.14820     13.00000
     4.81000      5.04031      5.20468      2.33080     13.00000
     4.83000      5.25486      5.25623      2.10490     13.00000
     4.85000      4.70450      5.11840      2.17587     13.00000
     4.87000      4.41056      4.92734      2.21476     13.00000
     4.89000      4.75386      4.70992      1.96401     13.00000
     4.91000      4.74350      5.00406      2.45326     13.00000
     4.93000      4.63800      5.07346      2.28136     13.00000
     4.95000      4.97750      5.07460      2.13593     13.00000
     4.97000      5.35520      5.18379      2.22698     13.00000
     4.99000      4.96575      4.77324      1.74836     13.00000
