    -1.99000      5.18061      6.20404      2.42812     16.00000
    -1.97000      5.05111      5.92733      2.13164     16.00000
    -1.95000      4.66857      5.51101      2.36693     16.00000
    -1.93000      4.67432      5.46572      2.38731     16.00000
    -1.91000      4.93626      5.27604      1.86112     16.00000
    -1.89000      4.85313      5.35214      2.16749     16.00000
    -1.87000      4.46247      5.12453      2.03289     16.00000
    -1.85000      4.59500      5.78877      3.18229     17.00000
    -1.83000      4.78211      5.70262      2.77635     16.00000
    -1.81000      4.56218      5.83924      2.98181     16.00000
    -1.79000      4.76418      5.82044      2.94221     16.00000
    -1.77000      4.63550      5.66624      2.78190     16.00000
    -1.75000      4.74307      5.68170      2.65922     16.00000
    -1.73000      4.63151      5.38948      2.27357     16.00000
    -1.71000      4.63339      5.29057      2.48404     16.00000
    -1.69000      4.81269      5.54533      2.69856     16.00000
    -1.67000      4.80578      5.70081      2.49805     16.00000
    -1.65000      4.85041      5.66991      2.37102     16.00000
    -1.63000      4.96630      5.80680      2.67549     16.00000
    -1.61000      5.02613      6.01336      2.84689     16.00000
    -1.59000      5.11904      5.56508      2.13038     16.00000
    -1.57000      4.71656      5.42573      1.97503     16.00000
    -1.55000      4.79986      5.48730      1.88226     16.00000
    -1.53000      4.85887      5.43994      1.88546     16.00000
    -1.51000      5.11207      5.63090      2.21484     16.00000
    -1.49000      4.59893      5.70329      2.54281     16.00000
    -1.47000      4.79941      5.79915      2.51627     16.00000
    -1.45000      4.91729      5.74641      2.55351     16.00000
    -1.43000      4.92119      5.72991      2.43996     16.00000
    -1.41000      4.83624      5.96509      2.52073     16.00000
    -1.39000      5.40471      6.08139      2.60110     15.00000
    -1.37000      5.14255      5.93305      2.60311     16.00000
    -1.35000      4.70195      5.82052      2.54650     16.00000
    -1.33000      5.02686      5.78282      2.58233     16.00000
    -1.31000      5.19961      5.89415      2.72308     16.00000
    -1.29000      5.02206      5.61833      2.52561     16.00000
    -1.27000      4.88828      5.73061      2.65085     16.00000
    -1.25000      5.13022      5.89824      2.88513     16.00000
    -1.23000      4.85645      5.78918      2.81254     16.00000
    -1.21000      4.90720      5.75310      3.04972     16.00000
    -1.19000      4.61778      5.73632      3.25261     16.00000
    -1.17000      4.66230      5.58427      3.34989     16.00000
    -1.15000      4.49511      5.53288      3.40295     16.00000
    -1.13000      4.56330      5.53924      3.31178     16.00000
    -1.11000      4.85551      5.57091      2.93345     16.00000
    -1.09000      4.70079      5.49420      2.69082     16.00000
    -1.07000      5.24357      5.34290      2.41944     16.00000
    -1.05000      5.22450      5.51488      2.41219     16.00000
    -1.03000      5.18569      5.61704      2.49792     16.00000
    -1.01000      5.40756      5.95194      2.95621     16.00000
    -0.99000      4.94130      5.98569      3.17832     16.00000
    -0.97000      5.05257      6.09447      3.47243     16.00000
    -0.95000      5.05851      6.19785      3.77666     16.00000
    -0.93000      4.88225      6.04363      3.59502     16.00000
    -0.91000      5.31672      5.95891      3.15557     16.00000
    -0.89000      5.48783      5.88132      3.14095     16.00000
    -0.87000      5.79371      6.33132      3.23947     14.00000
    -0.85000      5.71050      6.16903      2.92356     15.00000
    -0.83000      6.01018      6.34082      3.10540     15.00000
    -0.81000      5.88785      6.29982      2.88122     15.00000
    -0.79000      6.13213      6.11258      2.61370     15.00000
    -0.77000      5.83563      6.51902      3.38273     15.00000
    -0.75000      6.24986      6.53325      3.59199     15.00000
    -0.73000      5.50622      6.85119      3.94055     14.00000
    -0.71000      5.29437      6.65907      3.72527     14.00000
    -0.69000      5.34311      6.57013      3.58097     14.00000
    -0.67000      5.33326      6.70600      3.70980     14.00000
    -0.65000      5.19511      6.87180      4.29675     14.00000
    -0.63000      4.98503      6.52139      4.18086     14.00000
    -0.61000      5.16319      6.54750      4.19330     14.00000
    -0.59000      5.01953      6.20911      3.60165     14.00000
    -0.57000      5.63788      6.34018      3.56138     14.00000
    -0.55000      5.30632      6.27367      3.64356     14.00000
    -0.53000      5.39488      6.39207      3.62853     14.00000
    -0.51000      5.50132      6.47078      3.85694     14.00000
    -0.49000      5.81175      6.52874      3.85212     14.00000
    -0.47000      5.50747      6.38623      3.69509     14.00000
    -0.45000      5.55350      6.55518      3.73220     14.00000
    -0.43000      4.61300      5.98843      3.69872     15.00000
    -0.41000      4.70000      6.00219      3.78528     15.00000
    -0.39000      4.62200      6.05576      3.91315     15.00000
    -0.37000      4.89700      6.03261      3.71829     15.00000
    -0.35000      3.97055      5.63973      3.21198     13.00000
    -0.33000      4.67505      5.81282      3.88951     14.00000
    -0.31000      4.60800      5.65354      3.30049     15.00000
    -0.29000      4.55800      5.46222      2.65943     15.00000
    -0.27000      4.59600      5.43949      2.64611     15.00000
    -0.25000      4.39486      5.21472      2.33062     15.00000
    -0.23000      4.48100      5.34037      2.48800     15.00000
    -0.21000      5.00925      5.35032      2.43974     16.00000
    -0.19000      5.31959      5.45575      2.39049     16.00000
    -0.17000      5.42263      5.41408      2.26199     16.00000
    -0.15000      4.24775      4.95853      2.23492     15.00000
    -0.13000      4.36171      4.99177      2.15426     16.00000
    -0.11000      4.63979      4.94234      2.03052     16.00000
    -0.09000      4.60508      5.06302      2.16729     16.00000
    -0.07000      4.86674      5.26067      2.12691     16.00000
    -0.05000      5.79312      6.62083      3.90177     17.00000
    -0.03000      5.10100      6.76913      4.71166     17.00000
    -0.01000      6.54742      7.34590      5.22856     16.00000
     0.01000     11.12143     14.85176     12.55079     18.00000
     0.03000     11.42923     15.36737     11.88101     18.00000
     0.05000     10.90391     15.31785     12.37766     18.00000
     0.07000     11.48344     15.85382     13.19916     18.00000
     0.09000     12.20530     17.02296     13.70110     18.00000
     0.11000     12.65045     17.25082     13.40554     18.00000
     0.13000     13.59754     17.85927     14.20720     18.00000
     0.15000     14.59493     18.60213     13.71436     18.00000
     0.17000     15.34475     19.56346     14.03529     17.00000
     0.19000     14.01689     18.63510     13.03052     18.00000
     0.21000     13.00503     17.85851     12.76651     18.00000
     0.23000     12.84131     17.53854     13.22419     18.00000
     0.25000     13.87266     18.58571     14.36513     18.00000
     0.27000     14.56782     19.21952     14.25660     18.00000
     0.29000     14.86508     19.88331     14.62496     18.00000
     0.31000     14.95139     20.10118     14.44649     18.00000
     0.33000     14.83796     19.06909     13.31282     18.00000
     0.35000     14.73123     19.09991     13.59101     18.00000
     0.37000     14.94330     20.04617     14.75184     18.00000
     0.39000     16.38645     21.20332     15.53126     18.00000
     0.41000     14.37256     19.55807     14.83628     18.00000
     0.43000     14.77065     19.19220     14.44821     18.00000
     0.45000     15.95318     19.51262     13.57476     18.00000
     0.47000     15.90472     20.12886     14.61854     18.00000
     0.49000     12.04125     19.76420     15.74384     18.00000
     0.51000     11.58321     19.19675     15.54511     18.00000
     0.53000     14.66652     20.57221     17.12377     18.00000
     0.55000     14.39014     18.88541     14.54452     17.00000
     0.57000     14.42781     20.43877     15.58988     18.00000
     0.59000     14.74518     20.92517     15.76760     18.00000
     0.61000     12.75716     19.61637     14.95818     18.00000
     0.63000     12.04846     18.56144     13.86377     18.00000
     0.65000     13.02389     18.14167     12.91511     18.00000
     0.67000     14.04655     18.04133     12.41880     18.00000
     0.69000     14.13613     19.47681     13.43110     18.00000
     0.71000     13.19201     19.36988     14.44007     18.00000
     0.73000     12.78142     19.65262     16.45226     18.00000
     0.75000     13.38960     19.29857     15.84598     18.00000
     0.77000     12.93831     18.80820     13.96987     18.00000
     0.79000     12.55225     19.20549     15.45878     18.00000
     0.81000     13.33912     19.00723     15.51077     18.00000
     0.83000     14.34814     19.53424     16.12525     18.00000
     0.85000     15.58600     18.59710     13.33197     18.00000
     0.87000     13.46737     16.72094     10.64273     18.00000
     0.89000     12.87913     16.40466     10.99071     18.00000
     0.91000     11.95157     16.60201     11.84317     18.00000
     0.93000     12.77083     17.88571     14.00552     18.00000
     0.95000     14.92845     17.04446     13.04260     18.00000
     0.97000     13.76850     17.53838     16.91799     18.00000
     0.99000     13.40041     16.79744     16.14161     18.00000
     1.01000     12.84743     15.03070     13.84313     18.00000
     1.03000     12.64231     17.18432     18.70804     18.00000
     1.05000     11.43862     15.60502     16.25863     18.00000
     1.07000     11.36439     15.46825     14.37469     18.00000
     1.09000     10.78628     12.85864      9.13380     18.00000
     1.11000      9.87078     11.71607      8.21189     18.00000
     1.13000     10.14032     11.50925      8.49527     18.00000
     1.15000     10.61547     11.84421      8.76760     18.00000
     1.17000      9.11005     10.13921      6.21627     18.00000
     1.19000      9.99036      9.63348      5.99294     18.00000
     1.21000      8.87400      8.90244      5.70199     18.00000
     1.23000      8.45881      9.19571      5.80741     18.00000
     1.25000      8.70662      9.66944      5.75499     18.00000
     1.27000      8.93079      9.52938      6.07067     18.00000
     1.29000      8.78604      9.48561      6.13930     18.00000
     1.31000      8.87541      9.45483      6.32371     18.00000
     1.33000      8.34161      7.98389      4.33103     18.00000
     1.35000      6.86900      7.15696      3.58127     17.00000
     1.37000      9.91958      8.54806      4.79324     17.00000
     1.39000      9.04246      8.11526      4.67184     17.00000
     1.41000      8.23745      7.88851      4.75345     18.00000
     1.43000      8.37306      8.02645      5.27538     18.00000
     1.45000      7.01840      7.47233      4.56088     18.00000
     1.47000      6.82027      7.54103      4.91483     18.00000
     1.49000      6.77157      8.71259      6.13823     18.00000
     1.51000      8.16242      9.52022      5.82894     18.00000
     1.53000      9.93884     10.44406      6.21118     18.00000
     1.55000      9.65264     10.92153      6.88724     18.00000
     1.57000      8.48477     10.13260      6.14655     18.00000
     1.59000      8.42552      9.51084      5.56779     18.00000
     1.61000      9.02422      9.36209      5.39941     18.00000
     1.63000      9.33741      9.10740      4.96105     18.00000
     1.65000      9.79949     10.00356      5.14343     18.00000
     1.67000      9.03713      9.52412      4.32060     18.00000
     1.69000      9.94455      9.06567      4.20070     18.00000
     1.71000      8.57436      8.68681      4.50598     16.00000
     1.73000      7.50730      8.88417      5.04139     18.00000
     1.75000      6.34328      7.74837      4.29387     18.00000
     1.77000      6.47752      7.86491      4.86350     18.00000
     1.79000      6.92724      7.82939      4.77309     18.00000
     1.81000      6.53196      7.58722      4.54052     18.00000
     1.83000      7.05529      8.28259      5.29541     18.00000
     1.85000      6.83584      8.84822      5.99716     18.00000
     1.87000      6.89238      8.61622      5.95454     18.00000
     1.89000      7.45699      8.35463      5.30556     18.00000
     1.91000      7.94680      8.43283      5.18958     18.00000
     1.93000      8.01065      8.95686      5.52000     18.00000
     1.95000      8.44946      8.81688      5.44319     18.00000
     1.97000      7.72432      8.33577      5.46011     18.00000
     1.99000      7.30383      8.70788      5.53886     18.00000
     2.01000      8.54057      9.17234      5.64677     18.00000
     2.03000      8.95203      9.31283      5.05567     18.00000
     2.05000      8.40277      9.30482      4.85276     18.00000
     2.07000      8.36729      9.26501      5.20999     17.00000
     2.09000      8.02389      8.85269      4.76671     17.00000
     2.11000      8.45446      9.60851      5.51918     17.00000
     2.13000      8.56553      9.64440      5.20756     17.00000
     2.15000      8.85750      9.31900      5.01093     17.00000
     2.17000      9.00015      9.64935      5.04394     17.00000
     2.19000      7.81544      9.75910      4.35059     17.00000
     2.21000      8.21457      8.78483      3.56509     17.00000
     2.23000      7.90023      7.92900      3.12451     16.00000
     2.25000      7.50291      8.39779      4.09540     17.00000
     2.27000      6.41682      7.61640      4.11734     17.00000
     2.29000      6.02481      8.32197      5.71265     17.00000
     2.31000      6.96631      8.64858      5.06436     17.00000
     2.33000      8.80071      8.94211      5.32576     17.00000
     2.35000      7.28800      8.27106      4.70212     17.00000
     2.37000      8.06816      8.40473      4.30744     18.00000
     2.39000      8.36037      8.81282      4.89025     18.00000
     2.41000      7.17414      8.62381      5.37727     18.00000
     2.43000      8.08903      8.64892      5.14661     18.00000
     2.45000      8.22734      8.76406      5.20815     18.00000
     2.47000      8.42327      8.79573      4.95454     18.00000
     2.49000      8.47897      8.36512      4.93148     18.00000
     2.51000      7.87980      8.37662      5.61745     18.00000
     2.53000      7.32759      8.37366      5.40981     18.00000
     2.55000      7.59854      8.49125      5.89304     18.00000
     2.57000      7.98168      8.32650      5.44817     18.00000
     2.59000      8.52678      8.31237      4.17193     18.00000
     2.61000      7.35991      8.12121      5.16102     18.00000
     2.63000      8.06788      8.46765      5.03090     18.00000
     2.65000      7.37910      8.79123      5.77146     18.00000
     2.67000      7.76125      8.71949      6.18571     18.00000
     2.69000      7.25515      8.53476      5.99043     18.00000
     2.71000      7.55370      9.15387      6.48219     18.00000
     2.73000      8.22505      9.85147      8.10932     18.00000
     2.75000      7.58900      8.86366      7.22030     17.00000
     2.77000      7.84170      8.65158      5.70707     18.00000
     2.79000      6.69478      8.06095      5.07446     18.00000
     2.81000      6.68257      8.25669      5.47007     18.00000
     2.83000      6.52549      8.50298      5.65156     18.00000
     2.85000      6.52335      8.64887      5.50024     18.00000
     2.87000      6.51084      8.78782      5.99502     18.00000
     2.89000      7.19976      8.30803      5.16904     18.00000
     2.91000      7.31537      8.16710      5.11496     18.00000
     2.93000      7.49709      8.04241      4.82081     18.00000
     2.95000      8.10645      7.94064      4.48620     18.00000
     2.97000      7.91855      8.08536      5.34509     18.00000
     2.99000      6.45897      7.94491      5.96418     18.00000
     3.01000      6.27384      7.88963      6.53377     18.00000
     3.03000      6.56663      7.71634      6.00423     18.00000
     3.05000      6.65263      7.67965      5.63107     18.00000
     3.07000      7.57823      8.02823      6.16366     18.00000
     3.09000      6.93418      8.28168      6.74484     18.00000
     3.11000      7.71315      8.57291      6.70034     18.00000
     3.13000      8.23237      9.11951      6.78440     18.00000
     3.15000      7.91561      9.56010      7.16950     18.00000
     3.17000      7.98520     10.56121      7.55919     18.00000
     3.19000      9.07116     10.36904      7.20584     18.00000
     3.21000      9.01909     10.00364      6.79277     18.00000
     3.23000      8.37156      9.93551      6.97105     18.00000
     3.25000      8.68379      9.95760      6.55869     18.00000
     3.27000      8.49154      8.84466      4.74521     17.00000
     3.29000      8.81792     10.12502      6.66378     18.00000
     3.31000      9.17165     10.15906      6.76661     18.00000
     3.33000     10.24886     11.36411      9.02737     18.00000
     3.35000      9.21441     14.32401     15.75288     18.00000
     3.37000      9.72310     11.91959     10.38839     18.00000
     3.39000      9.78353     10.85823      6.71590     18.00000
     3.41000      9.06392      9.85803      5.88818     18.00000
     3.43000      9.92058     10.20324      5.88599     18.00000
     3.45000      9.49518      9.86630      5.44869     18.00000
     3.47000      8.85008      9.69287      5.26664     18.00000
     3.49000      9.04718      9.95701      5.25410     18.00000
     3.51000      9.62608     10.05442      5.89192     18.00000
     3.53000      9.52751      9.89375      6.24436     18.00000
     3.55000     10.64591     10.28995      6.83348     18.00000
     3.57000     10.76753     11.08914      7.63822     18.00000
     3.59000      9.45997     10.67710      7.23431     18.00000
     3.61000      9.31805     10.37913      6.53781     18.00000
     3.63000      9.21228     10.71117      6.78576     18.00000
     3.65000      9.84336     10.48332      6.34472     18.00000
     3.67000      9.96032     10.50702      5.89075     18.00000
     3.69000      9.51662     10.16411      5.78445     18.00000
     3.71000      9.11640      9.40377      5.65116     18.00000
     3.73000      7.61419      9.32836      5.46799     18.00000
     3.75000      7.39314      9.63487      5.38756     18.00000
     3.77000      8.41725     10.08064      5.92791     18.00000
     3.79000      8.15914      9.67689      5.39740     18.00000
     3.81000      8.43031      9.48943      5.13896     18.00000
     3.83000      9.13843      9.74052      5.13225     18.00000
     3.85000      9.66399      9.68275      5.30225     18.00000
     3.87000      9.11206      9.58829      5.29704     18.00000
     3.89000      8.99817     10.07182      5.49186     18.00000
     3.91000      8.96409     10.31245      5.50978     18.00000
     3.93000      8.72490     10.46855      5.67622     18.00000
     3.95000      8.71848     10.67424      5.83174     18.00000
     3.97000      8.92545     11.00060      6.92830     18.00000
     3.99000      9.79368     10.54815      6.02203     18.00000
     4.01000     10.03815     10.85804      6.49046     18.00000
     4.03000     10.37113     10.53312      5.76363     18.00000
     4.05000     10.11774     10.47418      5.52684     18.00000
     4.07000     10.01682     10.20802      5.16876     18.00000
     4.09000      9.82617      9.82413      5.08290     18.00000
     4.11000      9.96783     10.15504      5.52096     18.00000
     4.13000      8.95279     10.38051      5.62065     18.00000
     4.15000      8.28719     10.02087      5.13037     18.00000
     4.17000     10.55267      9.95409      4.55625     17.00000
     4.19000      9.62565      9.71837      4.08494     17.00000
     4.21000      9.49179      9.39633      4.10405     18.00000
     4.23000      9.01966      9.15619      3.93209     18.00000
     4.25000      9.64362      9.05325      3.55019     18.00000
     4.27000      9.45044      9.52991      3.93776     18.00000
     4.29000      8.95792      9.47204      4.44075     18.00000
     4.31000      9.07934      9.18055      4.19625     18.00000
     4.33000      8.71301      9.31711      4.67925     18.00000
     4.35000      9.34834      9.69707      5.66833     18.00000
     4.37000      8.76395      9.73537      5.38190     18.00000
     4.39000      9.07616      9.53961      5.46203     18.00000
     4.41000      9.67895      9.93732      6.07944     18.00000
     4.43000      9.83624      9.95479      6.44912     18.00000
     4.45000      9.47443     10.02912      7.30728     18.00000
     4.47000      9.36674     10.53780      8.09644     18.00000
     4.49000      9.64579     10.62254      8.39772     18.00000
     4.51000      9.14791     10.89309      9.83493     18.00000
     4.53000      8.53497      9.24955      6.05971     17.00000
     4.55000      8.69514      8.67613      5.48406     17.00000
     4.57000      7.53166      7.98193      5.13776     17.00000
     4.59000      7.02643      8.87535      6.73704     17.00000
     4.61000      6.84200      8.52781      5.66603     17.00000
     4.63000      5.97207      7.58424      4.57402     17.00000
     4.65000      5.15170      7.50416      4.77969     17.00000
     4.67000      5.19585      7.53830      4.75139     17.00000
     4.69000      4.82432      7.62375      5.10666     17.00000
     4.71000      5.58031      7.52217      4.91019     17.00000
     4.73000      5.58552      7.74686      5.42724     17.00000
     4.75000      6.35237      7.97503      5.42857     17.00000
     4.77000      6.01627      8.02471      5.17720     17.00000
     4.79000      6.58148      8.26047      5.03151     17.00000
     4.81000      6.74550      7.56558      4.16302     16.00000
     4.83000      7.48343      8.50416      4.98306     17.00000
     4.85000      7.51003      8.31384      4.51946     17.00000
     4.87000      7.47436      8.41649      4.65736     17.00000
     4.89000      8.16855      8.49280      4.31377     17.00000
     4.91000      7.76656      8.14052      3.86610     17.00000
     4.93000      7.90650      8.31656      4.37495     17.00000
     4.95000      7.66345      8.11081      4.27961     17.00000
     4.97000      7.55469      8.53353      4.43336     16.00000
     4.99000      6.98935      8.37312      4.42749     16.00000
