    -1.99000      0.40194      0.38601      0.11645     13.00000
    -1.97000      0.40200      0.37659      0.12746     13.00000
    -1.95000      0.39378      0.38850      0.12679     13.00000
    -1.93000      0.46094      0.42077      0.16626     13.00000
    -1.91000      0.43700      0.44338      0.15733     13.00000
    -1.89000      0.36700      0.38852      0.09658     13.00000
    -1.87000      0.36700      0.41028      0.16937     13.00000
    -1.85000      0.37650      0.44649      0.20468     13.00000
    -1.83000      0.30784      0.45156      0.32761     13.00000
    -1.81000      0.48213      0.51127      0.35290     13.00000
    -1.79000      0.38087      0.46253      0.23693     13.00000
    -1.77000      0.32283      0.47716      0.38551     13.00000
    -1.75000      0.36068      0.44184      0.31873     13.00000
    -1.73000      0.30306      0.40017      0.22549     13.00000
    -1.71000      0.29563      0.40819      0.28770     13.00000
    -1.69000      0.36550      0.34606      0.21983     13.00000
    -1.67000      0.30280      0.46231      0.39712     13.00000
    -1.65000      0.31833      0.54896      0.58376     13.00000
    -1.63000      0.36220      0.55587      0.53153     13.00000
    -1.61000      0.40806      0.64074      0.72879     13.00000
    -1.59000      0.41058      0.51697      0.40692     13.00000
    -1.57000      0.44811      0.59230      0.59532     13.00000
    -1.55000      0.36459      0.52850      0.47502     13.00000
    -1.53000      0.36806      0.53666      0.46709     13.00000
    -1.51000      0.28238      0.42407      0.27521     13.00000
    -1.49000      0.30450      0.54060      0.48403     13.00000
    -1.47000      0.39700      0.57508      0.58973     13.00000
    -1.45000      0.35308      0.47026      0.30298     13.00000
    -1.43000      0.34200      0.46170      0.28755     13.00000
    -1.41000      0.35313      0.43509      0.30848     13.00000
    -1.39000      0.31044      0.51314      0.49466     13.00000
    -1.37000      0.31662      0.45175      0.32450     13.00000
    -1.35000      0.42058      0.38814      0.23509     13.00000
    -1.33000      0.37852      0.42660      0.32623     13.00000
    -1.31000      0.33980      0.41811      0.21193     13.00000
    -1.29000      0.33394      0.39926      0.29112     13.00000
    -1.27000      0.22740      0.34516      0.19838     13.00000
    -1.25000      0.30552      0.39616      0.24173     13.00000
    -1.23000      0.39457      0.48144      0.34485     13.00000
    -1.21000      0.42844      0.46836      0.31486     13.00000
    -1.19000      0.36039      0.42467      0.32285     13.00000
    -1.17000      0.29054      0.50796      0.45595     13.00000
    -1.15000      0.33627      0.39461      0.26390     13.00000
    -1.13000      0.29113      0.44313      0.35659     13.00000
    -1.11000      0.25494      0.43709      0.46899     13.00000
    -1.09000      0.26803      0.39081      0.21480     13.00000
    -1.07000      0.27000      0.35846      0.21422     13.00000
    -1.05000      0.30400      0.37809      0.21129     13.00000
    -1.03000      0.35908      0.44278      0.27647     13.00000
    -1.01000      0.45671      0.46681      0.23885     13.00000
    -0.99000      0.36706      0.45127      0.25082     13.00000
    -0.97000      0.31450      0.43039      0.25570     13.00000
    -0.95000      0.30900      0.40681      0.26853     13.00000
    -0.93000      0.24957      0.38319      0.28996     13.00000
    -0.91000      0.36200      0.38319      0.22084     13.00000
    -0.89000      0.30521      0.35334      0.20639     13.00000
    -0.87000      0.37994      0.41735      0.20819     13.00000
    -0.85000      0.36539      0.37460      0.13637     13.00000
    -0.83000      0.29929      0.31464      0.08409     13.00000
    -0.81000      0.31040      0.32158      0.09399     13.00000
    -0.79000      0.37362      0.38060      0.21434     13.00000
    -0.77000      0.36275      0.37996      0.16150     13.00000
    -0.75000      0.32462      0.34728      0.12662     13.00000
    -0.73000      0.30553      0.36184      0.16716     13.00000
    -0.71000      0.30300      0.32082      0.10688     13.00000
    -0.69000      0.30445      0.32991      0.12700     13.00000
    -0.67000      0.28753      0.30350      0.15647     13.00000
    -0.65000      0.28532      0.30212      0.10618     13.00000
    -0.63000      0.33456      0.34142      0.15538     13.00000
    -0.61000      0.26075      0.28574      0.13257     13.00000
    -0.59000      0.23847      0.29436      0.13431     13.00000
    -0.57000      0.27348      0.33177      0.18229     13.00000
    -0.55000      0.30150      0.33380      0.13088     13.00000
    -0.53000      0.32737      0.37624      0.15181     13.00000
    -0.51000      0.34160      0.40648      0.21258     13.00000
    -0.49000      0.32518      0.34999      0.16067     13.00000
    -0.47000      0.32100      0.37439      0.17258     13.00000
    -0.45000      0.32512      0.41982      0.24577     13.00000
    -0.43000      0.33689      0.33228      0.13262     13.00000
    -0.41000      0.33500      0.34153      0.14282     13.00000
    -0.39000      0.38093      0.39253      0.14886     13.00000
    -0.37000      0.33027      0.36509      0.16778     13.00000
    -0.35000      0.23958      0.32829      0.18630     13.00000
    -0.33000      0.27136      0.33250      0.13527     13.00000
    -0.31000      0.32806      0.34192      0.17688     13.00000
    -0.29000      0.26783      0.31994      0.13789     13.00000
    -0.27000      0.25382      0.29196      0.14453     13.00000
    -0.25000      0.27867      0.35374      0.20898     13.00000
    -0.23000      0.33840      0.37280      0.17427     13.00000
    -0.21000      0.41536      0.37703      0.15412     13.00000
    -0.19000      0.35273      0.37170      0.19529     13.00000
    -0.17000      0.26025      0.32920      0.14569     13.00000
    -0.15000      0.31623      0.38619      0.17756     13.00000
    -0.13000      0.30744      0.34932      0.13638     13.00000
    -0.11000      0.37160      0.39600      0.16973     13.00000
    -0.09000      0.35889      0.43034      0.17727     13.00000
    -0.07000      0.49800      0.45007      0.19303     13.00000
    -0.05000      0.36212      0.43280      0.23583     13.00000
    -0.03000      0.43461      0.46087      0.20647     13.00000
    -0.01000      0.59172      0.55526      0.25524     13.00000
     0.01000      1.31958      1.27830      0.60384     13.00000
     0.03000      0.99358      1.17248      0.65366     13.00000
     0.05000      1.10400      1.07730      0.56974     13.00000
     0.07000      1.02754      1.05382      0.57555     13.00000
     0.09000      1.20389      1.15725      0.69672     13.00000
     0.11000      0.90741      1.04795      0.61838     13.00000
     0.13000      0.83380      0.96269      0.48532     13.00000
     0.15000      0.95964      1.02533      0.45073     13.00000
     0.17000      0.94529      0.89017      0.40827     13.00000
     0.19000      0.92676      0.98062      0.45536     13.00000
     0.21000      0.98379      0.94792      0.42563     13.00000
     0.23000      0.96200      0.90583      0.36284     13.00000
     0.25000      1.01635      0.98646      0.44598     13.00000
     0.27000      0.92077      0.87921      0.52358     13.00000
     0.29000      0.58506      0.80223      0.48439     13.00000
     0.31000      0.77629      0.85783      0.41983     13.00000
     0.33000      0.83788      0.85463      0.42738     13.00000
     0.35000      0.86013      1.02866      0.61209     13.00000
     0.37000      0.83669      0.90628      0.34628     13.00000
     0.39000      0.67122      0.74172      0.30945     13.00000
     0.41000      0.62550      0.73587      0.35550     13.00000
     0.43000      0.86407      0.77240      0.43794     13.00000
     0.45000      0.69668      0.72641      0.35721     13.00000
     0.47000      0.58000      0.81984      0.63951     13.00000
     0.49000      0.66887      0.69025      0.40645     13.00000
     0.51000      0.72463      0.70647      0.40432     13.00000
     0.53000      0.61840      0.84878      0.59928     13.00000
     0.55000      0.59113      0.63486      0.40117     13.00000
     0.57000      0.62173      0.59774      0.28611     13.00000
     0.59000      0.60694      0.56877      0.21748     13.00000
     0.61000      0.42200      0.47298      0.25919     13.00000
     0.63000      0.58450      0.61249      0.34588     13.00000
     0.65000      0.57145      0.73016      0.45184     13.00000
     0.67000      0.63425      0.72579      0.48912     13.00000
     0.69000      0.53355      0.62947      0.38163     13.00000
     0.71000      0.56394      0.65730      0.45448     13.00000
     0.73000      0.51973      0.70339      0.35236     13.00000
     0.75000      0.57050      0.79946      0.53666     13.00000
     0.77000      0.54678      0.68048      0.44966     13.00000
     0.79000      0.46429      0.60906      0.31920     13.00000
     0.81000      0.42550      0.51819      0.31164     13.00000
     0.83000      0.57294      0.62517      0.27773     13.00000
     0.85000      0.52875      0.56717      0.32231     13.00000
     0.87000      0.43900      0.55442      0.32729     13.00000
     0.89000      0.45727      0.52480      0.29610     13.00000
     0.91000      0.48378      0.55124      0.25007     13.00000
     0.93000      0.46106      0.62816      0.44047     13.00000
     0.95000      0.46207      0.57617      0.40380     13.00000
     0.97000      0.31114      0.45826      0.34560     13.00000
     0.99000      0.49113      0.56674      0.42227     13.00000
     1.01000      0.49800      0.68170      0.55683     13.00000
     1.03000      0.41025      0.54117      0.33674     13.00000
     1.05000      0.49160      0.52379      0.27992     13.00000
     1.07000      0.38270      0.55410      0.45603     13.00000
     1.09000      0.38546      0.53495      0.30965     13.00000
     1.11000      0.36921      0.51747      0.47165     13.00000
     1.13000      0.34779      0.44658      0.32471     13.00000
     1.15000      0.27220      0.36238      0.21670     13.00000
     1.17000      0.31740      0.39864      0.26872     13.00000
     1.19000      0.39695      0.41710      0.27918     13.00000
     1.21000      0.38260      0.42599      0.24670     13.00000
     1.23000      0.25078      0.48800      0.49095     13.00000
     1.25000      0.31295      0.46641      0.37658     13.00000
     1.27000      0.29938      0.51009      0.51355     13.00000
     1.29000      0.30894      0.45318      0.38125     13.00000
     1.31000      0.31775      0.35553      0.23315     13.00000
     1.33000      0.25182      0.34046      0.21017     13.00000
     1.35000      0.27873      0.34168      0.19258     13.00000
     1.37000      0.23573      0.31472      0.14243     13.00000
     1.39000      0.24153      0.31746      0.19474     13.00000
     1.41000      0.26038      0.33626      0.17983     13.00000
     1.43000      0.26306      0.32522      0.17167     13.00000
     1.45000      0.30431      0.33369      0.15693     13.00000
     1.47000      0.22669      0.30925      0.16842     13.00000
     1.49000      0.26761      0.34709      0.18062     13.00000
     1.51000      0.24118      0.34916      0.20055     13.00000
     1.53000      0.32538      0.37337      0.23201     13.00000
     1.55000      0.25924      0.34181      0.20175     13.00000
     1.57000      0.24425      0.30734      0.15003     13.00000
     1.59000      0.27094      0.31882      0.14709     13.00000
     1.61000      0.29744      0.29760      0.12515     13.00000
     1.63000      0.25862      0.28640      0.14565     13.00000
     1.65000      0.21481      0.30844      0.17104     13.00000
     1.67000      0.23392      0.32564      0.19948     13.00000
     1.69000      0.26509      0.32228      0.18472     13.00000
     1.71000      0.20336      0.30688      0.21594     13.00000
     1.73000      0.23813      0.26833      0.11392     13.00000
     1.75000      0.27683      0.34126      0.31360     13.00000
     1.77000      0.22681      0.30820      0.21959     13.00000
     1.79000      0.24667      0.33115      0.25946     13.00000
     1.81000      0.22860      0.35704      0.27738     13.00000
     1.83000      0.24536      0.37651      0.35451     13.00000
     1.85000      0.22320      0.41293      0.51157     13.00000
     1.87000      0.21789      0.38552      0.37032     13.00000
     1.89000      0.22456      0.36885      0.32329     13.00000
     1.91000      0.22433      0.36587      0.28938     13.00000
     1.93000      0.25412      0.41107      0.40227     13.00000
     1.95000      0.28344      0.41429      0.27345     13.00000
     1.97000      0.30692      0.39835      0.21630     13.00000
     1.99000      0.28036      0.33782      0.18777     13.00000
     2.01000      0.27182      0.35556      0.19938     13.00000
     2.03000      0.33650      0.42501      0.30269     13.00000
     2.05000      0.34964      0.39127      0.24087     13.00000
     2.07000      0.30575      0.35867      0.19383     13.00000
     2.09000      0.26236      0.34361      0.20740     13.00000
     2.11000      0.26269      0.33639      0.23453     13.00000
     2.13000      0.27020      0.31842      0.13332     13.00000
     2.15000      0.29550      0.33400      0.16116     13.00000
     2.17000      0.28200      0.34443      0.18859     13.00000
     2.19000      0.23371      0.32771      0.20727     13.00000
     2.21000      0.32233      0.39982      0.23739     13.00000
     2.23000      0.29000      0.37767      0.23672     13.00000
     2.25000      0.30309      0.37056      0.19193     13.00000
     2.27000      0.26393      0.37069      0.21609     13.00000
     2.29000      0.27029      0.32544      0.14686     13.00000
     2.31000      0.32600      0.38897      0.17327     13.00000
     2.33000      0.24017      0.35180      0.25088     13.00000
     2.35000      0.28481      0.32570      0.12643     13.00000
     2.37000      0.39933      0.33213      0.13286     13.00000
     2.39000      0.30113      0.34687      0.15463     13.00000
     2.41000      0.29527      0.38026      0.24458     13.00000
     2.43000      0.28408      0.35863      0.22609     13.00000
     2.45000      0.27438      0.37853      0.21978     13.00000
     2.47000      0.29450      0.39806      0.24489     13.00000
     2.49000      0.26628      0.31995      0.13345     13.00000
     2.51000      0.27812      0.39303      0.23667     13.00000
     2.53000      0.32925      0.37228      0.18252     13.00000
     2.55000      0.29675      0.36305      0.20545     13.00000
     2.57000      0.24988      0.31313      0.15722     13.00000
     2.59000      0.28023      0.30087      0.09372     13.00000
     2.61000      0.34189      0.38391      0.15826     13.00000
     2.63000      0.32288      0.39756      0.20070     13.00000
     2.65000      0.27920      0.34071      0.16266     13.00000
     2.67000      0.25862      0.32268      0.17590     13.00000
     2.69000      0.27846      0.32655      0.15929     13.00000
     2.71000      0.28300      0.37648      0.24665     13.00000
     2.73000      0.33622      0.44146      0.29512     13.00000
     2.75000      0.36312      0.44627      0.24183     13.00000
     2.77000      0.36067      0.40557      0.17389     13.00000
     2.79000      0.32400      0.34148      0.14850     13.00000
     2.81000      0.33661      0.39095      0.20552     13.00000
     2.83000      0.34188      0.37615      0.20407     13.00000
     2.85000      0.35392      0.39413      0.21049     13.00000
     2.87000      0.35750      0.44921      0.27999     13.00000
     2.89000      0.23525      0.44804      0.33162     13.00000
     2.91000      0.28031      0.44791      0.30520     13.00000
     2.93000      0.28417      0.52333      0.45793     13.00000
     2.95000      0.31586      0.46738      0.36233     13.00000
     2.97000      0.33394      0.55898      0.53144     13.00000
     2.99000      0.29242      0.55473      0.51885     13.00000
     3.01000      0.32137      0.52962      0.47527     13.00000
     3.03000      0.36388      0.56116      0.43696     13.00000
     3.05000      0.36912      0.51693      0.35683     13.00000
     3.07000      0.48967      0.53244      0.40401     13.00000
     3.09000      0.38025      0.58061      0.48647     13.00000
     3.11000      0.48881      0.60022      0.43118     13.00000
     3.13000      0.50063      0.53612      0.39655     13.00000
     3.15000      0.33464      0.45880      0.30990     13.00000
     3.17000      0.38053      0.53423      0.38926     13.00000
     3.19000      0.40255      0.51686      0.35310     13.00000
     3.21000      0.56033      0.55316      0.26525     13.00000
     3.23000      0.71826      0.62057      0.28354     13.00000
     3.25000      0.61253      0.62273      0.32424     13.00000
     3.27000      0.78600      0.73640      0.44010     13.00000
     3.29000      0.67760      0.63041      0.29694     13.00000
     3.31000      0.52736      0.61996      0.40594     13.00000
     3.33000      0.37500      0.57374      0.33862     13.00000
     3.35000      0.35036      0.59419      0.39608     13.00000
     3.37000      0.33027      0.70341      0.74772     13.00000
     3.39000      0.63560      0.62956      0.55059     13.00000
     3.41000      0.60840      0.61509      0.54499     13.00000
     3.43000      0.47821      0.59351      0.42940     13.00000
     3.45000      0.48980      0.57676      0.36227     13.00000
     3.47000      0.47312      0.55209      0.35644     13.00000
     3.49000      0.35700      0.48603      0.35201     13.00000
     3.51000      0.38138      0.51637      0.36566     13.00000
     3.53000      0.45630      0.51411      0.33464     13.00000
     3.55000      0.43027      0.54751      0.28064     13.00000
     3.57000      0.34629      0.54790      0.35305     13.00000
     3.59000      0.40873      0.49840      0.26977     13.00000
     3.61000      0.43500      0.50451      0.25793     13.00000
     3.63000      0.48673      0.47020      0.19914     13.00000
     3.65000      0.37960      0.44228      0.18427     13.00000
     3.67000      0.36740      0.37554      0.10460     13.00000
     3.69000      0.37468      0.44159      0.18977     13.00000
     3.71000      0.51825      0.54733      0.24560     13.00000
     3.73000      0.48360      0.71978      0.66619     13.00000
     3.75000      0.50600      0.57000      0.26505     13.00000
     3.77000      0.37019      0.54167      0.35607     13.00000
     3.79000      0.45764      0.68404      0.63786     13.00000
     3.81000      0.36036      0.63648      0.55461     13.00000
     3.83000      0.41394      0.61858      0.45741     13.00000
     3.85000      0.38060      0.59992      0.54820     13.00000
     3.87000      0.36917      0.51200      0.45495     13.00000
     3.89000      0.35365      0.60524      0.56549     13.00000
     3.91000      0.38884      0.58253      0.48183     13.00000
     3.93000      0.42744      0.60263      0.51797     13.00000
     3.95000      0.48094      0.83078      0.85965     13.00000
     3.97000      0.42555      0.79119      0.86614     13.00000
     3.99000      0.45794      0.62072      0.53957     13.00000
     4.01000      0.47439      0.67902      0.49719     13.00000
     4.03000      0.37575      0.52828      0.42766     13.00000
     4.05000      0.32222      0.68263      0.88530     13.00000
     4.07000      0.47100      0.61965      0.38041     13.00000
     4.09000      0.37725      0.65243      0.68385     13.00000
     4.11000      0.37988      0.56046      0.41486     13.00000
     4.13000      0.43258      0.51951      0.29427     13.00000
     4.15000      0.45183      0.54739      0.27779     13.00000
     4.17000      0.47926      0.55816      0.21068     13.00000
     4.19000      0.41212      0.55013      0.31427     13.00000
     4.21000      0.35300      0.51472      0.35203     13.00000
     4.23000      0.34850      0.48872      0.33488     13.00000
     4.25000      0.37367      0.57211      0.53538     13.00000
     4.27000      0.45495      0.69273      0.55286     13.00000
     4.29000      0.46280      0.59984      0.45033     13.00000
     4.31000      0.41338      0.55079      0.36150     13.00000
     4.33000      0.37478      0.49354      0.37113     13.00000
     4.35000      0.38329      0.43856      0.24146     13.00000
     4.37000      0.40577      0.44626      0.23689     13.00000
     4.39000      0.35852      0.42814      0.27721     13.00000
     4.41000      0.38080      0.41115      0.21536     13.00000
     4.43000      0.41573      0.39055      0.26761     13.00000
     4.45000      0.42675      0.42074      0.22857     13.00000
     4.47000      0.33637      0.40231      0.21521     13.00000
     4.49000      0.35573      0.42395      0.20175     13.00000
     4.51000      0.34313      0.36442      0.19937     13.00000
     4.53000      0.32637      0.37737      0.22919     13.00000
     4.55000      0.37300      0.39190      0.17586     13.00000
     4.57000      0.34448      0.42477      0.21511     13.00000
     4.59000      0.32775      0.44151      0.25137     13.00000
     4.61000      0.33880      0.44534      0.26135     13.00000
     4.63000      0.43520      0.48755      0.31987     13.00000
     4.65000      0.37600      0.45855      0.22738     13.00000
     4.67000      0.43175      0.48510      0.17883     13.00000
     4.69000      0.44542      0.51021      0.21939     13.00000
     4.71000      0.48664      0.44639      0.16267     13.00000
     4.73000      0.34643      0.40069      0.15506     13.00000
     4.75000      0.36522      0.37244      0.13044     13.00000
     4.77000      0.46900      0.45358      0.17922     13.00000
     4.79000      0.38173      0.42874      0.19388     13.00000
     4.81000      0.40400      0.38907      0.17340     13.00000
     4.83000      0.42940      0.40892      0.17936     13.00000
     4.85000      0.45664      0.46147      0.27242     13.00000
     4.87000      0.49500      0.54278      0.30959     13.00000
     4.89000      0.50342      0.50300      0.27635     13.00000
     4.91000      0.43650      0.42757      0.16344     13.00000
     4.93000      0.31623      0.36274      0.18425     13.00000
     4.95000      0.33035      0.36289      0.19269     13.00000
     4.97000      0.31628      0.36132      0.16166     13.00000
     4.99000      0.33875      0.34801      0.09690     13.00000
