    -1.99000      6.14275      6.54764      2.24150     13.00000
    -1.97000      6.11422      6.76510      2.36048     13.00000
    -1.95000      6.19783      7.12316      2.46315     13.00000
    -1.93000      6.16613      7.19538      2.76879     13.00000
    -1.91000      6.07700      7.08060      2.75927     13.00000
    -1.89000      6.22108      6.91916      2.75117     13.00000
    -1.87000      6.39325      7.17391      2.71200     13.00000
    -1.85000      6.76167      7.51399      2.84908     13.00000
    -1.83000      7.23621      7.66695      2.85979     13.00000
    -1.81000      6.91362      7.53591      2.86855     13.00000
    -1.79000      7.28238      7.69247      2.76757     13.00000
    -1.77000      7.56900      7.58870      2.57632     13.00000
    -1.75000      7.74933      7.91146      2.74212     13.00000
    -1.73000      8.07175      8.05188      2.84908     13.00000
    -1.71000      8.02818      8.12807      2.99667     13.00000
    -1.69000      7.90017      8.23798      2.95746     13.00000
    -1.67000      7.81400      8.29525      2.85296     13.00000
    -1.65000      7.69075      8.25947      2.83679     13.00000
    -1.63000      7.87864      8.20690      2.77473     13.00000
    -1.61000      7.62058      8.12652      2.79065     13.00000
    -1.59000      7.80275      8.15858      2.77997     13.00000
    -1.57000      7.70945      8.09285      2.84589     13.00000
    -1.55000      7.78662      8.12384      2.96442     13.00000
    -1.53000      7.86662      8.00995      2.69594     13.00000
    -1.51000      7.33193      7.73769      2.59819     13.00000
    -1.49000      7.50431      7.72542      2.51289     13.00000
    -1.47000      7.53800      7.61060      2.36680     13.00000
    -1.45000      7.16162      7.70445      2.56595     13.00000
    -1.43000      7.22483      7.74715      2.50020     13.00000
    -1.41000      7.35417      7.53618      2.56334     13.00000
    -1.39000      7.32300      7.75391      2.45294     13.00000
    -1.37000      7.61300      7.94330      2.45162     13.00000
    -1.35000      7.52075      7.85321      2.62935     13.00000
    -1.33000      7.34833      7.75345      2.56827     13.00000
    -1.31000      7.36133      7.55152      2.53237     13.00000
    -1.29000      7.19025      7.33529      2.34859     13.00000
    -1.27000      7.33000      7.37674      2.23792     13.00000
    -1.25000      7.12300      7.26796      2.14559     13.00000
    -1.23000      6.86589      7.14293      2.17592     13.00000
    -1.21000      6.88500      7.00284      2.18601     13.00000
    -1.19000      6.85150      7.01159      2.28227     13.00000
    -1.17000      7.05000      6.93706      2.28104     13.00000
    -1.15000      6.13267      6.71798      2.28764     13.00000
    -1.13000      6.82711      6.94590      2.26333     13.00000
    -1.11000      6.84267      6.96354      2.19715     13.00000
    -1.09000      7.10378      6.75065      2.33602     13.00000
    -1.07000      6.94722      6.87209      2.32503     13.00000
    -1.05000      7.49000      7.60473      2.63095     13.00000
    -1.03000      7.81767      7.69711      2.94264     13.00000
    -1.01000      7.56650      7.54493      2.81391     13.00000
    -0.99000      7.65010      7.57669      2.65281     13.00000
    -0.97000      7.71850      7.43447      2.68111     13.00000
    -0.95000      8.00467      7.71140      2.56426     13.00000
    -0.93000      8.13100      7.53097      2.48517     13.00000
    -0.91000      7.92350      7.43392      2.16447     13.00000
    -0.89000      7.81350      7.52490      2.10270     13.00000
    -0.87000      8.03631      7.53238      2.16720     13.00000
    -0.85000      8.05675      7.61568      2.28830     13.00000
    -0.83000      7.86785      7.56484      2.13929     13.00000
    -0.81000      7.78200      7.60905      2.19558     13.00000
    -0.79000      7.32800      7.99129      2.80992     13.00000
    -0.77000      7.74400      8.25530      3.21257     13.00000
    -0.75000      7.63777      8.16421      3.26783     13.00000
    -0.73000      8.33883      8.20297      3.16321     13.00000
    -0.71000      8.70792      8.38565      3.23739     13.00000
    -0.69000      8.59258      8.24331      3.02262     13.00000
    -0.67000      8.43438      8.48548      3.26439     13.00000
    -0.65000      8.34850      8.50347      3.45913     13.00000
    -0.63000      7.87500      8.28113      3.03061     13.00000
    -0.61000      7.88800      8.41796      3.55046     13.00000
    -0.59000      8.25000      8.69316      3.88352     13.00000
    -0.57000      7.72850      9.26791      5.08913     13.00000
    -0.55000      7.91662      9.12284      4.88740     13.00000
    -0.53000      7.86508      8.94210      4.56356     13.00000
    -0.51000      7.70433      8.75096      4.09509     13.00000
    -0.49000      7.57500      8.88623      4.23884     13.00000
    -0.47000      7.83600      9.01451      4.45592     13.00000
    -0.45000      8.02685      9.30658      5.22431     13.00000
    -0.43000      7.86850      9.26186      5.26515     13.00000
    -0.41000      7.83783      9.14657      4.89639     13.00000
    -0.39000      7.80150      9.22946      4.63619     13.00000
    -0.37000      7.85300      8.85997      4.25242     13.00000
    -0.35000      8.17650      8.56280      4.21266     13.00000
    -0.33000      8.07000      8.67982      4.44825     13.00000
    -0.31000      8.26800      8.65326      4.28128     13.00000
    -0.29000      8.84650      8.74851      4.46521     13.00000
    -0.27000      8.48450      8.48124      4.63914     13.00000
    -0.25000      7.63200      8.54601      4.87180     13.00000
    -0.23000      8.25500      8.72678      4.76897     13.00000
    -0.21000      7.99000      8.80962      4.64936     13.00000
    -0.19000      7.40742      8.69513      4.74770     13.00000
    -0.17000      7.81950      9.08486      4.69684     13.00000
    -0.15000      7.50954      9.29631      5.35588     13.00000
    -0.13000      7.56450      9.74095      5.76327     13.00000
    -0.11000      7.49354      9.97029      6.14442     13.00000
    -0.09000      7.60700     10.11716      6.25548     13.00000
    -0.07000      7.79650      9.95015      5.82744     13.00000
    -0.05000      8.20800      9.81932      5.18735     13.00000
    -0.03000      8.57900      9.89582      4.90843     13.00000
    -0.01000      9.99300     11.48646      6.63499     13.00000
     0.01000     16.26085     20.90284     11.75016     13.00000
     0.03000     20.61383     23.19432     11.69107     13.00000
     0.05000     21.65700     23.53411     10.65648     13.00000
     0.07000     19.96955     23.87147     11.73243     13.00000
     0.09000     20.87750     23.85074     10.37952     13.00000
     0.11000     19.05325     23.32101     11.07157     13.00000
     0.13000     21.83775     24.04074     10.12311     13.00000
     0.15000     21.00245     24.99228     12.18266     13.00000
     0.17000     20.19567     22.18208      8.92673     13.00000
     0.19000     21.02950     22.23082      9.54918     13.00000
     0.21000     20.54367     21.00633      6.60262     13.00000
     0.23000     19.92300     20.51903      6.79272     13.00000
     0.25000     21.42833     20.97078      6.68479     13.00000
     0.27000     21.09200     21.36589      6.78627     13.00000
     0.29000     18.91509     21.24421      6.81514     13.00000
     0.31000     21.37900     21.79638      7.54707     13.00000
     0.33000     19.58642     21.75041      8.81507     13.00000
     0.35000     18.81855     21.38592      8.95776     13.00000
     0.37000     18.74157     21.86328      9.16785     13.00000
     0.39000     19.03250     21.96948      8.78752     13.00000
     0.41000     18.67233     21.11538      8.34013     13.00000
     0.43000     18.66650     20.30203      8.12268     13.00000
     0.45000     20.10220     21.05627      7.87064     13.00000
     0.47000     21.52875     21.56121      8.39446     13.00000
     0.49000     20.49425     21.57565      9.17167     13.00000
     0.51000     19.54600     22.06235      9.22474     13.00000
     0.53000     19.27114     21.48201      8.47918     13.00000
     0.55000     18.94046     21.31843      7.98930     13.00000
     0.57000     18.81950     21.99903      8.20136     13.00000
     0.59000     19.14392     21.93181      8.47762     13.00000
     0.61000     17.96275     21.39679      8.75752     13.00000
     0.63000     19.28475     21.18074      9.84775     13.00000
     0.65000     16.99167     20.58386      9.82277     13.00000
     0.67000     17.36350     20.43382      9.53389     13.00000
     0.69000     18.99750     20.31792      9.00206     13.00000
     0.71000     19.27750     20.64672      8.72482     13.00000
     0.73000     18.33475     20.72179      8.81645     13.00000
     0.75000     18.00967     19.95770      8.73110     13.00000
     0.77000     16.51175     19.88873      8.78566     13.00000
     0.79000     18.29500     20.97366      9.26921     13.00000
     0.81000     18.68618     21.33091      9.99621     13.00000
     0.83000     16.72667     20.57130     10.69730     13.00000
     0.85000     16.43067     20.85548     10.73637     13.00000
     0.87000     19.36667     21.50537     10.28475     13.00000
     0.89000     18.65081     21.49242     10.19478     13.00000
     0.91000     18.21640     21.41360     10.34522     13.00000
     0.93000     18.83110     20.67380     11.01391     13.00000
     0.95000     17.68577     20.47217     10.65063     13.00000
     0.97000     18.44850     20.75717     10.13132     13.00000
     0.99000     17.92600     20.95273      9.94061     13.00000
     1.01000     17.91700     20.79242      9.98208     13.00000
     1.03000     17.66950     20.85152     10.22883     13.00000
     1.05000     17.48133     20.79521     10.60078     13.00000
     1.07000     18.85009     21.02300     10.67490     13.00000
     1.09000     17.79075     21.15696     10.22846     13.00000
     1.11000     16.93825     21.00317     10.52754     13.00000
     1.13000     17.63433     20.81746     10.41580     13.00000
     1.15000     17.92775     20.86799     10.03053     13.00000
     1.17000     17.47833     20.76130      9.94851     13.00000
     1.19000     17.02180     20.69521      9.85580     13.00000
     1.21000     16.79511     20.75963      9.77638     13.00000
     1.23000     17.14233     20.73454      9.65167     13.00000
     1.25000     18.92475     20.85295      9.50266     13.00000
     1.27000     18.73967     20.98392      9.74448     13.00000
     1.29000     18.39425     20.97457      9.65208     13.00000
     1.31000     17.99822     20.80433      9.45560     13.00000
     1.33000     17.81067     20.69136      9.65817     13.00000
     1.35000     17.64225     21.00493     10.21160     13.00000
     1.37000     18.01856     21.14728     10.41590     13.00000
     1.39000     18.01989     19.94000      9.18830     13.00000
     1.41000     17.98556     19.92427      9.42547     13.00000
     1.43000     17.86313     19.77444      9.54707     13.00000
     1.45000     17.76556     19.65922      9.57173     13.00000
     1.47000     17.61867     19.35112      9.66930     13.00000
     1.49000     17.46663     19.11152      9.69364     13.00000
     1.51000     17.41056     18.79819      9.67793     13.00000
     1.53000     17.31989     18.49110      9.71155     13.00000
     1.55000     17.25844     18.17884      9.79314     13.00000
     1.57000     17.11325     18.05587      9.84336     13.00000
     1.59000     17.01800     18.00515      9.79269     13.00000
     1.61000     16.89700     18.06226      9.72525     13.00000
     1.63000     16.74078     18.28088      9.70257     13.00000
     1.65000     16.79167     18.44637      9.75321     13.00000
     1.67000     16.76375     18.25910      9.40320     13.00000
     1.69000     16.67967     18.16307      9.30834     13.00000
     1.71000     16.79100     18.25162      9.71640     13.00000
     1.73000     15.46475     18.02673      9.79627     13.00000
     1.75000     15.27600     17.58010      9.76733     13.00000
     1.77000     15.04556     17.33388      9.56241     13.00000
     1.79000     14.72222     17.30259      9.40593     13.00000
     1.81000     14.49250     17.27626      9.85655     13.00000
     1.83000     14.41756     17.30793     10.05763     13.00000
     1.85000     14.30589     17.38496     10.08665     13.00000
     1.87000     14.30213     17.21849      9.80301     13.00000
     1.89000     14.35922     17.10852      9.78414     13.00000
     1.91000     14.31722     17.01846      9.69223     13.00000
     1.93000     13.94850     16.93660      9.95074     13.00000
     1.95000     14.04000     16.94023     10.01790     13.00000
     1.97000     14.76050     16.80368      9.91922     13.00000
     1.99000     14.67600     16.68791      9.90546     13.00000
     2.01000     14.64475     16.80435     10.18957     13.00000
     2.03000     14.95667     16.81370     10.30534     13.00000
     2.05000     15.08455     16.61075     10.24052     13.00000
     2.07000     14.93133     16.53209     10.31440     13.00000
     2.09000     14.95418     16.52821     10.27028     13.00000
     2.11000     14.83733     16.46689     10.27273     13.00000
     2.13000     13.77809     16.38374     10.39770     13.00000
     2.15000     12.88733     16.34750     10.52702     13.00000
     2.17000     12.73056     16.30362     10.61214     13.00000
     2.19000     12.56637     16.22312     10.65137     13.00000
     2.21000     12.38089     16.11649     10.71374     13.00000
     2.23000     12.19267     16.07456     10.79971     13.00000
     2.25000     12.04925     16.02864     10.76936     13.00000
     2.27000     11.79878     15.97433     10.88485     13.00000
     2.29000     11.90933     16.00274     10.82089     13.00000
     2.31000     11.80691     16.38421     10.75812     13.00000
     2.33000     11.70900     16.28588     10.80653     13.00000
     2.35000     11.77300     16.28688     10.75936     13.00000
     2.37000     11.53342     16.00311     10.67857     13.00000
     2.39000     12.02320     16.01780     10.71486     13.00000
     2.41000     11.93511     15.96271     10.61001     13.00000
     2.43000     11.46355     15.72396     10.83631     13.00000
     2.45000     11.55311     15.80666     10.87009     13.00000
     2.47000     11.29862     15.79671     10.92506     13.00000
     2.49000     11.69700     15.99949     10.89981     13.00000
     2.51000     11.62236     15.77104     10.64702     13.00000
     2.53000     11.50350     15.61052     10.43487     13.00000
     2.55000     11.54018     15.46334     10.48388     13.00000
     2.57000     10.96652     15.18028     10.23353     13.00000
     2.59000     11.37408     15.13094      9.82909     13.00000
     2.61000     11.21718     15.28240     10.21065     13.00000
     2.63000     11.17583     15.48999     11.03028     13.00000
     2.65000     11.05473     15.09922     11.08320     13.00000
     2.67000     10.94525     14.76489     11.15858     13.00000
     2.69000     10.89400     14.67832     11.30395     13.00000
     2.71000     10.19779     14.29921     11.43949     13.00000
     2.73000     10.51030     14.43970     11.11913     13.00000
     2.75000     10.14843     14.39569     11.19003     13.00000
     2.77000     10.09264     14.52847     11.34908     13.00000
     2.79000     10.05008     14.41948     11.45887     13.00000
     2.81000     10.08986     14.31366     11.57016     13.00000
     2.83000     10.11186     14.31889     11.57451     13.00000
     2.85000      9.97991     14.25374     11.65176     13.00000
     2.87000      9.83258     14.12898     11.69310     13.00000
     2.89000      9.83833     14.16963     11.86265     13.00000
     2.91000      9.74373     14.00533     12.04502     13.00000
     2.93000      9.70225     13.90160     11.98413     13.00000
     2.95000      9.60955     13.83719     12.04588     13.00000
     2.97000      9.41967     13.98416     12.16949     13.00000
     2.99000      9.42455     14.02158     12.31581     13.00000
     3.01000      9.42517     13.93406     12.39339     13.00000
     3.03000      9.39227     13.78610     12.47402     13.00000
     3.05000      9.29492     13.61744     12.55244     13.00000
     3.07000      9.23818     13.34307     12.57489     13.00000
     3.09000      9.21717     13.44199     12.64653     13.00000
     3.11000      9.28400     13.34255     12.71619     13.00000
     3.13000      9.24625     13.15007     12.77370     13.00000
     3.15000      9.06967     13.10649     12.80508     13.00000
     3.17000      9.02825     13.10877     12.72778     13.00000
     3.19000      9.06333     12.88680     12.89238     13.00000
     3.21000      9.08500     12.81653     12.95790     13.00000
     3.23000      9.19333     12.79748     13.11906     13.00000
     3.25000      9.11918     12.82060     13.05281     13.00000
     3.27000      9.15692     12.78207     13.16116     13.00000
     3.29000      9.07675     12.91339     13.16171     13.00000
     3.31000      9.28522     13.06826     13.09733     13.00000
     3.33000      9.42818     12.98702     13.19164     13.00000
     3.35000      9.26111     12.89899     13.31175     13.00000
     3.37000      9.15422     12.89253     13.29495     13.00000
     3.39000      8.93867     13.05542     13.24741     13.00000
     3.41000      9.27333     13.22362     13.14483     13.00000
     3.43000      9.19633     13.30946     13.17222     13.00000
     3.45000      9.07927     13.28124     13.19231     13.00000
     3.47000      8.94075     13.16796     13.22498     13.00000
     3.49000      8.98782     13.10780     13.21251     13.00000
     3.51000      9.12808     13.14763     13.15014     13.00000
     3.53000      8.97442     13.05993     13.18207     13.00000
     3.55000      8.89900     12.98068     13.20234     13.00000
     3.57000      8.93533     12.98402     13.20605     13.00000
     3.59000      8.90300     12.93679     13.23110     13.00000
     3.61000      8.79756     12.87670     13.23317     13.00000
     3.63000      8.57150     12.82184     13.29335     13.00000
     3.65000      8.39092     12.71374     13.35326     13.00000
     3.67000      8.43500     12.64479     13.34804     13.00000
     3.69000      8.12705     12.68089     13.32363     13.00000
     3.71000      7.99800     12.60748     13.33235     13.00000
     3.73000      8.50733     12.62665     13.30591     13.00000
     3.75000      8.34418     12.53697     13.34493     13.00000
     3.77000      8.33108     12.28878     13.44850     13.00000
     3.79000      8.33000     12.30872     13.40253     13.00000
     3.81000      8.34267     12.10951     13.45085     13.00000
     3.83000      8.34373     12.12142     13.40080     13.00000
     3.85000      7.88336     11.80502     13.49822     13.00000
     3.87000      7.58683     11.85286     13.48897     13.00000
     3.89000      7.34156     11.94269     13.43336     13.00000
     3.91000      7.39700     11.89279     13.45176     13.00000
     3.93000      7.19375     11.82695     13.44354     13.00000
     3.95000      7.24767     11.75881     13.47452     13.00000
     3.97000      7.09344     11.75288     13.46906     13.00000
     3.99000      7.21000     11.77138     13.43214     13.00000
     4.01000      6.94792     11.65783     13.45829     13.00000
     4.03000      6.70383     11.70100     13.39642     13.00000
     4.05000      6.87513     11.69982     13.31210     13.00000
     4.07000      6.88856     11.67365     13.28052     13.00000
     4.09000      6.67500     11.61543     13.28376     13.00000
     4.11000      7.04056     11.58221     13.23322     13.00000
     4.13000      6.88918     11.61271     13.23903     13.00000
     4.15000      6.92792     11.64505     13.21679     13.00000
     4.17000      6.73233     11.63308     13.17056     13.00000
     4.19000      6.62636     11.45019     13.24923     13.00000
     4.21000      6.49358     11.33839     13.13424     13.00000
     4.23000      6.51345     11.34736     13.19985     13.00000
     4.25000      6.80000     11.21349     12.91059     13.00000
     4.27000      6.41211     11.13790     12.93172     13.00000
     4.29000      6.53708     11.18271     12.92502     13.00000
     4.31000      6.44518     11.15867     12.86012     13.00000
     4.33000      6.65000     11.03081     12.64783     13.00000
     4.35000      6.61311     11.01727     12.61780     13.00000
     4.37000      6.38550     10.83622     12.23297     13.00000
     4.39000      6.41252     10.76555     12.09096     13.00000
     4.41000      6.35155     10.47921     11.93668     13.00000
     4.43000      6.47383     10.57244     11.96045     13.00000
     4.45000      6.55491     10.59030     11.82493     13.00000
     4.47000      6.63650     10.62648     11.76671     13.00000
     4.49000      6.72317     10.62834     11.81728     13.00000
     4.51000      6.63517     10.67310     11.90223     13.00000
     4.53000      7.02926     10.71356     11.84420     13.00000
     4.55000      6.85804     10.52901     11.82452     13.00000
     4.57000      6.78037     10.48746     11.58281     13.00000
     4.59000      6.85443     10.52484     11.69548     13.00000
     4.61000      6.69778     10.53686     11.84680     13.00000
     4.63000      6.28096     10.31904     11.71463     13.00000
     4.65000      6.53171     10.26543     11.60415     13.00000
     4.67000      6.86600     10.39539     11.65374     13.00000
     4.69000      6.65287     10.36655     11.67494     13.00000
     4.71000      6.70525     10.34437     11.67634     13.00000
     4.73000      6.55487     10.35746     11.69822     13.00000
     4.75000      6.39222     10.27246     11.63810     13.00000
     4.77000      6.18962     10.31065     11.48913     13.00000
     4.79000      6.23764     10.26588     11.12391     13.00000
     4.81000      6.25729     10.14450     11.05076     13.00000
     4.83000      6.26867     10.00509     10.70511     13.00000
     4.85000      6.34587      9.85926     10.55721     13.00000
     4.87000      6.30775      9.85662     10.67073     13.00000
     4.89000      6.38187      9.88239     10.67809     13.00000
     4.91000      6.09478      9.74014     10.51999     13.00000
     4.93000      5.91488      9.67283     10.32184     13.00000
     4.95000      5.84700      9.48107     10.06129     13.00000
     4.97000      5.79267      9.22402      9.94639     13.00000
     4.99000      6.27425      9.31759     10.15137     13.00000
