    -1.99000 110674.20278 119628.54015  65637.43818     12.00000
    -1.97000  95126.15154 114944.58781  68988.26993     12.00000
    -1.95000  92620.71667 112196.01469  68939.91254     12.00000
    -1.93000 104833.76282 117296.21213  76047.70133     12.00000
    -1.91000 115165.43891 130861.66143  76679.05862     12.00000
    -1.89000 101775.94737 144480.85605 123911.38409     11.00000
    -1.87000 102063.27273 150698.03426 155611.68651     11.00000
    -1.85000  90979.76471 151981.36115 168185.51987     11.00000
    -1.83000  93571.16667 147308.92433 139929.23776     11.00000
    -1.81000  89427.90000 151353.23292 147580.76018     11.00000
    -1.79000  89327.31579 170824.16982 184588.59460     11.00000
    -1.77000  83502.80000 180050.93266 202197.20138     11.00000
    -1.75000  78607.10000 168230.53252 181827.34005     11.00000
    -1.73000  79766.94737 173216.77352 196014.61998     11.00000
    -1.71000  79520.40000 171745.04357 185448.96006     11.00000
    -1.69000  79344.82353 174066.78616 192040.58089     11.00000
    -1.67000  85812.76923 175148.48385 192156.76530     11.00000
    -1.65000  80670.05000 183339.71537 199004.82200     11.00000
    -1.63000  79421.84211 173443.45503 187164.07396     11.00000
    -1.61000  79500.73333 183571.09251 197457.54862     11.00000
    -1.59000  81254.88235 197777.00604 225773.22729     11.00000
    -1.57000  79280.80769 176395.99450 202109.02765     12.00000
    -1.55000  83536.69712 175180.04485 195861.28779     12.00000
    -1.53000  73349.67647 177606.15517 210451.32727     12.00000
    -1.51000  66199.71154 167386.86452 199324.80677     12.00000
    -1.49000  69418.62200 164453.49201 200112.13085     12.00000
    -1.47000  72235.90909 161833.63189 193243.77234     12.00000
    -1.45000  68823.06154 165524.10884 189201.56944     12.00000
    -1.43000  77374.62157 165703.78537 187728.51430     12.00000
    -1.41000  83781.77500 162582.46845 167194.85577     12.00000
    -1.39000  77217.23000 168544.24044 168116.36489     12.00000
    -1.37000  74853.40000 173607.49306 193926.75378     12.00000
    -1.35000  88346.22353 176066.16518 189392.00518     12.00000
    -1.33000  92042.60924 178078.21593 199356.84111     12.00000
    -1.31000  88670.08485 174078.60841 189836.83810     12.00000
    -1.29000  82898.03810 175720.12788 182007.61407     12.00000
    -1.27000 114100.30000 180485.52792 164813.71872     12.00000
    -1.25000 109675.15196 182400.36758 171029.31298     12.00000
    -1.23000 112120.76103 172690.31180 159496.49976     12.00000
    -1.21000 141095.00000 168184.91441 138422.06074     13.00000
    -1.19000 138220.68966 168271.19251 125442.84441     13.00000
    -1.17000 122975.42857 164072.09931 121181.26120     13.00000
    -1.15000 155149.33333 162323.28218 113262.67813     13.00000
    -1.13000 165238.27586 154005.64486 101441.94313     13.00000
    -1.11000 119059.51724 137437.00680  85759.18266     13.00000
    -1.09000 124143.66667 136243.09889  83589.43077     13.00000
    -1.07000 117601.65217 137011.30618 103514.23218     13.00000
    -1.05000 145970.00000 156590.15472 136703.26522     13.00000
    -1.03000 137581.11111 164585.24714 140396.14395     13.00000
    -1.01000 115536.87500 155840.71850 146014.52232     13.00000
    -0.99000 107311.60000 162268.10277 151962.39653     13.00000
    -0.97000  89893.63636 148277.77428 136810.48567     13.00000
    -0.95000  96057.50000 126519.38507  98089.22817     13.00000
    -0.93000  95941.30435 118603.79776  75898.83854     13.00000
    -0.91000 102354.35294 123675.06288  72129.64564     13.00000
    -0.89000  89339.33333 118829.82946  66945.75485     13.00000
    -0.87000  83561.45455 100464.35657  50057.54143     13.00000
    -0.85000  84570.47826  94368.07993  49036.13292     13.00000
    -0.83000  75521.94118  95935.49034  50461.90693     13.00000
    -0.81000  82202.25000 106420.15603  60302.22585     13.00000
    -0.79000 102589.00000 107561.44092  62987.14789     13.00000
    -0.77000  94539.73333 111869.61018  70964.17532     13.00000
    -0.75000 108794.27778 114760.32686  69147.97715     13.00000
    -0.73000 104931.00000 114323.55193  57585.32283     13.00000
    -0.71000 128905.22222 119522.91151  71187.38278     13.00000
    -0.69000 150306.00000 143822.21793  94743.67058     13.00000
    -0.67000 128589.73913 156178.79195 102016.22623     13.00000
    -0.65000 159587.22222 176065.28016 114852.28404     13.00000
    -0.63000 171325.00000 197209.49525 148914.96322     13.00000
    -0.61000 149120.41667 201368.62129 158789.05183     13.00000
    -0.59000 146303.75000 205024.95146 176487.11848     13.00000
    -0.57000 159467.14286 216854.41410 189049.41224     13.00000
    -0.55000 151630.71429 207357.02374 158964.71252     13.00000
    -0.53000 138716.38095 219181.13978 219207.85027     13.00000
    -0.51000 139983.12500 239563.98782 221899.33206     13.00000
    -0.49000 176205.00000 300012.68052 249817.33821     13.00000
    -0.47000 198898.18182 283990.15754 243056.59055     13.00000
    -0.45000 206839.65517 291954.49028 238768.83512     13.00000
    -0.43000 184613.79310 305574.15081 260277.94121     13.00000
    -0.41000 229971.85185 318424.24032 256792.42743     13.00000
    -0.39000 258889.20000 289382.94550 218961.04208     13.00000
    -0.37000 287477.00000 294136.87716 198469.81249     13.00000
    -0.35000 265795.60000 326179.18967 200479.85215     13.00000
    -0.33000 329176.15385 357059.46734 224167.81856     13.00000
    -0.31000 380280.58824 374589.43572 215587.79478     13.00000
    -0.29000 324082.22222 378507.14219 245310.45562     13.00000
    -0.27000 476499.09091 433980.90490 282306.01891     13.00000
    -0.25000 476124.16667 442722.13910 309005.67723     13.00000
    -0.23000 338079.00000 398212.82261 271846.18183     13.00000
    -0.21000 335473.52941 402965.42250 250714.54933     13.00000
    -0.19000 409225.33333 402019.00813 252634.61947     13.00000
    -0.17000 356535.00000 405093.46073 269871.15447     13.00000
    -0.15000 257156.36364 387705.18912 313355.81352     13.00000
    -0.13000 200982.72727 353685.59222 291371.00102     13.00000
    -0.11000 406818.88889 373394.43831 256014.21906     13.00000
    -0.09000 317208.84615 362949.69467 296318.23135     13.00000
    -0.07000 250040.41667 402443.26097 378110.63091     13.00000
    -0.05000 184834.58333 360772.61811 351384.44335     13.00000
    -0.03000 230785.38462 304222.59629 305297.00535     13.00000
    -0.01000 241297.50000 299945.74501 339934.99482     13.00000
     0.01000 181706.00000 274594.74751 282703.30450     13.00000
     0.03000 162174.21053 243453.52273 255599.40050     13.00000
     0.05000 118080.00000 234639.43507 264035.52049     13.00000
     0.07000 107533.55556 194080.36502 206251.04398     13.00000
     0.09000  76614.79167 170862.48246 186685.11452     13.00000
     0.11000  57361.43750 139370.75963 148008.89496     13.00000
     0.13000  84132.94118 132226.37655 161518.67792     13.00000
     0.15000 105448.64706 121927.88510 129178.17505     13.00000
     0.17000  83521.33333 119026.96482 139302.07561     13.00000
     0.19000  63751.43750 113902.30353 128099.31805     13.00000
     0.21000  27080.62963 103610.95666 127272.54855     13.00000
     0.23000  24778.11538 104496.12897 137714.99156     13.00000
     0.25000  28199.81818 109088.06113 145687.06631     13.00000
     0.27000  26909.78261 114299.30857 164168.75479     13.00000
     0.29000  38640.52000 110151.81146 168230.11771     13.00000
     0.31000  35530.82609 103454.28657 156921.77411     13.00000
     0.33000  36148.41667 101115.29441 149190.88648     13.00000
     0.35000  38547.15385 104480.00591 153904.85711     13.00000
     0.37000  55448.00000 112011.40355 173566.56403     13.00000
     0.39000  47014.93750 127586.54741 215319.18006     13.00000
     0.41000  50414.70588 131958.38618 227804.47693     13.00000
     0.43000  48305.15385 127412.55858 204749.92229     13.00000
     0.45000  36443.73077 132514.36698 219796.72032     13.00000
     0.47000  34858.72727 130823.09882 229349.90318     13.00000
     0.49000  45280.88462 133259.62185 220975.90984     13.00000
     0.51000  47738.41667 144326.35538 233186.74836     13.00000
     0.53000  68054.76923 147614.99889 214148.71731     13.00000
     0.55000  50404.96154 149780.23460 194446.25635     13.00000
     0.57000  57516.62500 139828.42750 168634.38015     13.00000
     0.59000  60862.45833 120487.86976 146447.14143     13.00000
     0.61000  52113.61538 122151.89052 163821.73999     13.00000
     0.63000  48969.29167 111537.71365 161725.15107     13.00000
     0.65000  48933.52174 116769.62230 162993.31334     13.00000
     0.67000  54432.70370  89972.64526  87099.99590     13.00000
     0.69000  55193.54545  80782.31022  63093.73166     13.00000
     0.71000  52493.20833  90371.52018  85781.15767     13.00000
     0.73000  50892.55556 110338.49737 135255.84731     13.00000
     0.75000  61291.58824 115386.11818 125098.48929     13.00000
     0.77000  56459.76471 100873.16713  95936.80916     13.00000
     0.79000  48384.72222 115552.32740 126352.90465     13.00000
     0.81000  50488.47059 103255.19598 119903.76179     13.00000
     0.83000  51765.94444 103056.41478 109414.52933     13.00000
     0.85000  49321.76471 104537.11185 100276.98544     13.00000
     0.87000  54205.07692 115766.18738 126445.90181     13.00000
     0.89000  62833.12000 116116.21928 125395.04619     13.00000
     0.91000  52746.30435  83579.62982  75218.45136     13.00000
     0.93000  48950.12500  76775.20687  67575.44013     13.00000
     0.95000  56681.58333  81519.33953  64105.59257     13.00000
     0.97000  84052.61111  77737.10746  56327.53154     13.00000
     0.99000 141937.50000 107070.33647  86597.81991     13.00000
     1.01000  65814.27273 107744.07497  98034.19461     13.00000
     1.03000  90185.12500 113830.78167  97971.66911     13.00000
     1.05000  74504.73913  93318.99897  78958.25995     13.00000
     1.07000  37087.18750  86569.21050  75534.49783     13.00000
     1.09000  56081.43333  91425.58571  85196.41531     13.00000
     1.11000  60316.27586  90738.19551  83798.38004     13.00000
     1.13000  60416.29412  94896.24157  82293.92952     13.00000
     1.15000  83440.05882 104597.33114  87311.42993     13.00000
     1.17000  79826.33333 106877.20285  95408.69948     13.00000
     1.19000  87675.94118 101597.05585  93784.67307     13.00000
     1.21000  89073.44444 107748.46074  93294.12549     13.00000
     1.23000  79644.58824 112282.97489 103871.04094     13.00000
     1.25000  58309.23529 142890.80743 157972.40453     13.00000
     1.27000  64782.77778 131075.35722 126379.09957     13.00000
     1.29000  65260.29412 108715.04352  98013.73891     13.00000
     1.31000  48980.30435 100698.20315  88865.49955     13.00000
     1.33000  74930.23529 105043.67737  82528.71051     13.00000
     1.35000  79506.17391 122561.33901 104995.84429     13.00000
     1.37000  93948.92000 137551.06911 138352.89596     13.00000
     1.39000  69097.81818 127701.43994 146924.10070     13.00000
     1.41000  83773.95833 137007.59198 164835.76752     13.00000
     1.43000 104357.70588 149692.99712 172420.64248     13.00000
     1.45000 120357.33333 146741.13943 159201.17940     13.00000
     1.47000  88411.58824 142642.96210 149364.39591     13.00000
     1.49000  78397.50000 139798.09265 161767.89180     13.00000
     1.51000  73178.56250 148940.92004 167206.32144     13.00000
     1.53000  65217.13333 152521.82895 179804.88706     13.00000
     1.55000 106217.00654 168892.93698 206848.48102     12.00000
     1.57000 118909.91176 163093.56125 197514.13934     12.00000
     1.59000 106975.64706 150296.15506 194388.38408     13.00000
     1.61000 101787.94118 152437.20160 201696.27129     13.00000
     1.63000 111720.35294 162145.47230 212279.42212     13.00000
     1.65000 122780.70588 166499.74990 211297.48398     13.00000
     1.67000  78411.62500 160003.07008 217119.44911     13.00000
     1.69000  96679.36000 157225.36353 199623.83977     13.00000
     1.71000  72670.50000 109697.63729  88388.13083     13.00000
     1.73000  80206.93750 108283.86256  93526.30009     13.00000
     1.75000  61756.41176  93230.25894  85931.64814     13.00000
     1.77000  61933.65385  96457.13964  88907.26594     13.00000
     1.79000 111370.96154  96885.05859  82768.02422     13.00000
     1.81000  73109.00000  92079.03722  87712.53779     13.00000
     1.83000  80235.62500  91900.45440  81976.46119     13.00000
     1.85000  59304.52941  91430.12850  84319.11764     13.00000
     1.87000  97724.77778  85994.78780  71342.08415     13.00000
     1.89000  89257.12500  80821.66927  64287.08527     13.00000
     1.91000  77599.81818  86493.22775  68162.90337     13.00000
     1.93000  71228.10000  88273.56000  70310.71934     13.00000
     1.95000  68475.33333  82969.31711  64870.84256     13.00000
     1.97000  56436.87500  81262.74054  66820.20146     13.00000
     1.99000  53026.27273  81859.85811  64106.30766     13.00000
     2.01000  72420.94737  88290.37436  69155.94994     12.00000
     2.03000  70406.74432  83330.36679  66473.36740     12.00000
     2.05000  72232.85000  82896.68445  60146.90015     11.00000
     2.07000  92114.35000  79392.03171  54372.83177     11.00000
     2.09000  91137.88462  84727.96800  62328.41577     11.00000
     2.11000  85754.05263 108567.37299  85838.79976     11.00000
     2.13000  90558.68421 168611.38184 193503.93282     11.00000
     2.15000  80959.35385 159880.50441 182999.16219     12.00000
     2.17000  80028.50000 160361.87498 174542.72925     13.00000
     2.19000  76866.11111 164413.25991 203954.55465     13.00000
     2.21000  84957.55000 179819.57984 211062.91545     13.00000
     2.23000 105182.35714 167155.31554 209395.06530     13.00000
     2.25000 120185.34483 156667.33800 183789.53205     13.00000
     2.27000 102779.18750 157969.99296 181869.92356     13.00000
     2.29000  89826.15385 147926.41436 155409.40212     13.00000
     2.31000  79894.93750 136192.25415 164837.39305     13.00000
     2.33000  75313.00000 138502.60846 153734.16376     13.00000
     2.35000  95557.92308 133099.42705 142812.67345     13.00000
     2.37000  92374.39130 152466.50442 163042.82818     13.00000
     2.39000  86106.72000 163582.96784 185976.29734     13.00000
     2.41000  64319.58333 156387.89001 164318.31173     13.00000
     2.43000  79574.44828 147264.42633 147455.54347     13.00000
     2.45000  63745.63636 150375.23494 158289.82287     13.00000
     2.47000  69232.37500 137458.09405 143470.97673     13.00000
     2.49000  56033.54545 146158.45134 173302.85261     13.00000
     2.51000  69814.55556 162374.87182 193498.15558     13.00000
     2.53000  58770.40000 156554.05427 188722.51998     13.00000
     2.55000  64039.91667 148274.41991 162264.55118     13.00000
     2.57000  71732.13793 133233.71454 129384.41997     13.00000
     2.59000  93367.44444 112631.59396  97411.06877     13.00000
     2.61000  83227.93103 106712.37849  87666.78998     13.00000
     2.63000  72018.50000 104332.85506  84592.20951     13.00000
     2.65000  78963.62069  94957.04699  70561.21930     13.00000
     2.67000  74968.37931  98475.76120  78848.43245     13.00000
     2.69000  77670.19231  97105.47843  75102.41454     13.00000
     2.71000  87597.36364  91545.90826  65371.82337     13.00000
     2.73000  79741.30000 126127.79974 148009.62466     13.00000
     2.75000  67091.94737 132301.85783 161190.92652     13.00000
     2.77000  74517.18182 130626.11485 160564.41910     13.00000
     2.79000  68919.70000 121941.94778 156718.22460     13.00000
     2.81000  52704.66667 116094.37211 159462.00839     13.00000
     2.83000  59747.21053 121009.75087 145677.70052     13.00000
     2.85000  80038.80000 134352.24463 144635.85173     13.00000
     2.87000  94882.33333 106407.46521  85259.90970     13.00000
     2.89000  63205.88462  97958.28420  80365.80329     13.00000
     2.91000  51842.50000  81304.07759  78109.02358     13.00000
     2.93000  51660.00000  82876.11977  74378.22911     13.00000
     2.95000  43875.44583  70542.38529  56917.05426     12.00000
     2.97000  41799.06897  89077.76506  83062.66246     13.00000
     2.99000  46096.52632  92208.35284  86543.29948     13.00000
     3.01000  40506.39130  99507.44643  92632.16077     13.00000
     3.03000  44659.63636 100215.89689  96373.47183     13.00000
     3.05000  41855.75000  99083.18837  96045.22884     13.00000
     3.07000  54074.12500 102277.46696  92869.59168     13.00000
     3.09000  55182.12500 104337.48495  98014.61645     13.00000
     3.11000  66159.95833 103655.59935  98457.74164     13.00000
     3.13000  59842.38889 106206.34630  96750.49264     13.00000
     3.15000  66945.00000 101565.40257  89869.73799     13.00000
     3.17000  58139.62500 105348.77690  96157.47690     13.00000
     3.19000  71349.86957 105297.50733  94178.69210     13.00000
     3.21000  63186.45833 109227.07641  96472.79529     13.00000
     3.23000  49768.86364  99609.04880  88556.03018     13.00000
     3.25000  59641.56522  92065.80672  80282.91873     13.00000
     3.27000  56743.56667  86817.58751  79382.95355     13.00000
     3.29000  43427.52941  87672.18871  89201.67730     13.00000
     3.31000  43646.62500  86757.10280  91143.45114     13.00000
     3.33000  38696.58824  89310.09050  98790.44017     13.00000
     3.35000  35789.80000  88376.11978  99795.19986     13.00000
     3.37000  34966.12500  86029.78650  90865.10869     13.00000
     3.39000  38154.60000  81969.47721  82059.91230     13.00000
     3.41000  39787.82353  81032.28150  83370.72751     13.00000
     3.43000  28487.56250  73360.49544  77330.60575     13.00000
     3.45000  35816.96000  65494.74642  62777.10588     13.00000
     3.47000  33616.65217  58936.46019  58582.50611     13.00000
     3.49000  31175.91667  57059.82646  53211.47834     13.00000
     3.51000  36246.00000  61804.90335  51621.56067     13.00000
     3.53000  35048.26087  57685.45091  51078.73838     13.00000
     3.55000  29289.50000  64889.80967  71927.07432     13.00000
     3.57000  35257.45833  69172.25806  66224.36904     13.00000
     3.59000  48124.63333  67870.04372  53448.58202     13.00000
     3.61000  35651.36842  67414.60810  55906.57780     13.00000
     3.63000  44055.03448  67207.35929  51945.26701     13.00000
     3.65000  46428.69231  66967.17409  54963.43776     13.00000
     3.67000  51311.32000  70744.83140  56732.55484     13.00000
     3.69000  54955.66667  76432.45803  60869.69683     13.00000
     3.71000  51264.65000  69954.12640  53192.57282     13.00000
     3.73000  48969.37500  66444.97481  46845.39630     13.00000
     3.75000  43744.66667  69013.07543  54846.58372     13.00000
     3.77000  48864.26667  70802.81008  59509.26470     13.00000
     3.79000  53908.15789  69368.35402  50835.90261     13.00000
     3.81000  42264.56250  68691.86384  53749.08001     13.00000
     3.83000  40611.20000  71025.37712  66941.20855     13.00000
     3.85000  50084.51724  74991.04906  65615.46364     13.00000
     3.87000  53125.47826  85860.71039  68443.56047     13.00000
     3.89000  51043.25000  75716.53128  61614.35556     13.00000
     3.91000  52491.16667  78593.45735  65256.91720     13.00000
     3.93000  59020.80000  80440.53605  66645.87910     13.00000
     3.95000  45711.66667  75487.85806  68297.57176     13.00000
     3.97000  50695.73333  74715.83900  66531.75050     13.00000
     3.99000  50904.54167  74431.96388  61165.55688     13.00000
     4.01000  60784.17241  78092.39735  69528.79222     13.00000
     4.03000  43771.95652  69436.40430  61763.31176     13.00000
     4.05000  41341.92000  70470.60090  63630.80826     13.00000
     4.07000  46662.83333  70192.72545  59629.78391     13.00000
     4.09000  39735.26923  70489.46540  56021.19336     13.00000
     4.11000  42922.53333  71040.97073  59201.73929     13.00000
     4.13000  52955.13333  71656.92478  48584.50373     13.00000
     4.15000  47958.55556  81670.06119  60072.22012     13.00000
     4.17000  47677.78571  79488.93142  62477.77507     13.00000
     4.19000  57982.46667  85819.10449  61461.15138     13.00000
     4.21000  67073.17241  86078.46347  55692.91050     13.00000
     4.23000  72886.30000  92619.29762  53013.51877     13.00000
     4.25000  75445.58621  93216.83929  50879.43024     13.00000
     4.27000  83688.35714  87417.47869  50099.28977     13.00000
     4.29000  80995.31250  90971.15015  55175.93839     13.00000
     4.31000  98199.96429  96150.42030  51193.38494     13.00000
     4.33000  87246.60000  94493.14930  53298.34297     13.00000
     4.35000  77264.92857  86950.39203  54786.64641     13.00000
     4.37000  68772.37500  88738.11403  54663.96094     13.00000
     4.39000  58559.88235  92516.57464  58215.51567     13.00000
     4.41000  57456.52941  96585.33321  65820.41594     13.00000
     4.43000  58229.23529  95624.41429  69142.42997     13.00000
     4.45000  52226.27778  89901.46130  67259.92269     13.00000
     4.47000  51592.33333  89960.07047  67669.12755     13.00000
     4.49000  48444.05556  89291.03968  68770.62482     13.00000
     4.51000  62055.87500  94930.31497  70871.30298     13.00000
     4.53000  57337.88235  97555.25168  73175.39499     13.00000
     4.55000  62842.97556 102889.11131  77845.94819     12.00000
     4.57000  71443.13445 104576.98616  80544.81763     12.00000
     4.59000  70836.43333 104367.26726  91758.00131     12.00000
     4.61000  67876.95294 101486.66155  84990.36639     12.00000
     4.63000  72018.46181 100275.30053  82008.86646     12.00000
     4.65000  74434.42227 103434.41767  84759.49579     12.00000
     4.67000  73411.45588 105932.78384  89946.77363     12.00000
     4.69000  92319.84161 117187.49231  85878.11943     12.00000
     4.71000  86083.57500 114891.67305  80940.61319     12.00000
     4.73000  80496.59028 113922.43217  84790.14886     12.00000
     4.75000 100907.82353 128164.99098 102599.86115     12.00000
     4.77000  99380.27778 123579.98257  98031.20837     12.00000
     4.79000  99482.57083 130285.23398 109278.04017     12.00000
     4.81000  91866.11174 123858.02725 113716.43440     12.00000
     4.83000  99924.94048 122445.75618  98092.45859     12.00000
     4.85000  99012.84167 118515.31616  82304.89805     12.00000
     4.87000 105308.57386 127361.03464  87545.84531     12.00000
     4.89000 111081.48913 126834.59202  99883.27583     12.00000
     4.91000  94578.32609 126436.64129  87507.55022     12.00000
     4.93000 103098.86932 126966.95809  88306.48593     12.00000
     4.95000 104905.20889 122857.52228  85770.70996     12.00000
     4.97000  87113.93506 126486.66890  90059.13034     12.00000
     4.99000  90857.93333 131050.90351  94718.32550     12.00000
