    -1.99000  70042.25882  65087.97632  32340.53829     16.00000
    -1.97000  66865.90150  68602.32245  42667.09658     16.00000
    -1.95000  61006.78541  63619.17914  38610.21568     16.00000
    -1.93000  48451.41951  64900.02168  42662.01902     16.00000
    -1.91000  57060.59740  64371.00305  39493.26109     16.00000
    -1.89000  56215.48532  60977.08439  34819.00907     16.00000
    -1.87000  59997.13039  64765.71373  37051.84532     16.00000
    -1.85000  66480.42857  66944.35672  37067.04592     15.00000
    -1.83000  79259.83333  67141.33043  37476.89269     14.00000
    -1.81000  69862.28571  63790.85477  34114.20580     14.00000
    -1.79000  68055.25000  63872.35440  28406.60533     15.00000
    -1.77000  67480.00000  67117.78047  29317.79000     15.00000
    -1.75000  69956.09091  63380.06024  29176.47497     15.00000
    -1.73000  57297.60513  61700.34602  29819.87841     16.00000
    -1.71000  57447.86672  64542.75508  32031.99828     16.00000
    -1.69000  62770.28016  73120.03506  44537.77705     16.00000
    -1.67000  62565.82765  74265.37775  54602.18400     16.00000
    -1.65000  68547.61667  77794.93935  62973.27853     16.00000
    -1.63000  62261.96667  78937.43779  63690.66826     16.00000
    -1.61000  59344.80435  78585.48271  64037.24819     15.00000
    -1.59000  60197.75000  74660.04461  54683.28623     15.00000
    -1.57000  54740.78571  73097.63331  52208.09431     15.00000
    -1.55000  61438.17241  75785.05315  46459.36269     15.00000
    -1.53000  63081.16585  73708.95786  40881.94187     16.00000
    -1.51000  58642.85511  71635.72585  41321.95701     16.00000
    -1.49000  53646.61667  70887.28564  43901.96994     16.00000
    -1.47000  55698.80000  73068.91441  44402.64288     16.00000
    -1.45000  54024.82778  69098.27680  41147.52920     16.00000
    -1.43000  53913.75000  66699.92185  41384.32208     15.00000
    -1.41000  49327.40909  68523.15192  43953.65382     15.00000
    -1.39000  57932.04878  72256.04211  46059.27858     15.00000
    -1.37000  49111.27273  75798.56554  48783.41556     15.00000
    -1.35000  63174.42500  79758.67442  48358.89831     15.00000
    -1.33000  77667.55172  79138.68027  47717.51996     15.00000
    -1.31000  67780.94444  80987.74752  46680.23135     15.00000
    -1.29000  69820.40000  81092.82113  44099.28718     15.00000
    -1.27000  79993.92593  82800.72278  43619.56896     15.00000
    -1.25000  76839.70833  79099.06613  43801.92557     15.00000
    -1.23000  66808.41379  78092.78601  41524.74910     15.00000
    -1.21000  74183.03571  74501.66778  36922.15642     15.00000
    -1.19000  77440.03571  76870.92170  42673.22064     15.00000
    -1.17000  59813.75862  70245.95226  44148.52573     15.00000
    -1.15000  55982.27143  73652.21227  43774.21111     14.00000
    -1.13000  59302.20881  75667.43915  36781.92591     14.00000
    -1.11000  60669.17768  74517.53188  31818.96301     14.00000
    -1.09000  74492.35714  76504.82855  34588.43446     13.00000
    -1.07000  62739.51724  71276.74685  35215.72961     13.00000
    -1.05000  73951.78049  72544.10738  34340.28559     13.00000
    -1.03000  71800.78947  71337.13444  34082.80965     13.00000
    -1.01000  77960.46341  71147.98705  32587.82844     13.00000
    -0.99000  71290.33333  69520.66414  33626.78566     13.00000
    -0.97000  80911.37778  75917.29345  45326.45575     13.00000
    -0.95000  71870.16667  87424.52869  63379.35414     13.00000
    -0.93000  77700.83333  89294.96499  64128.27704     13.00000
    -0.91000  86547.65517  89999.05758  50183.10207     13.00000
    -0.89000  72197.13575  88015.87802  59089.09074     14.00000
    -0.87000  69516.72126  90731.41431  84439.06819     14.00000
    -0.85000  62659.75862  93672.74455  89179.35700     15.00000
    -0.83000  70164.51351 104607.77725  95839.03401     15.00000
    -0.81000  74191.31117 108026.32773  98509.34503     14.00000
    -0.79000  67667.88123  93397.09540  86784.67043     14.00000
    -0.77000  69460.90488  89381.66646  81069.54963     14.00000
    -0.75000  57566.29808 100668.45162  90193.31224     14.00000
    -0.73000  55287.80917  94224.84682  83013.74712     14.00000
    -0.71000  59080.65556  78089.92217  56920.74652     14.00000
    -0.69000  61755.08140  77553.42205  52469.27678     14.00000
    -0.67000  67895.84630  76349.15833  48136.00830     14.00000
    -0.65000  57454.15517  72495.18675  47034.56126     14.00000
    -0.63000  61424.54720  75890.00589  53036.47329     14.00000
    -0.61000  69548.46368  75690.96463  39535.09128     14.00000
    -0.59000  66508.64777  73752.25339  43957.68745     14.00000
    -0.57000  59826.53067  74318.00493  52312.13915     16.00000
    -0.55000  61081.13324  77638.06262  51528.48024     16.00000
    -0.53000  70580.94995  90086.55406  69832.67538     16.00000
    -0.51000  59632.73946  83844.58170  69008.98189     16.00000
    -0.49000  53937.93649  79658.25964  59616.24153     16.00000
    -0.47000  74315.42879  79615.86356  62150.50149     16.00000
    -0.45000  72810.14103  77269.19551  62552.83170     16.00000
    -0.43000  81732.97692  77990.43393  57891.14805     16.00000
    -0.41000  71879.74476  79518.10583  58080.00103     16.00000
    -0.39000  84057.99402  79095.84006  51885.16267     16.00000
    -0.37000  76206.03977  75637.61854  48518.06068     16.00000
    -0.35000  76190.18506  80461.65784  50685.74984     16.00000
    -0.33000  85586.27083  79570.69607  48194.51912     16.00000
    -0.31000  72473.92685  74771.16173  42091.46524     16.00000
    -0.29000  56051.51190  63272.06555  31390.01097     16.00000
    -0.27000  55128.98084  66706.33048  40536.56063     16.00000
    -0.25000  68204.87377  70466.87952  43563.32931     16.00000
    -0.23000  66010.14943  65719.11000  44427.89249     16.00000
    -0.21000  58887.94093  59395.01132  33889.53378     16.00000
    -0.19000  49922.43603  58058.78603  31973.15144     16.00000
    -0.17000  48123.92857  54575.21625  33657.39526     16.00000
    -0.15000  51132.18406  56349.09825  35626.63716     16.00000
    -0.13000  45149.32658  55528.80645  36637.07300     16.00000
    -0.11000  48810.36308  59175.79012  40168.51261     16.00000
    -0.09000  45078.48084  60660.37136  42006.22371     16.00000
    -0.07000  45981.57630  65271.42287  46241.36218     16.00000
    -0.05000  46036.08598  57796.72144  36785.42004     16.00000
    -0.03000  42918.06481  54152.14819  37087.89181     16.00000
    -0.01000  52242.97339  57800.75253  37970.08873     16.00000
     0.01000  48634.28409  54438.97767  38515.54685     16.00000
     0.03000  32833.21693  46631.37189  36774.94267     16.00000
     0.05000  23617.64773  39169.07314  33758.95126     16.00000
     0.07000  28556.83378  36644.16461  29478.01127     16.00000
     0.09000  22669.41364  33991.61080  25746.33091     16.00000
     0.11000  29232.81609  35786.01445  23152.31612     16.00000
     0.13000  24715.57593  30536.60526  19850.66157     16.00000
     0.15000  22120.09947  32146.30633  24434.96407     16.00000
     0.17000  20870.73611  29026.79337  26141.42741     16.00000
     0.19000  21484.37083  26733.31434  22470.91361     16.00000
     0.21000  21527.17053  28001.96194  18979.65254     16.00000
     0.23000  22454.05109  31884.30464  25994.54506     16.00000
     0.25000  26206.16403  31062.28940  22302.70934     16.00000
     0.27000  25637.84420  30110.72255  19077.23037     16.00000
     0.29000  24089.94167  28652.72442  20269.65162     16.00000
     0.31000  19844.78792  26496.33168  16868.52013     16.00000
     0.33000  18249.09606  25727.98182  19314.08716     16.00000
     0.35000  17444.71131  23916.46150  14236.46024     16.00000
     0.37000  21960.62000  23497.58174  14956.84968     16.00000
     0.39000  20929.13690  22687.42113  13099.48428     16.00000
     0.41000  24313.97922  23964.45764  13316.78772     16.00000
     0.43000  23656.26820  23743.47120  12511.65410     16.00000
     0.45000  17452.58867  24511.61493  16819.46277     16.00000
     0.47000  19088.21250  21322.10180  12436.42669     16.00000
     0.49000  16574.05862  19932.82312  12061.61446     16.00000
     0.51000  15763.03383  20464.76383  14133.87039     16.00000
     0.53000  16782.69792  21328.90400  13152.96712     16.00000
     0.55000  17114.73052  20586.67467  11636.20031     16.00000
     0.57000  16268.64123  20048.90709  10813.69894     16.00000
     0.59000  17209.79912  20268.68548  10722.67209     16.00000
     0.61000  16841.70580  19352.50811  10759.92476     16.00000
     0.63000  17745.96866  20159.73511  11976.43440     16.00000
     0.65000  16415.57155  18454.81994  10798.40404     16.00000
     0.67000  16496.73357  20297.32061  14343.95253     16.00000
     0.69000  18982.05853  21627.54019  13930.61830     16.00000
     0.71000  15704.95510  20862.79914  14711.79331     16.00000
     0.73000  14852.05403  21876.53063  16824.66231     16.00000
     0.75000  16761.50407  20794.96549  14627.35104     16.00000
     0.77000  16177.91588  19597.85989  14629.32948     16.00000
     0.79000  17297.26336  19422.23142  13781.04583     16.00000
     0.81000  17979.96784  20121.65572  13976.41451     16.00000
     0.83000  14142.55208  18855.32967  13777.01769     16.00000
     0.85000  15078.35132  19571.60550  14220.98485     16.00000
     0.87000  15791.20327  20976.14270  14715.95050     16.00000
     0.89000  20640.67037  24386.79411  16020.45825     16.00000
     0.91000  21179.04519  25796.17353  16605.67810     16.00000
     0.93000  22262.50000  25846.31447  17426.69789     15.00000
     0.95000  25399.48276  28512.87782  18214.76306     15.00000
     0.97000  33170.21462  34332.58076  19344.72212     16.00000
     0.99000  33084.35880  39004.11015  25310.78528     16.00000
     1.01000  31045.63782  39664.44273  24814.29716     16.00000
     1.03000  40630.83852  45871.35401  29348.43169     16.00000
     1.05000  45584.02534  47262.14651  24906.91274     16.00000
     1.07000  54498.07275  52531.04694  28035.41584     16.00000
     1.09000  54432.87406  52677.26664  29098.85293     16.00000
     1.11000  40780.53707  54793.24218  37733.15580     16.00000
     1.13000  39543.24231  55945.84975  35645.71285     16.00000
     1.15000  43501.63452  58231.03950  45549.42697     16.00000
     1.17000  40291.14623  61266.64840  56627.99624     16.00000
     1.19000  38238.57407  60308.69512  58426.52690     16.00000
     1.21000  46977.81109  61208.05447  53259.97159     16.00000
     1.23000  45617.46667  63018.27200  54947.78489     15.00000
     1.25000  47783.53333  64441.47340  55582.34820     15.00000
     1.27000  45192.62069  68622.78364  61475.89424     15.00000
     1.29000  41444.37500  67286.20489  60176.25829     15.00000
     1.31000  41661.53333  70806.11798  62872.87971     15.00000
     1.33000  44283.56818  77146.76794  72904.91783     15.00000
     1.35000  63589.07143  84311.96899  75703.10879     15.00000
     1.37000  55722.00000  83880.37390  81451.28517     15.00000
     1.39000  51859.31073  82660.81935  77204.47207     14.00000
     1.41000  45807.10526  81813.28896  82593.74122     14.00000
     1.43000  37724.89768  80293.00736  81510.46728     14.00000
     1.45000  37888.46429  83242.85824  91445.51383     14.00000
     1.47000  34993.75325  83438.80181  92065.86078     14.00000
     1.49000  32925.69298  78993.75430  82876.76023     14.00000
     1.51000  33266.96071  74962.84134  77861.78987     14.00000
     1.53000  34103.94302  70666.95176  73155.75075     14.00000
     1.55000  44978.70663  75067.89103  73602.82790     14.00000
     1.57000  47772.43333  74783.21532  65734.56737     14.00000
     1.59000  47632.18333  72243.39243  60867.97068     14.00000
     1.61000  51306.56818  67548.27793  55620.39664     14.00000
     1.63000  51378.38142  68417.84759  50347.70856     14.00000
     1.65000  70253.69907  77745.75423  49924.54619     14.00000
     1.67000  52817.62340  69226.41784  46127.84431     14.00000
     1.69000  54878.87912  67933.34153  40673.10116     14.00000
     1.71000  65425.66296  79701.72517  51143.81354     14.00000
     1.73000  65827.20833  79784.39224  51994.09702     14.00000
     1.75000  64468.78409  76703.71702  52443.16691     14.00000
     1.77000  74768.99074  78567.05476  52387.86877     14.00000
     1.79000  71131.01136  80731.94911  56354.39316     14.00000
     1.81000  79122.09091  76703.02770  53831.30534     15.00000
     1.83000  65763.39899  77658.15089  61943.55322     16.00000
     1.85000  75577.57143  83367.31299  67188.33109     15.00000
     1.87000  64539.10811  81433.71825  68855.33128     15.00000
     1.89000  63161.95238  75016.44844  61816.96330     15.00000
     1.91000  61702.81818  76044.44345  64755.43691     15.00000
     1.93000  60654.07692  76344.90354  61445.32150     15.00000
     1.95000  64821.75000  69462.61429  55321.38366     16.00000
     1.97000  57584.43356  68308.14280  54775.22219     16.00000
     1.99000  57834.22407  62344.26139  50021.63308     16.00000
     2.01000  54720.65426  62549.38245  48347.72072     16.00000
     2.03000  53896.43515  67037.52388  54055.24184     16.00000
     2.05000  48112.56548  67844.97606  56097.47206     16.00000
     2.07000  53752.07071  70295.43375  57710.16218     16.00000
     2.09000  40222.34286  70608.72268  63917.11542     16.00000
     2.11000  59508.51243  73254.32081  62695.21231     16.00000
     2.13000  65318.15789  76546.30849  61763.83616     16.00000
     2.15000  52283.58523  76879.68769  66575.57094     16.00000
     2.17000  51206.00741  77881.88839  66356.52411     16.00000
     2.19000  43099.88702  72402.02364  63001.57241     16.00000
     2.21000  44688.24423  64416.72440  54866.50486     16.00000
     2.23000  51665.31676  60025.99758  51327.99092     16.00000
     2.25000  49376.39703  62713.24291  51671.52154     16.00000
     2.27000  57894.50513  67847.09916  55889.35555     16.00000
     2.29000  56061.34962  68582.99002  59567.34028     16.00000
     2.31000  49932.84091  67043.83222  60521.36073     16.00000
     2.33000  39023.69545  62434.70811  56892.26961     16.00000
     2.35000  52834.08362  65762.07886  53187.31593     16.00000
     2.37000  49801.10470  72112.10296  58337.01278     16.00000
     2.39000  49240.94907  71313.97097  64240.25170     16.00000
     2.41000  63076.06278  71262.25974  61729.51986     16.00000
     2.43000  59307.01504  73327.48290  67276.60453     16.00000
     2.45000  51226.73077  71870.38733  65989.01613     16.00000
     2.47000  58540.94932  75418.47487  67146.20712     16.00000
     2.49000  58830.85453  79407.42229  69789.23204     16.00000
     2.51000  61982.46131  80877.18443  65835.58708     16.00000
     2.53000  47661.30745  74280.96423  66111.62279     16.00000
     2.55000  50122.46507  77484.21853  71216.80888     16.00000
     2.57000  52414.98130  76432.09836  73348.44489     16.00000
     2.59000  55575.53668  74251.47565  71095.05584     16.00000
     2.61000  58817.37201  74380.09855  70116.51195     16.00000
     2.63000  56749.98661  71746.04984  58915.57602     16.00000
     2.65000  58882.99080  68230.85164  58571.04024     16.00000
     2.67000  60596.03571  71651.56847  60409.29484     15.00000
     2.69000  58262.90883  71652.84452  61469.08488     16.00000
     2.71000  62421.47554  78768.66727  68331.80822     16.00000
     2.73000  65579.33636  82832.06674  75267.42197     16.00000
     2.75000  59554.12963  93283.12282 107336.27551     16.00000
     2.77000  58277.65476  89480.34836 107559.13816     16.00000
     2.79000  61300.75000 102384.06461 122547.49721     15.00000
     2.81000  62711.00000  97880.15410 110546.89612     15.00000
     2.83000  64397.87500  92900.77463 103475.77424     15.00000
     2.85000  54268.75824  88502.83141 104511.91099     14.00000
     2.87000  68328.38077  87795.57321  89282.31688     14.00000
     2.89000  73575.65862  88406.71382  90092.28682     14.00000
     2.91000  66870.43846  88198.36747  85712.47990     14.00000
     2.93000  63945.73077  80197.74726  76035.54245     15.00000
     2.95000  61766.37500  82285.85814  79982.10630     15.00000
     2.97000  63658.80000  81135.62537  74595.90834     15.00000
     2.99000  57222.19231  76528.80347  66090.78170     15.00000
     3.01000  53992.07692  79822.79000  68035.43563     15.00000
     3.03000  51376.43750  79697.54620  72545.63033     15.00000
     3.05000  59098.93333  85864.53741  68246.39430     15.00000
     3.07000  58948.88462  88855.71307  65493.46482     15.00000
     3.09000  62503.70833  82542.37124  53346.19737     15.00000
     3.11000  64691.29630  79306.76781  49933.11845     15.00000
     3.13000  72019.76923  82196.35704  50407.04856     14.00000
     3.15000  72898.68350  82825.86820  54698.02761     14.00000
     3.17000  70623.64872  84017.56809  46472.89780     14.00000
     3.19000  80431.86207  88748.46806  58943.95293     15.00000
     3.21000  72635.13793  86234.97753  58220.18428     15.00000
     3.23000  74454.93333  86628.04867  54638.01231     15.00000
     3.25000  75563.40741  81402.69103  58332.35152     15.00000
     3.27000  79314.42146  92598.35687  63340.89536     14.00000
     3.29000  70813.24048  99300.99558  76604.97564     14.00000
     3.31000  67559.55556  93856.65369  74679.05684     15.00000
     3.33000  75638.80000  93152.08278  70490.63999     15.00000
     3.35000  64252.46429  89975.13821  67280.29472     15.00000
     3.37000  64411.41379  87404.09669  61112.99835     15.00000
     3.39000  58589.08889  88145.75226  61767.01628     15.00000
     3.41000  63672.07143  83486.13680  60371.63944     15.00000
     3.43000  70201.82759  89326.22338  64375.70547     15.00000
     3.45000  77559.51852 102701.17784  68205.83337     15.00000
     3.47000  99731.69231 107397.40786  67403.71404     15.00000
     3.49000  83618.25926 105371.24188  62873.68753     15.00000
     3.51000 106551.44444 105931.34576  61404.96348     15.00000
     3.53000  94302.34615 102541.22959  62432.16053     15.00000
     3.55000  85301.92857  92587.74002  62376.39023     15.00000
     3.57000  95806.78571 104801.05557  79498.43559     15.00000
     3.59000  85117.66667 112454.41068  97092.41978     15.00000
     3.61000  83312.88889 113683.85102  98688.32899     15.00000
     3.63000  83034.65854 107864.10829  96089.61250     15.00000
     3.65000  96344.00000 120951.29313 101368.59485     15.00000
     3.67000  74238.00000 115517.66939  95868.64003     15.00000
     3.69000  88304.37500 112352.88220  98765.35693     15.00000
     3.71000  83115.26667 109087.24934  94700.55267     15.00000
     3.73000  86949.75862 109740.05094  91161.11627     15.00000
     3.75000  87890.66667 113078.66516  95932.51440     15.00000
     3.77000  94733.53333 117187.72622  97639.18320     15.00000
     3.79000  89263.60000 117333.45671  94419.82015     15.00000
     3.81000  98782.60000 113654.80074  87396.40447     15.00000
     3.83000  80027.36724 106129.20160  80350.33838     16.00000
     3.85000  72288.76378  98504.97510  75492.88022     16.00000
     3.87000  70608.47500  91095.90879  63079.34807     16.00000
     3.89000  69189.45733  91650.30011  66684.87507     16.00000
     3.91000  74140.56260  93595.12197  62521.21997     16.00000
     3.93000  78836.03446  95855.60062  58048.93674     16.00000
     3.95000  79685.95000  95385.36223  59304.78694     16.00000
     3.97000  62724.58889  97664.95563  68377.57296     16.00000
     3.99000  64182.12685  98261.02374  72832.03226     16.00000
     4.01000  75446.48018  99556.13811  72511.47986     16.00000
     4.03000  66388.33590 106052.74283  83363.85630     16.00000
     4.05000  64658.54784 103022.15124  83580.66666     16.00000
     4.07000  77769.75000 110952.95372  83185.58466     15.00000
     4.09000  92060.57143 120991.98365  91193.75472     15.00000
     4.11000  82142.85185 121510.95957  90905.36613     15.00000
     4.13000  61305.67500 119746.99887  93476.24533     15.00000
     4.15000  71952.90244 118776.58558  96208.56782     15.00000
     4.17000  62764.10000 114954.73836  95065.08547     15.00000
     4.19000  77944.41574 114170.59377  90128.06490     16.00000
     4.21000  61436.64422 111324.20959  92524.93656     16.00000
     4.23000  59653.91026 111679.29560  96446.88006     16.00000
     4.25000  54607.21250 109953.51586  97231.76470     16.00000
     4.27000  57082.51400 112115.30725 103730.57850     16.00000
     4.29000  53149.19658 110159.51388 104955.36967     16.00000
     4.31000  56277.22280 108440.73338  99678.48187     16.00000
     4.33000  62081.80385 105177.47729  91118.11782     16.00000
     4.35000  58337.10256 104812.15454  92539.32916     16.00000
     4.37000  56365.72608 106363.70115  96838.53098     16.00000
     4.39000  74790.93956 111787.64567  97426.07483     16.00000
     4.41000  76753.24103 120210.67886 102249.02311     16.00000
     4.43000  68480.68519 119375.44328 101970.66711     16.00000
     4.45000  72354.72940 119100.23223 101295.92403     16.00000
     4.47000  74779.74313 120079.53676 105780.03019     16.00000
     4.49000  73132.28205 110999.57601  93496.53251     16.00000
     4.51000  68021.17133 118681.15150  98764.86824     16.00000
     4.53000  67502.48148 126982.05531 104290.99652     15.00000
     4.55000  71031.21429 124644.20480 101799.25105     15.00000
     4.57000  81083.74074 121770.54055 108323.16952     15.00000
     4.59000  79817.25926 120576.36659 109935.97581     15.00000
     4.61000  80145.17857 114928.40410 101232.15696     15.00000
     4.63000  62369.46429 120734.37569 116073.19445     15.00000
     4.65000  96025.23737 128281.35965 112362.38225     14.00000
     4.67000  83780.39914 128291.86040 117262.13151     14.00000
     4.69000  87748.42679 131475.57372 122275.24342     14.00000
     4.71000 100697.12152 129271.20572 119335.25835     14.00000
     4.73000  93321.11250 125488.50181 115646.33149     14.00000
     4.75000  96495.51918 127352.69752 115483.82313     14.00000
     4.77000  86537.73016 126162.13232 113117.67689     14.00000
     4.79000  91616.11640 128431.94186 121949.68266     14.00000
     4.81000  88503.94545 125987.30613 117329.84185     14.00000
     4.83000  85138.55671 117436.41853 105223.43785     14.00000
     4.85000  92007.79894 120104.99612 104282.28601     14.00000
     4.87000  84674.01875 121746.96411 104599.76713     14.00000
     4.89000 113557.27083 140167.76624 107242.60194     14.00000
     4.91000  90327.96528 143320.41257 133244.52078     14.00000
     4.93000  83072.84066 137460.10201 128283.61248     14.00000
     4.95000  95337.21906 133492.54215 118906.32487     14.00000
     4.97000  94068.71741 132808.25644 118431.92610     14.00000
     4.99000  82401.12222 126012.49672 112703.80948     14.00000
