    -1.99000      7.59220      8.73055      4.39729     13.00000
    -1.97000      6.78227      8.56187      4.48112     13.00000
    -1.95000      7.09129      8.17084      4.20201     13.00000
    -1.93000      7.13973      7.90729      4.40012     13.00000
    -1.91000      6.85280      8.06175      4.32277     13.00000
    -1.89000      6.15793      8.04522      4.28310     13.00000
    -1.87000      6.43784      7.95192      4.20354     13.00000
    -1.85000      5.96904      8.04886      4.43705     13.00000
    -1.83000      6.14908      7.82756      4.26640     13.00000
    -1.81000      6.21631      7.66268      4.11034     13.00000
    -1.79000      6.69231      7.68096      3.95268     13.00000
    -1.77000      6.67096      7.72101      3.99036     13.00000
    -1.75000      6.58673      8.03909      4.14776     13.00000
    -1.73000      6.54685      8.09614      4.37817     13.00000
    -1.71000      6.28200      7.92636      4.39953     13.00000
    -1.69000      6.20385      7.78450      4.01555     13.00000
    -1.67000      6.01915      7.67151      4.05867     13.00000
    -1.65000      6.27512      7.49460      3.81241     13.00000
    -1.63000      6.07158      7.61935      3.53735     13.00000
    -1.61000      6.87318      7.88186      3.26445     13.00000
    -1.59000      7.47214      8.69906      4.57400     13.00000
    -1.57000      7.40896      8.33050      3.77232     13.00000
    -1.55000      7.21559      8.62062      4.60641     13.00000
    -1.53000      6.84413      8.42131      4.07626     13.00000
    -1.51000      6.76255      8.55427      4.55806     13.00000
    -1.49000      6.14340      8.33515      4.74287     13.00000
    -1.47000      6.11243      8.21641      4.60687     13.00000
    -1.45000      6.19180      8.11145      4.78196     13.00000
    -1.43000      6.39724      8.30129      4.63260     13.00000
    -1.41000      6.57116      8.29552      4.27595     13.00000
    -1.39000      6.69200      8.34424      3.95128     13.00000
    -1.37000      6.69444      8.40035      3.88425     13.00000
    -1.35000      7.17333      8.27952      3.53645     13.00000
    -1.33000      7.14526      8.23439      3.32874     13.00000
    -1.31000      7.14672      8.25245      3.18841     13.00000
    -1.29000      7.73556      7.91632      2.74722     13.00000
    -1.27000      7.60187      7.86092      2.86959     13.00000
    -1.25000      6.74583      7.58325      3.06198     13.00000
    -1.23000      7.21415      7.70484      3.21259     13.00000
    -1.21000      7.09930      7.95611      4.22386     13.00000
    -1.19000      6.59562      7.71685      3.95389     13.00000
    -1.17000      6.80262      7.97984      3.66112     13.00000
    -1.15000      6.49264      7.76678      3.04092     13.00000
    -1.13000      6.23970      7.35880      2.41623     13.00000
    -1.11000      7.27942      7.95594      3.88520     13.00000
    -1.09000      7.68731      8.52964      4.76251     13.00000
    -1.07000      7.51052      8.93018      5.15960     13.00000
    -1.05000      7.58396      8.99819      5.15479     13.00000
    -1.03000      7.53104      8.48615      4.45600     13.00000
    -1.01000      7.73846      8.14174      4.23648     13.00000
    -0.99000      7.88765      8.90787      5.02235     13.00000
    -0.97000      8.23988      8.76196      4.84629     13.00000
    -0.95000      7.90419      8.22793      4.52208     13.00000
    -0.93000      7.66917      8.25923      4.52585     13.00000
    -0.91000      7.78700      9.14466      5.70687     13.00000
    -0.89000      6.43683      9.36273      6.47327     13.00000
    -0.87000      6.89622      9.17791      6.11822     13.00000
    -0.85000      6.74994      9.38752      6.50842     13.00000
    -0.83000      6.79020      9.95999      7.27847     13.00000
    -0.81000      6.56172     10.00797      6.88593     13.00000
    -0.79000      8.50922      9.67264      6.26485     13.00000
    -0.77000      9.13039      9.16603      5.44920     13.00000
    -0.75000      9.28719      9.28403      5.49102     13.00000
    -0.73000      8.63276      9.28171      5.44004     13.00000
    -0.71000      9.46417      9.37376      5.03363     13.00000
    -0.69000      9.13828     10.46502      6.02527     13.00000
    -0.67000      9.27398     10.93098      6.81314     13.00000
    -0.65000      8.93504     11.23844      7.67117     13.00000
    -0.63000      8.89033     10.95389      7.41457     13.00000
    -0.61000      9.04180     11.28109      7.38143     13.00000
    -0.59000     10.77071     11.67315      6.88584     13.00000
    -0.57000      9.61839     11.96830      6.99129     13.00000
    -0.55000     10.31500     11.87433      6.65270     13.00000
    -0.53000      9.58722     11.23977      6.62982     13.00000
    -0.51000      9.61032     11.06297      6.25576     13.00000
    -0.49000     10.21571     11.36970      6.83961     13.00000
    -0.47000     11.28936     11.46216      6.69121     13.00000
    -0.45000     11.00986     11.24299      5.84991     13.00000
    -0.43000     11.38777     11.40721      4.65964     13.00000
    -0.41000     11.79435     12.63693      5.87714     13.00000
    -0.39000     11.88405     13.00738      6.77366     13.00000
    -0.37000     12.19883     13.24499      6.60128     13.00000
    -0.35000     13.62962     13.38849      5.99106     13.00000
    -0.33000     15.55425     13.89462      5.70514     13.00000
    -0.31000     14.93008     12.67397      5.12321     13.00000
    -0.29000     13.86357     12.73344      5.53306     13.00000
    -0.27000     13.72960     12.00305      4.76261     13.00000
    -0.25000     13.85235     12.07682      4.49297     13.00000
    -0.23000     12.68200     12.35620      4.59360     13.00000
    -0.21000     13.47675     12.48095      4.93722     13.00000
    -0.19000     11.52962     12.06490      5.00268     13.00000
    -0.17000     12.64115     12.30078      5.48026     13.00000
    -0.15000     12.11569     12.13181      5.31605     13.00000
    -0.13000     13.18961     12.09418      5.02742     13.00000
    -0.11000     11.79355     11.81015      4.45579     13.00000
    -0.09000     10.95916     11.42268      3.51446     13.00000
    -0.07000     12.18073     11.73855      3.52862     13.00000
    -0.05000     12.11600     11.94176      3.55325     13.00000
    -0.03000     11.57380     11.15332      3.32345     13.00000
    -0.01000     11.74575     11.41845      3.22432     13.00000
     0.01000     11.67025     11.44134      3.19138     13.00000
     0.03000     12.42743     11.58454      3.39009     13.00000
     0.05000     12.17296     11.01399      3.19075     13.00000
     0.07000     12.88643     11.67032      3.04394     13.00000
     0.09000     11.83800     12.04490      3.07139     13.00000
     0.11000     11.59996     11.80111      2.54756     13.00000
     0.13000     12.22104     11.86197      2.98784     13.00000
     0.15000     12.13124     11.89196      3.19031     13.00000
     0.17000     12.36708     12.14892      3.31357     13.00000
     0.19000     12.29879     12.18729      3.61488     13.00000
     0.21000     12.14585     12.15391      3.59543     13.00000
     0.23000     11.85712     12.09250      3.58724     13.00000
     0.25000     11.65168     12.22982      3.74009     13.00000
     0.27000     11.66036     12.30469      3.71323     13.00000
     0.29000     11.78463     12.31336      3.76139     13.00000
     0.31000     11.96212     12.31804      3.77507     13.00000
     0.33000     11.96213     12.22408      3.78548     13.00000
     0.35000     12.27500     12.10289      3.76865     13.00000
     0.37000     12.41325     12.11798      3.77694     13.00000
     0.39000     13.04486     12.13682      3.82767     13.00000
     0.41000     12.64025     11.98925      3.91978     13.00000
     0.43000     12.46363     12.08873      3.93756     13.00000
     0.45000     12.55677     12.10454      3.94614     13.00000
     0.47000     12.84075     12.25479      4.13154     13.00000
     0.49000     12.75212     12.24048      4.20496     13.00000
     0.51000     12.71529     12.24856      4.30730     13.00000
     0.53000     11.98773     12.08859      4.34025     13.00000
     0.55000     11.90807     12.07639      4.51219     13.00000
     0.57000     12.20114     12.01181      4.56061     13.00000
     0.59000     12.31175     12.02014      4.75508     13.00000
     0.61000     11.99100     12.09715      4.91714     13.00000
     0.63000     11.78421     12.11178      4.91485     13.00000
     0.65000     11.74408     12.09331      4.91464     13.00000
     0.67000     11.54750     11.99233      4.95128     13.00000
     0.69000     11.28077     11.84164      4.91470     13.00000
     0.71000     11.19086     11.74727      4.86509     13.00000
     0.73000     11.11469     11.79371      4.88540     13.00000
     0.75000     11.06100     11.85942      4.76817     13.00000
     0.77000     11.10900     11.86096      4.74978     13.00000
     0.79000     11.08614     11.79363      4.77738     13.00000
     0.81000     11.08292     11.73949      4.60734     13.00000
     0.83000     11.03379     11.71333      4.47124     13.00000
     0.85000     10.98108     11.74385      4.45523     13.00000
     0.87000     10.61900     11.64859      4.43727     13.00000
     0.89000     10.71544     11.54324      4.48456     13.00000
     0.91000     10.84700     11.40205      4.54921     13.00000
     0.93000     10.70492     11.21706      4.63466     13.00000
     0.95000     10.41540     11.07676      4.61504     13.00000
     0.97000     10.51431     10.97010      4.46830     13.00000
     0.99000     10.18877     10.85247      4.36194     13.00000
     1.01000     10.08477     11.16953      4.54153     13.00000
     1.03000     10.42407     11.48675      4.26018     13.00000
     1.05000      9.21038     10.53132      3.77298     13.00000
     1.07000      9.31543     10.36201      3.53922     13.00000
     1.09000     10.12568     10.76041      3.43008     13.00000
     1.11000     10.30000     10.48137      3.25717     13.00000
     1.13000     10.35389     10.68785      4.28250     13.00000
     1.15000      9.96536     11.09166      4.56799     13.00000
     1.17000      9.87784     10.83448      4.46797     13.00000
     1.19000      9.82945     10.43416      4.48495     13.00000
     1.21000      9.59042     10.02114      4.64869     13.00000
     1.23000      9.57465     10.06683      4.52827     13.00000
     1.25000      9.56092     10.22344      4.54231     13.00000
     1.27000      9.46386     10.32281      4.31137     13.00000
     1.29000      9.57844     10.18239      3.96582     13.00000
     1.31000      8.12484     10.60078      5.02468     13.00000
     1.33000      8.42346     10.40649      5.37112     13.00000
     1.35000      9.49021     11.71826      6.63995     13.00000
     1.37000      9.58088     12.58845      8.76875     13.00000
     1.39000      9.46036     12.63333      8.87653     13.00000
     1.41000      9.46331     12.51681      9.81483     13.00000
     1.43000      9.46429     11.31855      7.83332     13.00000
     1.45000      9.38877      9.99741      5.37117     13.00000
     1.47000      9.39036      9.20497      4.59207     13.00000
     1.49000      9.30583      8.70449      3.51469     13.00000
     1.51000      6.66625      8.80237      4.04690     13.00000
     1.53000      7.46632      8.92220      4.50397     13.00000
     1.55000      6.03200      8.36370      4.34039     13.00000
     1.57000      7.73356      8.74008      4.08904     13.00000
     1.59000      7.62580      8.26226      3.47087     13.00000
     1.61000      7.87574      8.96128      3.52018     13.00000
     1.63000      8.01580      9.85386      4.70524     13.00000
     1.65000      7.60625      9.67535      4.55142     13.00000
     1.67000      7.71425      9.50909      4.44654     13.00000
     1.69000      7.84750      9.51234      4.47941     13.00000
     1.71000      7.65900      9.35664      4.40916     13.00000
     1.73000      7.54612      9.45206      4.71058     13.00000
     1.75000      7.44613      9.44297      4.55632     13.00000
     1.77000      7.38275      9.09475      4.44943     13.00000
     1.79000      6.52983      8.83931      4.09371     13.00000
     1.81000      6.61700      8.41109      3.66676     13.00000
     1.83000      6.70359      8.51137      3.79306     13.00000
     1.85000      6.86745      8.42836      3.93815     13.00000
     1.87000      5.96568      7.78364      3.21184     13.00000
     1.89000      7.06110      8.24991      3.05847     13.00000
     1.91000      7.10256      8.11618      2.96736     13.00000
     1.93000      7.40086      7.95849      3.03166     13.00000
     1.95000      7.83043      8.42778      3.12347     13.00000
     1.97000      7.07874      8.27536      3.55408     13.00000
     1.99000      7.24837      8.09214      3.76535     13.00000
     2.01000      7.25726      8.51670      4.84478     13.00000
     2.03000      7.27144      8.46431      4.91647     13.00000
     2.05000      6.54121      8.37432      4.83170     13.00000
     2.07000      6.36232      8.23760      4.23706     13.00000
     2.09000      6.70904      8.16102      4.22777     13.00000
     2.11000      6.19103      8.24240      4.75471     13.00000
     2.13000      6.46921      7.82244      4.07828     13.00000
     2.15000      7.16766      7.67287      3.90039     13.00000
     2.17000      7.13375      8.36656      4.59912     13.00000
     2.19000      7.22575      8.03316      4.42610     13.00000
     2.21000      7.11450      7.71939      4.14262     13.00000
     2.23000      7.09725      7.52020      3.66267     13.00000
     2.25000      7.10088      7.85777      3.62891     13.00000
     2.27000      6.94629      7.39193      3.12646     13.00000
     2.29000      6.99875      7.51667      3.20254     13.00000
     2.31000      6.69092      7.52165      3.30798     13.00000
     2.33000      6.77885      7.50279      2.90825     13.00000
     2.35000      6.66450      7.49907      2.91525     13.00000
     2.37000      6.62212      7.38484      2.78304     13.00000
     2.39000      6.69813      7.25244      2.69697     13.00000
     2.41000      6.25784      6.91303      2.43932     13.00000
     2.43000      6.19164      6.91117      2.42872     13.00000
     2.45000      6.31404      6.79653      2.42864     13.00000
     2.47000      6.41781      6.92116      2.44196     13.00000
     2.49000      6.60920      7.08430      2.53996     13.00000
     2.51000      6.61525      6.98282      2.45210     13.00000
     2.53000      6.91113      6.90788      2.49463     13.00000
     2.55000      7.00638      6.92420      2.55396     13.00000
     2.57000      6.29580      6.79429      2.64693     13.00000
     2.59000      6.35112      6.82011      2.60402     13.00000
     2.61000      6.72625      6.79038      2.54121     13.00000
     2.63000      6.38650      6.78758      2.47741     13.00000
     2.65000      6.08136      6.76676      2.50365     13.00000
     2.67000      6.26725      6.85022      2.45748     13.00000
     2.69000      6.07275      6.67357      2.50939     13.00000
     2.71000      6.28880      6.78177      2.51765     13.00000
     2.73000      6.71096      6.79408      2.63212     13.00000
     2.75000      6.58700      6.81215      2.65767     13.00000
     2.77000      5.92327      6.81291      2.64406     13.00000
     2.79000      6.12235      6.74039      2.65471     13.00000
     2.81000      6.27732      6.76522      2.62270     13.00000
     2.83000      5.96760      6.76708      2.72619     13.00000
     2.85000      6.35271      7.00189      2.72866     13.00000
     2.87000      6.84132      7.15075      2.70295     13.00000
     2.89000      6.46813      6.87082      2.43521     13.00000
     2.91000      6.67474      6.89347      2.50611     13.00000
     2.93000      6.10522      6.88750      2.56056     13.00000
     2.95000      5.48373      6.69473      2.48283     13.00000
     2.97000      5.40826      6.76508      2.36100     13.00000
     2.99000      5.66692      6.80063      2.23088     13.00000
     3.01000      5.55929      6.73172      2.11407     13.00000
     3.03000      6.01892      6.79223      2.06050     13.00000
     3.05000      5.62640      6.64282      2.15230     13.00000
     3.07000      5.48871      6.69888      2.17406     13.00000
     3.09000      5.41550      6.53461      2.09913     13.00000
     3.11000      5.33925      6.62199      2.27610     13.00000
     3.13000      5.37850      6.81204      2.44087     13.00000
     3.15000      5.61652      6.95397      2.48098     13.00000
     3.17000      5.83383      6.81240      2.43917     13.00000
     3.19000      5.71104      6.67887      2.43320     13.00000
     3.21000      5.88540      6.56305      2.65333     13.00000
     3.23000      5.94152      6.70899      2.73410     13.00000
     3.25000      6.06128      7.17067      2.82449     13.00000
     3.27000      6.11231      7.27002      2.82387     13.00000
     3.29000      6.38936      7.47621      2.82469     13.00000
     3.31000      6.16468      7.44416      2.75575     13.00000
     3.33000      6.23392      7.52517      2.80340     13.00000
     3.35000      6.06994      6.81979      2.33391     13.00000
     3.37000      5.63900      6.53489      2.23771     13.00000
     3.39000      5.58643      6.47245      2.10780     13.00000
     3.41000      5.69025      6.29158      2.00430     13.00000
     3.43000      6.05252      6.49579      1.87710     13.00000
     3.45000      5.89777      6.63235      1.96263     13.00000
     3.47000      6.17800      6.53463      1.81456     13.00000
     3.49000      6.14442      6.50621      1.81892     13.00000
     3.51000      5.99765      6.56733      1.94617     13.00000
     3.53000      5.88956      6.47880      1.98948     13.00000
     3.55000      5.99304      6.56765      2.18534     13.00000
     3.57000      6.21840      6.58857      2.11324     13.00000
     3.59000      6.25231      6.63140      2.12645     13.00000
     3.61000      6.13231      6.70242      2.28794     13.00000
     3.63000      5.92315      6.97649      2.76360     13.00000
     3.65000      5.79250      6.94121      2.66278     13.00000
     3.67000      5.68950      6.88425      2.59193     13.00000
     3.69000      5.57992      7.16269      2.81798     13.00000
     3.71000      5.84035      7.17041      2.82010     13.00000
     3.73000      6.06556      7.05512      2.68243     13.00000
     3.75000      6.15027      7.00769      2.47918     13.00000
     3.77000      5.98285      6.88126      2.21572     13.00000
     3.79000      5.87103      6.91903      2.40148     13.00000
     3.81000      5.61075      6.94838      2.39289     13.00000
     3.83000      5.60862      6.60590      2.10736     13.00000
     3.85000      5.53538      6.66967      2.27546     13.00000
     3.87000      5.51814      6.88394      2.56764     13.00000
     3.89000      5.78794      7.00443      2.58813     13.00000
     3.91000      5.71940      6.73432      2.26024     13.00000
     3.93000      5.73775      6.41927      2.06159     13.00000
     3.95000      5.56675      6.36576      1.97525     13.00000
     3.97000      5.49998      6.46639      2.10784     13.00000
     3.99000      5.76725      6.65222      2.09144     13.00000
     4.01000      5.76500      6.78576      2.12664     13.00000
     4.03000      5.80029      7.38889      3.31922     13.00000
     4.05000      5.66825      7.76129      4.37538     13.00000
     4.07000      5.70373      7.23809      3.07805     13.00000
     4.09000      5.97579      7.57931      3.80251     13.00000
     4.11000      6.04627      7.51495      3.38174     13.00000
     4.13000      5.90764      7.00912      2.19693     13.00000
     4.15000      6.21427      6.98801      2.16570     13.00000
     4.17000      6.21200      7.02732      2.16066     13.00000
     4.19000      5.95679      7.33508      2.60405     13.00000
     4.21000      6.01688      7.07964      2.18359     13.00000
     4.23000      6.46407      6.94339      2.08934     13.00000
     4.25000      6.71786      7.05494      2.25511     13.00000
     4.27000      6.56547      7.28835      2.64738     13.00000
     4.29000      6.40257      7.43967      2.83560     13.00000
     4.31000      6.38767      7.51921      2.77329     13.00000
     4.33000      6.38888      7.56962      2.81808     13.00000
     4.35000      6.50207      7.37903      2.65140     13.00000
     4.37000      6.61613      7.33047      2.80835     13.00000
     4.39000      7.00987      7.32578      2.55973     13.00000
     4.41000      7.26971      7.31976      2.40039     13.00000
     4.43000      7.21773      7.22214      2.22272     13.00000
     4.45000      7.14150      7.04009      2.05201     13.00000
     4.47000      7.01193      7.14595      1.91052     13.00000
     4.49000      6.96413      6.91763      1.74881     13.00000
     4.51000      6.89100      6.71126      1.62026     13.00000
     4.53000      6.85293      6.70461      1.65799     13.00000
     4.55000      6.89480      6.73085      1.67421     13.00000
     4.57000      6.30303      6.56161      1.64491     13.00000
     4.59000      6.52048      6.47133      1.45728     13.00000
     4.61000      6.52894      6.46540      1.50547     13.00000
     4.63000      6.14009      6.47109      1.64652     13.00000
     4.65000      6.12644      6.32491      1.47094     13.00000
     4.67000      5.86200      6.21551      1.62249     13.00000
     4.69000      6.03667      6.26680      1.63431     13.00000
     4.71000      6.10961      6.35481      1.70762     13.00000
     4.73000      6.09345      6.25939      1.74215     13.00000
     4.75000      6.07612      6.26970      1.74784     13.00000
     4.77000      6.17850      6.42560      1.61492     13.00000
     4.79000      6.25870      6.44562      1.58066     13.00000
     4.81000      6.22023      6.42682      1.53259     13.00000
     4.83000      6.06757      6.13515      1.38451     13.00000
     4.85000      6.07979      6.21251      1.43818     13.00000
     4.87000      6.02253      6.26121      1.47010     13.00000
     4.89000      5.89837      6.39820      1.67752     13.00000
     4.91000      5.96153      6.58819      1.93001     13.00000
     4.93000      6.01243      6.41136      1.73105     13.00000
     4.95000      6.11647      6.83175      2.01538     13.00000
     4.97000      5.95450      6.74732      1.87525     13.00000
     4.99000      5.93454      6.47115      1.72690     13.00000
