    -1.99000    396.34300    423.60148     95.28490     13.00000
    -1.97000    391.76600    420.70608     92.68746     13.00000
    -1.95000    388.15600    421.67070     95.74514     13.00000
    -1.93000    384.31000    424.54142    101.11686     13.00000
    -1.91000    392.09800    424.21533     98.30511     13.00000
    -1.89000    389.66182    422.10892     91.03429     13.00000
    -1.87000    389.65727    423.93515     99.33572     13.00000
    -1.85000    374.12300    419.75835    100.27430     13.00000
    -1.83000    377.54900    417.76710     93.89243     13.00000
    -1.81000    445.01500    429.00720     96.39666     13.00000
    -1.79000    453.68727    432.48125     95.31710     13.00000
    -1.77000    444.81000    432.65420     95.04643     13.00000
    -1.75000    444.46688    427.58283     93.98147     13.00000
    -1.73000    441.18200    430.10072     97.96540     13.00000
    -1.71000    441.10467    426.81470     93.49516     13.00000
    -1.69000    440.47067    428.93711     97.02344     13.00000
    -1.67000    423.96300    430.76427     91.09491     13.00000
    -1.65000    444.25214    436.14133     87.07620     13.00000
    -1.63000    447.00437    437.78499     84.26345     13.00000
    -1.61000    440.93000    435.17451     82.84224     13.00000
    -1.59000    441.08167    434.12280     83.30161     13.00000
    -1.57000    443.43909    434.94437     83.13852     13.00000
    -1.55000    448.05267    437.14046     84.15585     13.00000
    -1.53000    442.30909    436.81297     84.31104     13.00000
    -1.51000    443.82083    439.19012     85.24820     13.00000
    -1.49000    444.02250    438.32127     85.98407     13.00000
    -1.47000    451.08500    436.31093     85.59104     13.00000
    -1.45000    440.37417    435.16226     83.16796     13.00000
    -1.43000    438.72500    433.44214     85.76266     13.00000
    -1.41000    437.26800    433.20746     89.27933     13.00000
    -1.39000    435.15222    430.89260     84.68249     13.00000
    -1.37000    429.70667    431.68623     85.61201     13.00000
    -1.35000    430.95389    432.22390     86.86952     13.00000
    -1.33000    439.22818    433.62820     89.03048     13.00000
    -1.31000    439.83357    433.95769     89.21324     13.00000
    -1.29000    426.83750    432.09354     86.91933     13.00000
    -1.27000    430.47727    436.01810     92.42259     13.00000
    -1.25000    438.89300    438.14158     94.15918     13.00000
    -1.23000    441.06583    438.51071     92.42941     13.00000
    -1.21000    443.29455    440.94319     90.89470     13.00000
    -1.19000    434.99385    435.18852     83.02342     13.00000
    -1.17000    448.37750    434.77763     80.63677     13.00000
    -1.15000    448.18000    434.46505     80.72411     13.00000
    -1.13000    442.47900    437.48034     84.03176     13.00000
    -1.11000    438.93909    434.77769     83.10218     13.00000
    -1.09000    437.67727    434.44333     82.96580     13.00000
    -1.07000    444.31714    431.68845     80.15389     13.00000
    -1.05000    444.88300    434.05536     80.40628     13.00000
    -1.03000    450.54833    437.23696     82.01372     13.00000
    -1.01000    449.45333    434.96860     82.27459     13.00000
    -0.99000    450.21818    434.50942     79.49484     13.00000
    -0.97000    440.31909    433.85789     80.00206     13.00000
    -0.95000    440.24667    432.07092     78.57572     13.00000
    -0.93000    442.79455    433.27882     80.95397     13.00000
    -0.91000    447.53267    433.65566     78.00480     13.00000
    -0.89000    449.68250    435.52306     80.19226     13.00000
    -0.87000    451.80800    436.73788     83.05696     13.00000
    -0.85000    453.98250    433.45605     80.05451     13.00000
    -0.83000    435.87800    427.82989     76.58067     13.00000
    -0.81000    431.96083    430.02144     79.34787     13.00000
    -0.79000    437.51727    431.51469     80.43187     13.00000
    -0.77000    450.94000    432.37368     82.13379     13.00000
    -0.75000    446.18533    434.41817     83.73235     13.00000
    -0.73000    443.63933    433.15634     83.15289     13.00000
    -0.71000    439.32200    429.70228     79.20982     13.00000
    -0.69000    440.74455    426.92880     77.04267     13.00000
    -0.67000    437.07727    424.56313     73.81418     13.00000
    -0.65000    440.93083    424.33460     73.47503     13.00000
    -0.63000    443.88250    425.47472     74.11575     13.00000
    -0.61000    442.56750    424.31095     74.60760     13.00000
    -0.59000    438.70200    422.55214     73.15949     13.00000
    -0.57000    442.73500    424.76852     72.09848     13.00000
    -0.55000    442.87909    424.63850     70.04402     13.00000
    -0.53000    442.94500    423.51064     70.84596     13.00000
    -0.51000    442.75714    420.32403     70.54262     13.00000
    -0.49000    440.43533    419.85615     70.86995     13.00000
    -0.47000    433.60600    420.48754     67.18932     13.00000
    -0.45000    437.41562    421.53435     67.93184     13.00000
    -0.43000    429.88083    419.76234     67.30938     13.00000
    -0.41000    429.16122    416.92512     70.27273     12.00000
    -0.39000    435.14652    419.79112     70.11763     12.00000
    -0.37000    443.55818    424.76911     67.53690     13.00000
    -0.35000    440.15400    426.53323     66.66840     13.00000
    -0.33000    441.72545    425.86588     67.75041     13.00000
    -0.31000    446.07357    426.11627     65.75716     13.00000
    -0.29000    445.21400    427.87812     65.81461     13.00000
    -0.27000    442.46800    425.44747     63.14852     13.00000
    -0.25000    438.58091    421.01883     63.25938     13.00000
    -0.23000    440.27900    418.32698     61.07583     13.00000
    -0.21000    437.81793    419.71111     60.99146     13.00000
    -0.19000    438.96091    422.50543     61.29022     13.00000
    -0.17000    437.32200    422.18015     64.81899     13.00000
    -0.15000    437.02182    420.91060     65.61200     13.00000
    -0.13000    436.79433    420.03733     62.77136     13.00000
    -0.11000    437.73909    418.01553     61.33463     13.00000
    -0.09000    430.64867    416.06194     57.53739     13.00000
    -0.07000    432.92103    421.30046     55.75881     13.00000
    -0.05000    429.15967    418.31754     58.01288     13.00000
    -0.03000    432.05500    417.77830     57.23076     13.00000
    -0.01000    430.27000    425.21183     57.73076     13.00000
     0.01000    499.32933    496.71604     73.30930     13.00000
     0.03000    529.38600    510.89015     75.13053     13.00000
     0.05000    514.42800    509.22205     72.45079     13.00000
     0.07000    529.82143    511.75692     74.49510     13.00000
     0.09000    517.54000    500.79891     65.02621     13.00000
     0.11000    517.70929    503.46916     66.66308     13.00000
     0.13000    539.37083    507.69143     69.36243     13.00000
     0.15000    532.18583    507.55198     71.63737     13.00000
     0.17000    512.45533    502.53707     67.29050     13.00000
     0.19000    521.28000    502.24811     66.07832     13.00000
     0.21000    513.17625    504.54178     69.39463     13.00000
     0.23000    516.31533    506.22792     71.36247     13.00000
     0.25000    513.66833    510.57607     65.42276     13.00000
     0.27000    515.26471    507.90958     63.08921     13.00000
     0.29000    524.87000    509.05458     65.45032     13.00000
     0.31000    528.18706    513.32618     64.32923     13.00000
     0.33000    528.14429    517.29007     63.12931     13.00000
     0.35000    520.68143    513.40225     60.19480     13.00000
     0.37000    524.46800    512.32006     60.65114     13.00000
     0.39000    507.06556    511.39853     59.79533     13.00000
     0.41000    518.26941    515.54158     55.69467     13.00000
     0.43000    519.73143    515.76089     53.60950     13.00000
     0.45000    526.08389    515.32098     54.71732     13.00000
     0.47000    525.25667    519.36611     59.98034     13.00000
     0.49000    530.00182    522.57224     59.58187     13.00000
     0.51000    523.90583    524.11919     57.36281     13.00000
     0.53000    541.16267    530.35859     62.54089     13.00000
     0.55000    550.84923    536.36080     64.18749     13.00000
     0.57000    551.34200    538.81499     64.60552     13.00000
     0.59000    553.45846    538.60506     60.74162     13.00000
     0.61000    558.96067    536.55268     60.93813     13.00000
     0.63000    556.56429    535.79300     57.32306     13.00000
     0.65000    543.12357    532.86010     54.17675     13.00000
     0.67000    538.97286    537.28301     57.88657     13.00000
     0.69000    536.85867    535.02314     60.78083     13.00000
     0.71000    529.21333    532.43599     61.50344     13.00000
     0.73000    525.42818    532.69835     59.92278     13.00000
     0.75000    527.10000    533.95049     58.47137     13.00000
     0.77000    523.36000    535.67954     59.63211     13.00000
     0.79000    522.36250    539.60365     59.95200     13.00000
     0.81000    519.85462    534.26267     58.28024     13.00000
     0.83000    514.16267    529.17452     56.35742     13.00000
     0.85000    515.86273    532.01731     58.41487     13.00000
     0.87000    512.80833    526.75303     55.60650     13.00000
     0.89000    510.16200    525.15956     56.87566     13.00000
     0.91000    509.55000    522.84804     56.57932     13.00000
     0.93000    510.05182    524.13537     52.76183     13.00000
     0.95000    508.12273    517.86910     48.35760     13.00000
     0.97000    507.57215    520.46895     46.53314     12.00000
     0.99000    505.53467    517.64543     48.04517     12.00000
     1.01000    506.85636    521.59121     48.98687     13.00000
     1.03000    506.64000    524.56894     59.27222     13.00000
     1.05000    507.46071    524.35672     55.93590     13.00000
     1.07000    505.54143    524.03674     51.08802     13.00000
     1.09000    520.66273    524.50108     50.57000     13.00000
     1.11000    506.93000    523.34644     45.71273     13.00000
     1.13000    507.07824    517.81867     40.40881     13.00000
     1.15000    505.31444    515.09125     37.97540     13.00000
     1.17000    506.13900    516.09633     36.54039     13.00000
     1.19000    511.15118    515.92907     35.35134     13.00000
     1.21000    508.26875    515.71964     39.92086     13.00000
     1.23000    503.85100    516.91350     41.62364     13.00000
     1.25000    502.85250    511.70966     35.69200     13.00000
     1.27000    502.17687    510.59623     34.75751     13.00000
     1.29000    503.78909    513.00825     31.85391     13.00000
     1.31000    502.45000    516.09338     37.86244     13.00000
     1.33000    502.90483    516.86195     38.75381     13.00000
     1.35000    497.41000    514.23434     38.35739     13.00000
     1.37000    495.97567    513.63340     41.00247     13.00000
     1.39000    497.77143    515.43283     39.26229     13.00000
     1.41000    491.22353    517.86859     44.82058     13.00000
     1.43000    493.86917    513.68759     43.47514     13.00000
     1.45000    493.75750    510.50383     42.62782     13.00000
     1.47000    493.76143    509.64423     43.14549     13.00000
     1.49000    486.52182    506.46594     42.84570     13.00000
     1.51000    494.20375    508.35662     40.54817     13.00000
     1.53000    493.82833    506.45786     40.17294     13.00000
     1.55000    497.18125    506.16094     38.02833     13.00000
     1.57000    493.57000    502.74494     36.42128     13.00000
     1.59000    494.76455    502.11672     37.32330     13.00000
     1.61000    498.56182    505.68306     38.14448     13.00000
     1.63000    499.57167    503.39465     36.96743     13.00000
     1.65000    488.73214    504.14345     38.41621     13.00000
     1.67000    487.47000    502.87106     37.28594     13.00000
     1.69000    487.14875    502.47067     36.83725     13.00000
     1.71000    487.35143    501.93485     37.12366     13.00000
     1.73000    484.65250    498.96094     34.93567     13.00000
     1.75000    488.44000    499.40995     34.09447     13.00000
     1.77000    488.80286    498.03958     36.97304     13.00000
     1.79000    484.07500    497.27614     37.43869     13.00000
     1.81000    486.36444    499.32502     41.38067     13.00000
     1.83000    487.51750    496.65802     39.21244     13.00000
     1.85000    487.54714    499.79077     40.12459     13.00000
     1.87000    489.06500    500.37815     37.08732     13.00000
     1.89000    488.06375    498.07669     37.64265     13.00000
     1.91000    490.00750    496.32104     36.45514     13.00000
     1.93000    489.87750    496.48451     37.96296     13.00000
     1.95000    492.55750    496.17966     40.01274     13.00000
     1.97000    489.68375    495.54929     38.97178     13.00000
     1.99000    491.54750    493.93329     36.72092     13.00000
     2.01000    489.75857    494.48304     37.82210     13.00000
     2.03000    487.05286    495.50986     33.42033     13.00000
     2.05000    488.73500    497.64391     35.98232     13.00000
     2.07000    492.23111    495.01827     30.89833     13.00000
     2.09000    492.40571    495.13552     30.96882     13.00000
     2.11000    486.85125    490.65146     36.80201     13.00000
     2.13000    487.83000    491.94824     38.62253     13.00000
     2.15000    478.82625    494.24390     44.26886     12.00000
     2.17000    472.88000    493.70935     45.46638     13.00000
     2.19000    473.62250    493.31383     44.46693     13.00000
     2.21000    472.31000    493.28288     44.76574     13.00000
     2.23000    476.65429    491.79181     42.68575     13.00000
     2.25000    477.47375    494.47157     43.82606     13.00000
     2.27000    473.34273    489.76668     40.40384     13.00000
     2.29000    474.77400    487.71143     40.19483     13.00000
     2.31000    466.36000    488.84489     43.93036     13.00000
     2.33000    470.08500    492.01423     53.95356     13.00000
     2.35000    466.01909    490.19067     53.77672     13.00000
     2.37000    467.34000    489.29701     50.80493     13.00000
     2.39000    464.22750    485.06991     48.87398     13.00000
     2.41000    460.46417    490.38454     57.77702     13.00000
     2.43000    463.23750    487.85741     62.73463     13.00000
     2.45000    466.24400    486.05623     59.69071     13.00000
     2.47000    465.22077    486.10899     55.77657     13.00000
     2.49000    463.02133    487.38377     68.30440     13.00000
     2.51000    461.49400    484.65665     64.62294     13.00000
     2.53000    461.80385    482.24774     61.08402     13.00000
     2.55000    461.39231    486.32176     67.09419     13.00000
     2.57000    459.36143    483.30329     66.07836     13.00000
     2.59000    454.63067    479.28314     63.26394     13.00000
     2.61000    453.32533    482.30069     64.04906     13.00000
     2.63000    454.22529    481.42651     61.61072     13.00000
     2.65000    457.32933    482.97755     62.71938     13.00000
     2.67000    453.49437    482.00329     62.94196     13.00000
     2.69000    453.56467    478.81647     62.62114     13.00000
     2.71000    451.31000    478.85047     63.33641     13.00000
     2.73000    450.78625    476.93122     61.51269     13.00000
     2.75000    451.53625    475.76705     58.66543     13.00000
     2.77000    454.56636    476.60342     61.31481     13.00000
     2.79000    454.61300    474.38962     61.53030     13.00000
     2.81000    453.46182    475.40172     63.95931     13.00000
     2.83000    452.99889    477.39026     68.58827     13.00000
     2.85000    452.12500    474.79235     66.81017     13.00000
     2.87000    456.61000    479.38528     64.27556     13.00000
     2.89000    457.32176    491.12516     74.78556     13.00000
     2.91000    456.43429    493.57115     78.95248     13.00000
     2.93000    456.76500    494.25189     79.09727     13.00000
     2.95000    461.15500    498.95736     80.22498     13.00000
     2.97000    463.04182    497.76490     77.12910     13.00000
     2.99000    462.95929    491.40635     72.98639     13.00000
     3.01000    463.01000    488.07475     67.69090     13.00000
     3.03000    468.74125    486.62677     63.09022     13.00000
     3.05000    465.71125    485.01946     65.68503     13.00000
     3.07000    463.41400    484.10995     68.34123     13.00000
     3.09000    461.24067    486.29162     72.96963     13.00000
     3.11000    469.80000    487.88324     67.60890     13.00000
     3.13000    468.32800    486.03492     63.51083     13.00000
     3.15000    468.53857    488.43474     77.07666     13.00000
     3.17000    464.51500    483.23316     74.83134     13.00000
     3.19000    463.30125    479.41772     72.12149     13.00000
     3.21000    467.69444    479.67991     70.17547     13.00000
     3.23000    467.15286    482.03451     78.29917     13.00000
     3.25000    466.25750    484.75809     78.57581     13.00000
     3.27000    465.29625    489.56638     84.75450     13.00000
     3.29000    466.95000    489.26168     84.46576     13.00000
     3.31000    466.93000    490.14570     81.45799     13.00000
     3.33000    464.81933    496.61307     80.56946     13.00000
     3.35000    465.17636    494.10602     75.12787     13.00000
     3.37000    465.11286    505.69160     72.89134     13.00000
     3.39000    463.30545    503.08078     74.76336     13.00000
     3.41000    468.40500    503.83808     78.58118     13.00000
     3.43000    462.31400    502.27529     79.81117     13.00000
     3.45000    461.06200    499.25870     75.86045     13.00000
     3.47000    462.42125    499.71806     74.61317     13.00000
     3.49000    459.62833    491.89749     70.19891     13.00000
     3.51000    461.04300    488.69588     64.41942     13.00000
     3.53000    463.02857    490.58943     66.39251     13.00000
     3.55000    463.95182    490.25654     70.78670     13.00000
     3.57000    469.60000    492.36993     69.65533     13.00000
     3.59000    467.09500    492.73929     68.87407     13.00000
     3.61000    465.84000    492.41241     71.17136     13.00000
     3.63000    461.92917    493.65496     70.72467     13.00000
     3.65000    463.56375    489.87498     64.28425     13.00000
     3.67000    459.86000    487.55054     65.39246     13.00000
     3.69000    467.68167    494.48500     63.23685     13.00000
     3.71000    463.78588    495.42379     65.88906     13.00000
     3.73000    470.11600    496.07724     60.44675     13.00000
     3.75000    463.56500    492.13987     62.00454     13.00000
     3.77000    463.96750    507.38306     83.01164     13.00000
     3.79000    463.45250    510.65292     83.57821     13.00000
     3.81000    462.75600    515.50449     98.90730     13.00000
     3.83000    462.94250    520.40596    108.78951     13.00000
     3.85000    463.92600    520.13339    112.56832     13.00000
     3.87000    464.12750    522.49664    113.41995     13.00000
     3.89000    462.55400    526.82401    122.59921     13.00000
     3.91000    463.79000    524.56129    116.31314     13.00000
     3.93000    462.90000    519.59332    107.21250     13.00000
     3.95000    466.62250    517.49048     97.12501     13.00000
     3.97000    466.31500    519.82466     97.16135     13.00000
     3.99000    465.93625    516.61818    102.18354     13.00000
     4.01000    463.68375    515.27769     96.03380     13.00000
     4.03000    465.94375    514.72466     92.36715     13.00000
     4.05000    465.32143    512.50811     90.43305     13.00000
     4.07000    464.63375    513.54680     92.52240     13.00000
     4.09000    468.50875    518.59597     96.09742     13.00000
     4.11000    468.21222    516.65282     97.56475     13.00000
     4.13000    477.83857    520.26684    101.56650     13.00000
     4.15000    481.39250    522.00369    108.35904     13.00000
     4.17000    479.45692    522.18141    108.90128     13.00000
     4.19000    466.06857    519.72164    106.76949     13.00000
     4.21000    473.16077    520.77642    108.12707     13.00000
     4.23000    479.99308    520.10991    105.55981     13.00000
     4.25000    476.81714    522.52546    103.63693     13.00000
     4.27000    492.33923    527.95168     99.76640     13.00000
     4.29000    511.91462    535.42558     96.84782     13.00000
     4.31000    509.20538    531.50533     99.01670     13.00000
     4.33000    500.77688    527.45985     95.23273     13.00000
     4.35000    488.86286    525.41195     97.99149     13.00000
     4.37000    487.18300    527.79944    102.79923     13.00000
     4.39000    492.01393    524.46021     94.99777     13.00000
     4.41000    489.35138    522.97986     89.67901     13.00000
     4.43000    487.24793    518.93755     81.47025     13.00000
     4.45000    484.05714    517.42615     81.38598     13.00000
     4.47000    490.05125    512.49949     79.80330     13.00000
     4.49000    490.13800    512.57624     80.31289     13.00000
     4.51000    483.13857    512.92073     78.09940     13.00000
     4.53000    483.66000    514.40716     82.00051     13.00000
     4.55000    481.55857    515.84027     85.20741     13.00000
     4.57000    484.11462    515.37821     84.65780     13.00000
     4.59000    482.52692    513.64975     82.34226     13.00000
     4.61000    477.87250    512.02389     84.91039     13.00000
     4.63000    474.91300    513.10034     86.55831     13.00000
     4.65000    477.68077    516.28809     89.38400     13.00000
     4.67000    477.11143    516.15688     91.10124     13.00000
     4.69000    477.91333    518.11906     88.34274     13.00000
     4.71000    478.13467    518.91851     86.69147     13.00000
     4.73000    481.09188    517.98875     82.70426     13.00000
     4.75000    476.31071    512.70160     79.98950     13.00000
     4.77000    478.12813    512.69963     78.72150     13.00000
     4.79000    474.61267    509.94201     76.30371     13.00000
     4.81000    471.38733    504.62613     76.49036     13.00000
     4.83000    464.00143    501.45095     73.79997     13.00000
     4.85000    476.27533    503.53867     64.19322     13.00000
     4.87000    488.50300    501.53787     65.86763     13.00000
     4.89000    479.41267    507.34032     69.54035     13.00000
     4.91000    481.73167    509.28171     68.82059     13.00000
     4.93000    482.82700    504.37240     69.61586     13.00000
     4.95000    480.07103    500.77819     69.30141     13.00000
     4.97000    471.44700    496.52147     69.50873     13.00000
     4.99000    462.23867    497.32490     71.76885     13.00000
