    -1.99000      0.08879      0.08645      0.04240     13.00000
    -1.97000      0.06534      0.08044      0.03772     13.00000
    -1.95000      0.05743      0.06450      0.03562     13.00000
    -1.93000      0.05876      0.06756      0.03347     13.00000
    -1.91000      0.06191      0.07806      0.04979     13.00000
    -1.89000      0.05943      0.08214      0.06959     13.00000
    -1.87000      0.05684      0.06614      0.04700     13.00000
    -1.85000      0.06384      0.06350      0.03234     13.00000
    -1.83000      0.06138      0.05643      0.02864     13.00000
    -1.81000      0.05399      0.05384      0.01923     13.00000
    -1.79000      0.05748      0.05689      0.02066     13.00000
    -1.77000      0.05605      0.06774      0.03396     13.00000
    -1.75000      0.05648      0.06482      0.03378     13.00000
    -1.73000      0.05760      0.06027      0.03412     13.00000
    -1.71000      0.05041      0.05607      0.02437     13.00000
    -1.69000      0.05500      0.05746      0.02600     13.00000
    -1.67000      0.04987      0.06230      0.03111     13.00000
    -1.65000      0.04626      0.04869      0.02005     13.00000
    -1.63000      0.05424      0.05322      0.02750     13.00000
    -1.61000      0.04492      0.05763      0.03000     13.00000
    -1.59000      0.04927      0.06462      0.04023     13.00000
    -1.57000      0.04886      0.06288      0.03022     13.00000
    -1.55000      0.03974      0.05370      0.02824     13.00000
    -1.53000      0.05219      0.06016      0.03259     13.00000
    -1.51000      0.06020      0.06570      0.03794     13.00000
    -1.49000      0.05775      0.06147      0.02448     13.00000
    -1.47000      0.05795      0.06729      0.03238     13.00000
    -1.45000      0.05502      0.06337      0.03205     13.00000
    -1.43000      0.05360      0.05726      0.02456     13.00000
    -1.41000      0.04587      0.07745      0.05668     13.00000
    -1.39000      0.06334      0.06529      0.02743     13.00000
    -1.37000      0.05349      0.05290      0.02087     13.00000
    -1.35000      0.06124      0.06804      0.03591     13.00000
    -1.33000      0.06261      0.06239      0.01912     13.00000
    -1.31000      0.07828      0.07492      0.03707     13.00000
    -1.29000      0.06441      0.05983      0.02814     13.00000
    -1.27000      0.06395      0.06327      0.03564     13.00000
    -1.25000      0.06310      0.06464      0.03960     13.00000
    -1.23000      0.06079      0.05763      0.02992     13.00000
    -1.21000      0.06884      0.07120      0.03952     13.00000
    -1.19000      0.06596      0.07004      0.04141     13.00000
    -1.17000      0.06255      0.07156      0.03898     13.00000
    -1.15000      0.06727      0.07531      0.04784     13.00000
    -1.13000      0.06292      0.06728      0.03336     13.00000
    -1.11000      0.08209      0.07644      0.03224     13.00000
    -1.09000      0.08700      0.08487      0.04233     13.00000
    -1.07000      0.06735      0.08465      0.04170     13.00000
    -1.05000      0.07467      0.08672      0.04357     13.00000
    -1.03000      0.06891      0.08267      0.05344     13.00000
    -1.01000      0.08081      0.08666      0.04932     13.00000
    -0.99000      0.08019      0.08103      0.03289     13.00000
    -0.97000      0.05781      0.09648      0.06655     13.00000
    -0.95000      0.07036      0.07891      0.04088     13.00000
    -0.93000      0.05799      0.07973      0.04992     13.00000
    -0.91000      0.07029      0.08474      0.04693     13.00000
    -0.89000      0.08891      0.08428      0.03460     13.00000
    -0.87000      0.07343      0.07814      0.03065     13.00000
    -0.85000      0.07224      0.07956      0.03955     13.00000
    -0.83000      0.07642      0.07356      0.02794     13.00000
    -0.81000      0.06558      0.07756      0.03896     13.00000
    -0.79000      0.06107      0.07178      0.03346     13.00000
    -0.77000      0.05903      0.07505      0.04662     13.00000
    -0.75000      0.05600      0.06902      0.04155     13.00000
    -0.73000      0.05022      0.06280      0.03595     13.00000
    -0.71000      0.05117      0.05628      0.03082     13.00000
    -0.69000      0.05871      0.05958      0.02896     13.00000
    -0.67000      0.06229      0.06184      0.02900     13.00000
    -0.65000      0.05781      0.06560      0.03740     13.00000
    -0.63000      0.04752      0.06392      0.04082     13.00000
    -0.61000      0.05373      0.06303      0.03019     13.00000
    -0.59000      0.05825      0.06374      0.02855     13.00000
    -0.57000      0.06170      0.06125      0.02939     13.00000
    -0.55000      0.05448      0.06106      0.02254     13.00000
    -0.53000      0.04800      0.06720      0.03630     13.00000
    -0.51000      0.06326      0.06608      0.02790     13.00000
    -0.49000      0.06259      0.06655      0.03357     13.00000
    -0.47000      0.06819      0.07108      0.03444     13.00000
    -0.45000      0.05461      0.06628      0.03702     13.00000
    -0.43000      0.05322      0.07103      0.05082     13.00000
    -0.41000      0.05778      0.07721      0.05571     13.00000
    -0.39000      0.06567      0.06971      0.03212     13.00000
    -0.37000      0.08201      0.08756      0.04414     13.00000
    -0.35000      0.09286      0.09794      0.04772     13.00000
    -0.33000      0.09204      0.09301      0.04315     13.00000
    -0.31000      0.09175      0.08641      0.03993     13.00000
    -0.29000      0.05788      0.07956      0.04690     13.00000
    -0.27000      0.06967      0.09290      0.05300     13.00000
    -0.25000      0.07746      0.10779      0.10659     13.00000
    -0.23000      0.10605      0.10313      0.05399     13.00000
    -0.21000      0.08876      0.08450      0.03577     13.00000
    -0.19000      0.07563      0.08102      0.03867     13.00000
    -0.17000      0.09008      0.09931      0.04285     13.00000
    -0.15000      0.11415      0.10265      0.04351     13.00000
    -0.13000      0.09491      0.09346      0.03618     13.00000
    -0.11000      0.09479      0.09781      0.05035     13.00000
    -0.09000      0.08030      0.09626      0.04832     13.00000
    -0.07000      0.08560      0.12398      0.07142     13.00000
    -0.05000      0.10865      0.11665      0.05866     13.00000
    -0.03000      0.10619      0.12204      0.06020     13.00000
    -0.01000      0.11455      0.13697      0.07016     13.00000
     0.01000      0.14117      0.16749      0.10135     13.00000
     0.03000      0.08988      0.15327      0.11231     13.00000
     0.05000      0.11416      0.13868      0.09361     13.00000
     0.07000      0.12284      0.13059      0.06836     13.00000
     0.09000      0.09823      0.11722      0.05931     13.00000
     0.11000      0.11826      0.12796      0.05406     13.00000
     0.13000      0.11247      0.11713      0.04780     13.00000
     0.15000      0.08454      0.09414      0.04681     13.00000
     0.17000      0.09594      0.10780      0.04345     13.00000
     0.19000      0.08342      0.09009      0.03442     13.00000
     0.21000      0.10067      0.09902      0.02857     13.00000
     0.23000      0.11939      0.11167      0.05678     13.00000
     0.25000      0.06873      0.09646      0.04482     13.00000
     0.27000      0.08998      0.08618      0.04150     13.00000
     0.29000      0.05076      0.07042      0.03306     13.00000
     0.31000      0.09416      0.08599      0.03364     13.00000
     0.33000      0.07068      0.07694      0.03383     13.00000
     0.35000      0.08636      0.09902      0.07022     13.00000
     0.37000      0.06526      0.07299      0.04007     13.00000
     0.39000      0.05427      0.06131      0.02754     13.00000
     0.41000      0.09028      0.09082      0.04578     13.00000
     0.43000      0.07623      0.09445      0.04644     13.00000
     0.45000      0.08012      0.07579      0.03375     13.00000
     0.47000      0.04638      0.07564      0.04755     13.00000
     0.49000      0.05883      0.08132      0.05221     13.00000
     0.51000      0.06615      0.07006      0.03904     13.00000
     0.53000      0.06824      0.07451      0.03655     13.00000
     0.55000      0.06321      0.07508      0.04587     13.00000
     0.57000      0.06546      0.06629      0.03731     13.00000
     0.59000      0.04402      0.06520      0.03953     13.00000
     0.61000      0.04463      0.05463      0.02133     13.00000
     0.63000      0.05232      0.05801      0.03154     13.00000
     0.65000      0.06144      0.07051      0.03588     13.00000
     0.67000      0.05086      0.06182      0.03601     13.00000
     0.69000      0.05760      0.06097      0.03208     13.00000
     0.71000      0.04347      0.05715      0.03444     13.00000
     0.73000      0.06209      0.06028      0.03020     13.00000
     0.75000      0.06081      0.06681      0.03274     13.00000
     0.77000      0.06079      0.07013      0.04338     13.00000
     0.79000      0.04776      0.05665      0.02910     13.00000
     0.81000      0.06683      0.05572      0.02455     13.00000
     0.83000      0.05098      0.05317      0.02524     13.00000
     0.85000      0.05475      0.06030      0.04138     13.00000
     0.87000      0.04119      0.04922      0.02372     13.00000
     0.89000      0.04341      0.04416      0.02274     13.00000
     0.91000      0.04460      0.04642      0.01755     13.00000
     0.93000      0.04594      0.05998      0.05671     13.00000
     0.95000      0.03328      0.05022      0.03772     13.00000
     0.97000      0.03439      0.04374      0.02120     13.00000
     0.99000      0.03683      0.04215      0.02326     13.00000
     1.01000      0.03414      0.04348      0.03220     13.00000
     1.03000      0.03644      0.04489      0.02993     13.00000
     1.05000      0.03686      0.05259      0.03813     13.00000
     1.07000      0.04188      0.05458      0.04813     13.00000
     1.09000      0.03782      0.05327      0.04858     13.00000
     1.11000      0.03018      0.04027      0.03086     13.00000
     1.13000      0.02779      0.04475      0.03263     13.00000
     1.15000      0.03609      0.03490      0.01324     13.00000
     1.17000      0.02825      0.03273      0.01753     13.00000
     1.19000      0.03332      0.03797      0.01987     13.00000
     1.21000      0.03103      0.03589      0.02389     13.00000
     1.23000      0.02790      0.03083      0.01469     13.00000
     1.25000      0.02076      0.03213      0.02234     13.00000
     1.27000      0.02346      0.03259      0.01656     13.00000
     1.29000      0.01999      0.03335      0.02524     13.00000
     1.31000      0.02110      0.03014      0.02092     13.00000
     1.33000      0.02568      0.03003      0.01624     13.00000
     1.35000      0.02168      0.03193      0.02136     13.00000
     1.37000      0.01960      0.02826      0.02034     13.00000
     1.39000      0.02158      0.02672      0.01749     13.00000
     1.41000      0.02358      0.02694      0.01548     13.00000
     1.43000      0.02345      0.03108      0.02192     13.00000
     1.45000      0.01885      0.02560      0.01587     13.00000
     1.47000      0.01644      0.02220      0.00952     13.00000
     1.49000      0.01932      0.02409      0.01270     13.00000
     1.51000      0.02575      0.02901      0.01211     13.00000
     1.53000      0.02462      0.03007      0.01611     13.00000
     1.55000      0.02528      0.02695      0.00969     13.00000
     1.57000      0.02523      0.03121      0.01446     13.00000
     1.59000      0.02156      0.02218      0.00886     13.00000
     1.61000      0.02245      0.02715      0.01497     13.00000
     1.63000      0.02022      0.02817      0.02040     13.00000
     1.65000      0.01805      0.02215      0.01021     13.00000
     1.67000      0.02139      0.02948      0.02463     13.00000
     1.69000      0.02139      0.02727      0.01343     13.00000
     1.71000      0.02248      0.02546      0.01323     13.00000
     1.73000      0.01996      0.02705      0.01378     13.00000
     1.75000      0.02088      0.02808      0.01530     13.00000
     1.77000      0.02608      0.02760      0.01256     13.00000
     1.79000      0.02462      0.03579      0.03977     13.00000
     1.81000      0.03066      0.03095      0.01786     13.00000
     1.83000      0.02501      0.02646      0.01066     13.00000
     1.85000      0.02720      0.02635      0.01142     13.00000
     1.87000      0.02650      0.03245      0.01824     13.00000
     1.89000      0.02165      0.02813      0.01473     13.00000
     1.91000      0.02499      0.03128      0.02038     13.00000
     1.93000      0.02303      0.02829      0.01327     13.00000
     1.95000      0.02236      0.02976      0.01502     13.00000
     1.97000      0.02234      0.02596      0.01182     13.00000
     1.99000      0.02142      0.02967      0.01816     13.00000
     2.01000      0.02505      0.02913      0.01418     13.00000
     2.03000      0.02609      0.02623      0.01030     13.00000
     2.05000      0.02563      0.03064      0.01801     13.00000
     2.07000      0.02516      0.03139      0.02206     13.00000
     2.09000      0.02036      0.03302      0.02864     13.00000
     2.11000      0.02282      0.02537      0.01246     13.00000
     2.13000      0.01947      0.02627      0.01678     13.00000
     2.15000      0.01931      0.02712      0.01987     13.00000
     2.17000      0.02174      0.02515      0.01422     13.00000
     2.19000      0.02635      0.02611      0.01117     13.00000
     2.21000      0.02472      0.02602      0.01268     13.00000
     2.23000      0.02051      0.03090      0.02193     13.00000
     2.25000      0.02148      0.03312      0.03585     13.00000
     2.27000      0.02038      0.03388      0.03893     13.00000
     2.29000      0.02133      0.03901      0.05094     13.00000
     2.31000      0.02176      0.02529      0.01779     13.00000
     2.33000      0.02099      0.02754      0.02312     13.00000
     2.35000      0.02153      0.03112      0.02685     13.00000
     2.37000      0.02378      0.03563      0.02797     13.00000
     2.39000      0.02428      0.02980      0.01656     13.00000
     2.41000      0.02389      0.03299      0.01881     13.00000
     2.43000      0.02707      0.03346      0.02303     13.00000
     2.45000      0.02378      0.03378      0.02722     13.00000
     2.47000      0.02316      0.03506      0.02900     13.00000
     2.49000      0.03007      0.03138      0.01859     13.00000
     2.51000      0.02411      0.02989      0.01966     13.00000
     2.53000      0.02756      0.03231      0.02278     13.00000
     2.55000      0.02268      0.03725      0.03145     13.00000
     2.57000      0.02934      0.03797      0.02575     13.00000
     2.59000      0.03030      0.03989      0.02258     13.00000
     2.61000      0.03787      0.04323      0.02420     13.00000
     2.63000      0.03333      0.03540      0.02169     13.00000
     2.65000      0.03261      0.04389      0.03270     13.00000
     2.67000      0.02543      0.03966      0.02667     13.00000
     2.69000      0.02555      0.03500      0.02746     13.00000
     2.71000      0.02744      0.04254      0.03613     13.00000
     2.73000      0.02730      0.03659      0.03172     13.00000
     2.75000      0.03522      0.04178      0.03469     13.00000
     2.77000      0.02811      0.03812      0.02995     13.00000
     2.79000      0.03169      0.04111      0.02751     13.00000
     2.81000      0.02969      0.03601      0.02034     13.00000
     2.83000      0.03173      0.03541      0.01933     13.00000
     2.85000      0.02762      0.04025      0.03554     13.00000
     2.87000      0.02602      0.04503      0.03419     13.00000
     2.89000      0.02584      0.04387      0.03351     13.00000
     2.91000      0.02684      0.04315      0.02966     13.00000
     2.93000      0.03137      0.04207      0.03596     13.00000
     2.95000      0.02920      0.04621      0.03680     13.00000
     2.97000      0.03071      0.04566      0.03454     13.00000
     2.99000      0.02779      0.04333      0.03239     13.00000
     3.01000      0.03426      0.04301      0.02633     13.00000
     3.03000      0.03314      0.04428      0.03132     13.00000
     3.05000      0.03173      0.04123      0.02646     13.00000
     3.07000      0.03803      0.04543      0.02457     13.00000
     3.09000      0.04337      0.04717      0.03844     13.00000
     3.11000      0.03831      0.05157      0.03701     13.00000
     3.13000      0.04352      0.05211      0.03364     13.00000
     3.15000      0.04073      0.05443      0.03789     13.00000
     3.17000      0.04017      0.04632      0.03031     13.00000
     3.19000      0.03915      0.05459      0.04883     13.00000
     3.21000      0.04003      0.05119      0.03672     13.00000
     3.23000      0.03258      0.04664      0.03803     13.00000
     3.25000      0.03388      0.04465      0.03675     13.00000
     3.27000      0.03493      0.04737      0.03774     13.00000
     3.29000      0.03483      0.04460      0.03386     13.00000
     3.31000      0.03045      0.04288      0.03332     13.00000
     3.33000      0.02989      0.04894      0.04116     13.00000
     3.35000      0.03237      0.04578      0.03553     13.00000
     3.37000      0.03307      0.04748      0.04504     13.00000
     3.39000      0.04393      0.06025      0.05883     13.00000
     3.41000      0.03697      0.04831      0.04711     13.00000
     3.43000      0.03392      0.04217      0.02690     13.00000
     3.45000      0.02672      0.04663      0.04321     13.00000
     3.47000      0.02938      0.03946      0.03438     13.00000
     3.49000      0.02959      0.04108      0.03708     13.00000
     3.51000      0.03414      0.04492      0.03826     13.00000
     3.53000      0.03619      0.04404      0.03213     13.00000
     3.55000      0.03311      0.04255      0.03083     13.00000
     3.57000      0.03223      0.04500      0.03151     13.00000
     3.59000      0.02928      0.03989      0.02115     13.00000
     3.61000      0.03572      0.04100      0.02827     13.00000
     3.63000      0.03669      0.03876      0.02131     13.00000
     3.65000      0.04089      0.04547      0.02496     13.00000
     3.67000      0.04141      0.03933      0.02083     13.00000
     3.69000      0.04233      0.04530      0.02979     13.00000
     3.71000      0.02594      0.04599      0.04090     13.00000
     3.73000      0.03195      0.04330      0.03166     13.00000
     3.75000      0.04246      0.04485      0.02864     13.00000
     3.77000      0.03129      0.05047      0.03766     13.00000
     3.79000      0.03120      0.04611      0.03377     13.00000
     3.81000      0.02498      0.05138      0.03957     13.00000
     3.83000      0.02736      0.04871      0.03624     13.00000
     3.85000      0.03496      0.05104      0.03701     13.00000
     3.87000      0.03682      0.06110      0.05180     13.00000
     3.89000      0.03821      0.04940      0.03039     13.00000
     3.91000      0.03316      0.04754      0.03123     13.00000
     3.93000      0.04156      0.05386      0.03600     13.00000
     3.95000      0.05381      0.05949      0.04062     13.00000
     3.97000      0.05117      0.05401      0.03456     13.00000
     3.99000      0.06612      0.05944      0.03704     13.00000
     4.01000      0.04397      0.05525      0.03505     13.00000
     4.03000      0.04132      0.05482      0.04061     13.00000
     4.05000      0.04002      0.05025      0.03568     13.00000
     4.07000      0.05680      0.05714      0.03913     13.00000
     4.09000      0.04754      0.04693      0.02856     13.00000
     4.11000      0.03650      0.04624      0.03096     13.00000
     4.13000      0.04409      0.04257      0.02938     13.00000
     4.15000      0.04241      0.04424      0.03539     13.00000
     4.17000      0.04051      0.04231      0.02923     13.00000
     4.19000      0.04113      0.04516      0.02672     13.00000
     4.21000      0.03738      0.04576      0.02689     13.00000
     4.23000      0.03825      0.04904      0.02863     13.00000
     4.25000      0.02687      0.05049      0.03369     13.00000
     4.27000      0.06079      0.05781      0.03993     13.00000
     4.29000      0.02649      0.04466      0.02983     13.00000
     4.31000      0.03545      0.04436      0.02280     13.00000
     4.33000      0.03763      0.04468      0.02556     13.00000
     4.35000      0.03593      0.04466      0.02346     13.00000
     4.37000      0.03877      0.04363      0.01892     13.00000
     4.39000      0.04241      0.05378      0.03558     13.00000
     4.41000      0.04762      0.05246      0.02830     13.00000
     4.43000      0.04787      0.05340      0.02611     13.00000
     4.45000      0.04956      0.05423      0.03019     13.00000
     4.47000      0.04524      0.05366      0.03723     13.00000
     4.49000      0.04912      0.05730      0.03736     13.00000
     4.51000      0.06531      0.07157      0.05101     13.00000
     4.53000      0.05769      0.06669      0.04182     13.00000
     4.55000      0.05606      0.06883      0.04430     13.00000
     4.57000      0.05140      0.05557      0.02871     13.00000
     4.59000      0.04731      0.04913      0.02587     13.00000
     4.61000      0.06526      0.05994      0.03133     13.00000
     4.63000      0.05689      0.06261      0.02950     13.00000
     4.65000      0.05982      0.06370      0.03657     13.00000
     4.67000      0.05930      0.05697      0.02614     13.00000
     4.69000      0.06548      0.06123      0.03584     13.00000
     4.71000      0.05713      0.06419      0.03612     13.00000
     4.73000      0.05408      0.07144      0.04664     13.00000
     4.75000      0.08691      0.07439      0.04185     13.00000
     4.77000      0.04805      0.06570      0.04166     13.00000
     4.79000      0.06082      0.06653      0.03443     13.00000
     4.81000      0.06768      0.06804      0.03378     13.00000
     4.83000      0.06577      0.06491      0.03073     13.00000
     4.85000      0.04992      0.06146      0.03118     13.00000
     4.87000      0.06211      0.06233      0.03468     13.00000
     4.89000      0.06804      0.06636      0.03773     13.00000
     4.91000      0.06723      0.05936      0.03105     13.00000
     4.93000      0.04905      0.05954      0.03519     13.00000
     4.95000      0.06247      0.07163      0.04392     13.00000
     4.97000      0.07029      0.07782      0.04805     13.00000
     4.99000      0.08000      0.07834      0.04386     13.00000
