    -1.99000      5.31199      6.04228      3.20185     16.00000
    -1.97000      5.18655      6.07830      3.75470     16.00000
    -1.95000      4.52852      5.54351      3.34549     16.00000
    -1.93000      4.68110      5.67012      3.57268     16.00000
    -1.91000      5.46704      6.01107      3.70629     16.00000
    -1.89000      5.60685      5.74409      2.87428     16.00000
    -1.87000      4.99370      5.75458      2.76254     16.00000
    -1.85000      4.99564      5.77562      2.69172     15.00000
    -1.83000      5.42309      5.86814      2.79833     14.00000
    -1.81000      5.34958      5.89565      2.88635     14.00000
    -1.79000      5.11333      6.06794      3.02194     15.00000
    -1.77000      4.58550      6.06606      3.02402     15.00000
    -1.75000      4.34430      5.75419      2.68156     15.00000
    -1.73000      4.81052      6.20295      3.86944     16.00000
    -1.71000      4.63145      6.33234      4.07116     16.00000
    -1.69000      4.42948      6.07567      3.39675     16.00000
    -1.67000      4.39373      6.21158      3.70925     16.00000
    -1.65000      4.62002      6.45052      4.07033     16.00000
    -1.63000      4.54593      6.77458      4.48873     16.00000
    -1.61000      5.34221      6.56202      3.96505     15.00000
    -1.59000      5.09804      6.54716      3.93281     15.00000
    -1.57000      5.07129      6.29910      3.87043     15.00000
    -1.55000      4.13211      5.78250      3.45244     15.00000
    -1.53000      4.13602      5.52855      3.41332     16.00000
    -1.51000      4.75002      5.76256      3.40390     16.00000
    -1.49000      4.92821      5.92615      3.38179     16.00000
    -1.47000      5.45153      6.42162      4.22655     16.00000
    -1.45000      5.48764      6.54547      4.54691     16.00000
    -1.43000      6.01204      6.86736      4.53028     15.00000
    -1.41000      6.05003      7.04409      4.40377     15.00000
    -1.39000      6.74200      7.09629      4.28959     15.00000
    -1.37000      6.06664      6.82869      3.97976     15.00000
    -1.35000      5.54368      7.18980      4.56657     15.00000
    -1.33000      5.70521      7.16968      4.59141     15.00000
    -1.31000      5.48939      7.15032      4.53273     15.00000
    -1.29000      5.49176      7.24061      4.55899     15.00000
    -1.27000      5.04203      7.05279      4.58161     15.00000
    -1.25000      5.13983      7.08535      5.30662     15.00000
    -1.23000      4.93736      6.14576      3.33738     15.00000
    -1.21000      4.98845      5.90007      3.21308     15.00000
    -1.19000      5.33517      6.07944      3.24150     15.00000
    -1.17000      5.27486      6.35180      3.60805     15.00000
    -1.15000      5.29220      6.88684      3.77061     14.00000
    -1.13000      4.99337      7.35229      4.69079     14.00000
    -1.11000      5.29206      7.56557      4.90953     14.00000
    -1.09000      5.14190      6.04678      2.81401     13.00000
    -1.07000      4.62048      5.98224      2.78833     13.00000
    -1.05000      4.64667      5.70328      2.45734     13.00000
    -1.03000      4.48269      5.65890      2.63126     13.00000
    -1.01000      4.49026      5.91398      3.28706     13.00000
    -0.99000      4.36357      6.06423      3.80143     13.00000
    -0.97000      4.28335      6.16629      4.90630     13.00000
    -0.95000      4.39213      6.41729      5.16362     13.00000
    -0.93000      4.34341      6.54657      5.62738     13.00000
    -0.91000      4.39226      6.04668      4.78625     13.00000
    -0.89000      4.37989      5.33569      3.22012     14.00000
    -0.87000      4.47407      5.48640      3.56014     14.00000
    -0.85000      4.72414      6.63171      4.75333     15.00000
    -0.83000      4.68502      7.21007      5.18096     15.00000
    -0.81000      4.68042      8.74204      9.66392     14.00000
    -0.79000      5.21101      8.37989      7.92558     14.00000
    -0.77000      5.52822      9.29217     10.09046     14.00000
    -0.75000      5.68218      9.72284     10.52569     14.00000
    -0.73000      5.57009      9.74979     10.62097     14.00000
    -0.71000      8.10639     10.42153      9.89445     14.00000
    -0.69000      7.85311     10.78682      9.88960     14.00000
    -0.67000      8.77361     10.93605     10.77473     14.00000
    -0.65000      8.97938     10.73358      9.56564     14.00000
    -0.63000      8.52564     10.72814      8.94259     14.00000
    -0.61000      8.57292     11.00594      8.58153     14.00000
    -0.59000      8.54944     11.27992      9.59307     14.00000
    -0.57000      6.85977     10.48454      8.85475     16.00000
    -0.55000      7.13737     10.79993     10.06214     16.00000
    -0.53000      7.20875     11.11674     10.22608     16.00000
    -0.51000      6.83462     10.77000     11.46961     16.00000
    -0.49000      5.96815     10.35912     11.57929     16.00000
    -0.47000      6.18314     10.99440     11.22153     16.00000
    -0.45000      6.78042     10.50869     10.29995     16.00000
    -0.43000      7.14610     12.07254     11.39145     16.00000
    -0.41000      6.92118     11.87924     11.28895     16.00000
    -0.39000      6.94881     13.04253     14.05651     16.00000
    -0.37000      6.88145     13.62889     15.33222     16.00000
    -0.35000      6.95171     14.06013     15.63148     16.00000
    -0.33000      7.07813     14.43075     15.51939     16.00000
    -0.31000      9.66418     15.15972     13.62987     16.00000
    -0.29000      9.51375     16.57091     13.99965     16.00000
    -0.27000     11.77515     18.01713     13.92717     16.00000
    -0.25000     12.67274     18.71037     14.41498     16.00000
    -0.23000     14.16957     20.09889     16.63376     16.00000
    -0.21000     13.33727     21.31629     19.32700     16.00000
    -0.19000     14.83671     21.29498     17.91551     16.00000
    -0.17000     13.60303     21.36478     19.29795     16.00000
    -0.15000     15.27527     19.97182     17.04472     16.00000
    -0.13000     13.52566     19.62158     17.18981     16.00000
    -0.11000     12.66622     17.18763     12.08196     16.00000
    -0.09000     12.79452     16.34987     11.42756     16.00000
    -0.07000     12.93241     17.66737     12.93529     16.00000
    -0.05000     13.38565     18.07323     13.08060     16.00000
    -0.03000     14.41524     18.47508     16.60210     16.00000
    -0.01000     13.62603     17.96859     17.31848     16.00000
     0.01000     13.06439     16.08401     14.80836     16.00000
     0.03000     13.22002     17.83274     19.72330     16.00000
     0.05000     11.34875     15.05802     14.77967     16.00000
     0.07000      9.62784     11.28360      6.11137     16.00000
     0.09000      8.37687     10.47185      5.82054     16.00000
     0.11000      9.46164     10.58349      5.04988     16.00000
     0.13000      9.25687      9.77491      5.13644     16.00000
     0.15000      9.08496      9.52129      4.81211     16.00000
     0.17000      9.12402      9.08586      4.16711     16.00000
     0.19000      9.21576      9.54722      4.44554     16.00000
     0.21000      8.42896      8.44657      3.79012     16.00000
     0.23000      7.03340      8.75031      4.74630     16.00000
     0.25000      8.31725      9.32666      5.20928     16.00000
     0.27000      7.20622      9.02668      5.94899     16.00000
     0.29000      8.85293      9.28042      6.34905     16.00000
     0.31000      9.31065      9.06333      5.79930     16.00000
     0.33000      8.22946      8.56738      5.35516     16.00000
     0.35000      7.63932      8.06040      5.45344     16.00000
     0.37000      8.70045      8.18026      5.65789     16.00000
     0.39000      8.14222      8.56024      6.41499     16.00000
     0.41000      7.49459      9.01823      7.19032     16.00000
     0.43000      8.04190      8.76253      6.52355     16.00000
     0.45000      8.52211      8.55477      5.13833     16.00000
     0.47000      8.48100      8.79139      4.94207     16.00000
     0.49000      8.26957      8.65602      4.18742     16.00000
     0.51000      8.63839      8.44474      3.64311     16.00000
     0.53000      8.16713      8.13852      2.74588     16.00000
     0.55000      8.00164      8.16125      2.74182     16.00000
     0.57000      7.66023      8.67833      3.54655     16.00000
     0.59000      7.90879      9.26732      4.22270     16.00000
     0.61000      7.32720      8.56911      4.18581     16.00000
     0.63000      8.00828      8.75183      4.73450     16.00000
     0.65000      8.58855      9.00385      5.21098     16.00000
     0.67000      8.47966      8.54322      4.66201     16.00000
     0.69000      8.35290      8.55665      4.96672     16.00000
     0.71000      7.43969      8.47666      4.65225     16.00000
     0.73000      7.36097      8.18253      4.39767     16.00000
     0.75000      7.86600      8.50769      4.13073     16.00000
     0.77000      9.15253      8.72390      4.40390     16.00000
     0.79000      9.83990     10.00034      6.37161     16.00000
     0.81000     10.66584     10.51561      7.10289     16.00000
     0.83000     10.06093      9.97635      6.52615     16.00000
     0.85000      9.13960     10.22474      6.46339     16.00000
     0.87000      9.20270      9.60989      5.12291     16.00000
     0.89000      9.23327      9.04048      4.53434     16.00000
     0.91000      8.91344      9.33609      5.60662     16.00000
     0.93000      6.55800      9.67043      6.90305     15.00000
     0.95000      7.30696      8.71151      4.60423     15.00000
     0.97000      8.73306      8.81982      4.27909     16.00000
     0.99000      8.82288      8.53674      3.71080     16.00000
     1.01000      8.76554      9.93792      4.69313     16.00000
     1.03000      9.64532     12.62860      8.15864     16.00000
     1.05000      9.55352     12.74672      7.77470     16.00000
     1.07000     10.42822     11.41743      6.14438     16.00000
     1.09000      9.62800     10.73777      5.24381     16.00000
     1.11000     10.16279     10.66229      5.42582     16.00000
     1.13000     10.49179     10.57749      5.45148     16.00000
     1.15000      8.52069      9.34538      4.22511     16.00000
     1.17000      8.63350      9.19943      4.34845     16.00000
     1.19000      8.06686      7.99279      3.18608     16.00000
     1.21000      8.87691      8.99977      4.11723     16.00000
     1.23000      8.48243      8.96374      3.95456     15.00000
     1.25000      9.40495      8.71995      3.27536     15.00000
     1.27000      7.99534      8.85467      3.98372     15.00000
     1.29000      7.72609      9.34567      5.21912     15.00000
     1.31000      8.68969      8.77575      4.60664     15.00000
     1.33000      8.83274      8.44084      3.87762     15.00000
     1.35000      6.86812      7.86087      3.78419     15.00000
     1.37000      8.15132      8.43185      4.37645     15.00000
     1.39000      6.79424      8.16286      5.56472     14.00000
     1.41000      6.77257      9.01822      8.43619     14.00000
     1.43000      6.78086      8.59412      6.82647     14.00000
     1.45000      7.78637      8.21625      5.56577     14.00000
     1.47000      8.11872      8.43183      5.66944     14.00000
     1.49000      7.71528      8.77375      6.25669     14.00000
     1.51000      7.33367      8.00399      5.21317     14.00000
     1.53000      7.27817      7.38986      4.55742     14.00000
     1.55000      7.04279      7.06714      3.84826     14.00000
     1.57000      6.54927      6.67182      3.08483     14.00000
     1.59000      7.05817      6.40291      2.85843     14.00000
     1.61000      7.06805      6.26969      2.81055     14.00000
     1.63000      7.05492      6.15605      2.70538     14.00000
     1.65000      6.98793      7.15394      4.13536     14.00000
     1.67000      7.56172      8.12930      5.60640     14.00000
     1.69000      7.20075      7.86948      4.50330     14.00000
     1.71000      7.09673      7.56295      4.36460     14.00000
     1.73000      6.66415      7.19176      4.40855     14.00000
     1.75000      7.46273      7.40526      4.26677     14.00000
     1.77000      7.62002      7.60280      4.49374     14.00000
     1.79000      6.88758      9.75554     11.75519     14.00000
     1.81000      7.19336     10.32137     13.54781     15.00000
     1.83000      7.32739      8.22326      6.06358     16.00000
     1.85000      6.92345      8.56305      6.42697     15.00000
     1.87000      6.60860      8.13167      5.88266     15.00000
     1.89000      5.82147      7.64800      5.39617     15.00000
     1.91000      5.76908      9.15078      8.56453     15.00000
     1.93000      6.29746      8.59791      7.31766     15.00000
     1.95000      6.57805      9.09562      7.75710     16.00000
     1.97000      6.99499      9.01023      8.39569     16.00000
     1.99000      6.49011      9.09633      8.13672     16.00000
     2.01000      6.70397      9.16126      7.66187     16.00000
     2.03000      6.61671      9.80118      9.09669     16.00000
     2.05000      8.18089     10.03909      8.72234     16.00000
     2.07000      7.48219      9.70465      8.23831     16.00000
     2.09000      7.63802      9.30699      7.85919     16.00000
     2.11000      7.67946      9.06155      7.04626     16.00000
     2.13000      7.21748      8.30782      5.41772     16.00000
     2.15000      7.75916      7.67033      4.27302     16.00000
     2.17000      7.36117      7.69026      4.36294     16.00000
     2.19000      6.53260      7.08477      3.82945     16.00000
     2.21000      6.38196      7.24976      4.31894     16.00000
     2.23000      5.74304      6.67559      3.85935     16.00000
     2.25000      5.65120      6.84572      3.96045     16.00000
     2.27000      5.50096      7.90821      6.38605     16.00000
     2.29000      5.40070      8.18557      6.18428     16.00000
     2.31000      6.05248      9.04082      6.88826     16.00000
     2.33000      6.48067      9.14046      6.98002     16.00000
     2.35000      6.28049      8.81862      6.53505     16.00000
     2.37000      6.66854      8.12821      5.91787     16.00000
     2.39000      6.77918      7.80159      4.68644     16.00000
     2.41000      6.83218      7.68339      4.85711     16.00000
     2.43000      7.02418      7.58637      4.66581     16.00000
     2.45000      6.65693      7.24258      4.11206     16.00000
     2.47000      6.46878      7.17873      4.31421     16.00000
     2.49000      5.83929      7.16824      4.70063     16.00000
     2.51000      6.30148      7.16070      4.86137     16.00000
     2.53000      6.21226      7.31085      5.14162     16.00000
     2.55000      5.66648      6.78359      3.53403     16.00000
     2.57000      5.73770      6.77005      3.52794     16.00000
     2.59000      5.66180      7.03140      4.43364     16.00000
     2.61000      5.86078      7.05963      4.72041     16.00000
     2.63000      5.46855      6.84809      4.15609     16.00000
     2.65000      5.25196      7.29488      5.02572     16.00000
     2.67000      4.91632      7.35982      4.66625     15.00000
     2.69000      5.13235      7.11708      4.60743     16.00000
     2.71000      5.92865      7.81031      5.87676     16.00000
     2.73000      5.48197      8.39446      6.87583     16.00000
     2.75000      5.37416      8.42565      6.72967     16.00000
     2.77000      5.15191      8.43621      6.82480     16.00000
     2.79000      4.97971      8.48430      7.25032     15.00000
     2.81000      5.80467      8.95942      8.58252     15.00000
     2.83000      6.27763      9.04245      8.63802     15.00000
     2.85000      6.97792      9.85564     10.45901     14.00000
     2.87000      6.56782      7.85142      4.85590     14.00000
     2.89000      7.38373      7.17556      3.58883     14.00000
     2.91000      7.06232      7.27022      3.64776     14.00000
     2.93000      6.05031      7.99098      5.37386     15.00000
     2.95000      6.03036      6.85523      3.23108     15.00000
     2.97000      4.98753      6.63741      3.42742     15.00000
     2.99000      5.75031      7.01381      4.27263     15.00000
     3.01000      5.61024      7.34827      4.54841     15.00000
     3.03000      4.58155      7.49513      4.93716     15.00000
     3.05000      4.83931      7.44180      4.41170     15.00000
     3.07000      4.81358      7.44700      4.44604     15.00000
     3.09000      5.06168      6.92529      4.23164     15.00000
     3.11000      4.21062      6.26427      3.76224     15.00000
     3.13000      4.15329      6.11220      3.65362     14.00000
     3.15000      4.62230      6.23301      3.46023     14.00000
     3.17000      5.64704      6.57066      3.45128     14.00000
     3.19000      5.64635      7.21620      3.95631     15.00000
     3.21000      5.09688      7.36468      4.45543     15.00000
     3.23000      4.61689      7.52328      4.58695     15.00000
     3.25000      7.01958      7.32091      4.32061     15.00000
     3.27000      7.03968      7.37114      4.06533     14.00000
     3.29000      7.62825      7.33817      3.75484     14.00000
     3.31000      8.18331      9.65302      8.54553     15.00000
     3.33000      8.74760     10.21921      9.45452     15.00000
     3.35000      9.03764     10.28891      8.60357     15.00000
     3.37000      8.40875      9.18425      6.27062     15.00000
     3.39000      7.24507      8.55557      5.73328     15.00000
     3.41000      7.80463      9.10377      7.18827     15.00000
     3.43000      7.09544      9.35912     10.77526     15.00000
     3.45000      6.26480     10.02677     12.83158     15.00000
     3.47000      6.36612      9.15567      8.67043     15.00000
     3.49000      6.82136      9.24551      8.59837     15.00000
     3.51000      6.63608      8.27177      5.49787     15.00000
     3.53000      6.42731      7.28308      3.62045     15.00000
     3.55000      6.78327      7.35568      4.13122     15.00000
     3.57000      7.29482      7.46824      3.63008     15.00000
     3.59000      6.40691      7.34408      3.22811     15.00000
     3.61000      6.39064      7.19304      3.09485     15.00000
     3.63000      6.71148      6.98150      2.65223     15.00000
     3.65000      6.07445      6.93244      2.87079     15.00000
     3.67000      5.91185      6.89311      3.09138     15.00000
     3.69000      5.98600      6.99618      3.20217     15.00000
     3.71000      6.13593      7.13241      3.36571     15.00000
     3.73000      5.84407      7.04225      3.38174     15.00000
     3.75000      6.16158      6.99696      3.19514     15.00000
     3.77000      6.55174      6.97462      3.48275     15.00000
     3.79000      6.64414      7.13234      3.61650     15.00000
     3.81000      6.79293      7.08900      3.12627     15.00000
     3.83000      6.47109      9.48920      9.83502     16.00000
     3.85000      6.55535      9.59230      9.13459     16.00000
     3.87000      6.40797      9.09965      7.18458     16.00000
     3.89000      7.05963      9.02464      7.20469     16.00000
     3.91000      7.39109      8.90713      6.88357     16.00000
     3.93000      6.47676      8.66470      6.50834     16.00000
     3.95000      6.71277      8.82531      6.39458     16.00000
     3.97000      6.77456      8.68096      6.12697     16.00000
     3.99000      6.40731      8.55743      6.11792     16.00000
     4.01000      6.31046      8.37845      6.12484     16.00000
     4.03000      5.90460      8.82510      7.60517     16.00000
     4.05000      5.67691      9.62407      9.32335     16.00000
     4.07000      5.81933      9.98667     10.46641     15.00000
     4.09000      5.85853      8.96508      7.43543     15.00000
     4.11000      5.77004      8.76344      7.58941     15.00000
     4.13000      5.54869      8.43296      7.08356     15.00000
     4.15000      5.89684      8.28863      7.02855     15.00000
     4.17000      6.38352      7.50429      4.41824     15.00000
     4.19000      6.80791      7.22516      3.79611     16.00000
     4.21000      6.31036      6.69717      3.04707     16.00000
     4.23000      5.77053      6.36449      2.75684     16.00000
     4.25000      5.87774      6.25283      2.64931     16.00000
     4.27000      6.33083      6.60789      3.15410     16.00000
     4.29000      6.24095      7.55379      4.97070     16.00000
     4.31000      6.14787      8.20853      5.52621     15.00000
     4.33000      6.12226      7.33960      4.26876     15.00000
     4.35000      6.26577      6.99146      3.86092     15.00000
     4.37000      5.24772      6.69610      3.56793     15.00000
     4.39000      6.51181      7.15090      3.50257     15.00000
     4.41000      6.98558      7.29773      3.31236     15.00000
     4.43000      6.72193      7.05029      3.21599     15.00000
     4.45000      6.06467      6.91055      3.31659     15.00000
     4.47000      6.84833      6.93824      3.29647     15.00000
     4.49000      6.15608      6.56468      2.88392     15.00000
     4.51000      6.14686      6.24468      2.67673     15.00000
     4.53000      5.99981      6.19600      2.94405     15.00000
     4.55000      4.94654      6.00457      3.00124     15.00000
     4.57000      5.48689      5.94384      3.08024     15.00000
     4.59000      5.65942      6.68786      4.40076     15.00000
     4.61000      5.40730      6.67799      4.43232     15.00000
     4.63000      5.46969      6.78198      5.07832     15.00000
     4.65000      5.29229      7.32516      7.12239     14.00000
     4.67000      5.11446      7.48729      8.12726     14.00000
     4.69000      5.24164      7.87181      8.94839     14.00000
     4.71000      5.21308      7.62893      7.91857     14.00000
     4.73000      6.21835      7.70495      7.41599     14.00000
     4.75000      5.78760      8.28805      9.10096     14.00000
     4.77000      5.69975      9.19288     12.94506     14.00000
     4.79000      5.42668      8.31291     10.04505     14.00000
     4.81000      5.07630      7.32688      8.15217     14.00000
     4.83000      4.80669      6.90318      6.22252     14.00000
     4.85000      5.13970      6.93628      4.75153     14.00000
     4.87000      5.24158      6.93699      4.73150     14.00000
     4.89000      5.51647      6.83971      4.66690     14.00000
     4.91000      5.23650      6.36777      4.57677     14.00000
     4.93000      5.18936      6.16773      4.35849     14.00000
     4.95000      5.13357      6.69781      4.79748     14.00000
     4.97000      5.50816      6.49381      4.42214     14.00000
     4.99000      5.51040      5.98080      3.56220     14.00000
