    -1.99000      0.02298      0.03342      0.03045     15.00000
    -1.97000      0.02633      0.03507      0.03356     15.00000
    -1.95000      0.02480      0.03700      0.03592     15.00000
    -1.93000      0.02755      0.03633      0.03343     15.00000
    -1.91000      0.02931      0.03529      0.03126     15.00000
    -1.89000      0.02927      0.03825      0.03873     14.00000
    -1.87000      0.02694      0.03694      0.03412     14.00000
    -1.85000      0.02873      0.02911      0.01392     13.00000
    -1.83000      0.02959      0.03037      0.01530     13.00000
    -1.81000      0.02716      0.02877      0.01409     13.00000
    -1.79000      0.02905      0.02882      0.01322     13.00000
    -1.77000      0.02988      0.03042      0.01526     13.00000
    -1.75000      0.02409      0.02749      0.01266     13.00000
    -1.73000      0.02639      0.02737      0.01324     14.00000
    -1.71000      0.02385      0.02807      0.01274     14.00000
    -1.69000      0.02475      0.02771      0.01484     14.00000
    -1.67000      0.02616      0.03015      0.01736     14.00000
    -1.65000      0.02228      0.02887      0.01790     14.00000
    -1.63000      0.02003      0.02865      0.01966     14.00000
    -1.61000      0.02126      0.03073      0.02301     14.00000
    -1.59000      0.02235      0.02920      0.01861     14.00000
    -1.57000      0.02362      0.02623      0.01384     14.00000
    -1.55000      0.02447      0.02818      0.01390     14.00000
    -1.53000      0.02120      0.02742      0.01352     14.00000
    -1.51000      0.02211      0.02600      0.01269     14.00000
    -1.49000      0.02127      0.02640      0.01257     14.00000
    -1.47000      0.02206      0.02790      0.01507     14.00000
    -1.45000      0.02170      0.02774      0.01509     14.00000
    -1.43000      0.01978      0.02710      0.01405     14.00000
    -1.41000      0.02096      0.02968      0.01546     15.00000
    -1.39000      0.02263      0.03247      0.01821     14.00000
    -1.37000      0.02171      0.03250      0.02266     15.00000
    -1.35000      0.02023      0.03137      0.02421     14.00000
    -1.33000      0.02201      0.03254      0.02464     15.00000
    -1.31000      0.01975      0.03183      0.02487     15.00000
    -1.29000      0.02065      0.03312      0.02516     15.00000
    -1.27000      0.02180      0.03454      0.03019     15.00000
    -1.25000      0.02133      0.03330      0.02445     15.00000
    -1.23000      0.02047      0.03299      0.02201     15.00000
    -1.21000      0.02030      0.03340      0.02253     15.00000
    -1.19000      0.02114      0.03456      0.02370     15.00000
    -1.17000      0.02500      0.03473      0.02466     15.00000
    -1.15000      0.02917      0.03120      0.01731     15.00000
    -1.13000      0.02500      0.02883      0.01440     15.00000
    -1.11000      0.02289      0.02760      0.01454     15.00000
    -1.09000      0.02312      0.02708      0.01427     15.00000
    -1.07000      0.02104      0.02659      0.01500     15.00000
    -1.05000      0.02125      0.02733      0.01835     15.00000
    -1.03000      0.02245      0.03102      0.02232     15.00000
    -1.01000      0.02238      0.03376      0.02705     14.00000
    -0.99000      0.02143      0.03004      0.01997     14.00000
    -0.97000      0.02308      0.02778      0.01745     15.00000
    -0.95000      0.02222      0.02794      0.01755     15.00000
    -0.93000      0.02065      0.02786      0.01678     15.00000
    -0.91000      0.02336      0.02876      0.01759     15.00000
    -0.89000      0.02170      0.02687      0.01675     15.00000
    -0.87000      0.02284      0.02972      0.01898     14.00000
    -0.85000      0.02094      0.02740      0.01493     15.00000
    -0.83000      0.02125      0.02884      0.01813     15.00000
    -0.81000      0.02342      0.02731      0.01773     14.00000
    -0.79000      0.02701      0.03091      0.02044     15.00000
    -0.77000      0.02851      0.02952      0.01853     15.00000
    -0.75000      0.02806      0.03147      0.02029     15.00000
    -0.73000      0.02318      0.02944      0.01982     15.00000
    -0.71000      0.02149      0.02951      0.02151     15.00000
    -0.69000      0.02004      0.02910      0.02265     15.00000
    -0.67000      0.02340      0.03015      0.02197     15.00000
    -0.65000      0.02297      0.03117      0.02206     15.00000
    -0.63000      0.02144      0.02773      0.01695     15.00000
    -0.61000      0.02934      0.02973      0.02029     15.00000
    -0.59000      0.02085      0.02985      0.02091     15.00000
    -0.57000      0.01965      0.03098      0.02646     15.00000
    -0.55000      0.02050      0.03099      0.02360     15.00000
    -0.53000      0.01901      0.03128      0.02380     15.00000
    -0.51000      0.02432      0.03135      0.02345     15.00000
    -0.49000      0.02673      0.03355      0.02655     15.00000
    -0.47000      0.02481      0.03530      0.03160     15.00000
    -0.45000      0.02674      0.03688      0.03749     15.00000
    -0.43000      0.02677      0.03909      0.04294     15.00000
    -0.41000      0.02827      0.03670      0.03947     15.00000
    -0.39000      0.02910      0.03895      0.04336     15.00000
    -0.37000      0.02680      0.03980      0.04699     15.00000
    -0.35000      0.02839      0.04458      0.05346     14.00000
    -0.33000      0.02827      0.04101      0.04792     15.00000
    -0.31000      0.02660      0.04184      0.05128     15.00000
    -0.29000      0.03061      0.04056      0.04652     15.00000
    -0.27000      0.03314      0.04373      0.05400     15.00000
    -0.25000      0.03576      0.04499      0.05100     15.00000
    -0.23000      0.03551      0.04781      0.05667     15.00000
    -0.21000      0.03286      0.05067      0.06642     15.00000
    -0.19000      0.03069      0.04295      0.04105     15.00000
    -0.17000      0.03483      0.03959      0.03391     15.00000
    -0.15000      0.03385      0.03921      0.02976     15.00000
    -0.13000      0.03261      0.03861      0.02863     15.00000
    -0.11000      0.03800      0.04364      0.03597     15.00000
    -0.09000      0.03446      0.04457      0.04020     15.00000
    -0.07000      0.03862      0.04476      0.03988     15.00000
    -0.05000      0.04001      0.04546      0.04147     15.00000
    -0.03000      0.04636      0.04578      0.03354     15.00000
    -0.01000      0.03881      0.04462      0.03293     15.00000
     0.01000      0.02641      0.04352      0.04139     15.00000
     0.03000      0.03383      0.04905      0.05834     15.00000
     0.05000      0.02921      0.03742      0.02942     15.00000
     0.07000      0.02700      0.03864      0.03133     15.00000
     0.09000      0.02902      0.04059      0.03135     15.00000
     0.11000      0.03721      0.04499      0.03221     15.00000
     0.13000      0.03642      0.04110      0.02854     15.00000
     0.15000      0.03813      0.04455      0.03287     15.00000
     0.17000      0.03706      0.04680      0.03153     14.00000
     0.19000      0.03270      0.04534      0.03439     15.00000
     0.21000      0.03054      0.04241      0.03134     15.00000
     0.23000      0.03000      0.03953      0.03067     15.00000
     0.25000      0.03380      0.03877      0.02842     15.00000
     0.27000      0.03235      0.04114      0.03387     14.00000
     0.29000      0.02846      0.03892      0.03482     15.00000
     0.31000      0.03179      0.04060      0.03812     15.00000
     0.33000      0.03415      0.04225      0.04255     15.00000
     0.35000      0.04599      0.04538      0.03879     15.00000
     0.37000      0.04741      0.04809      0.04265     15.00000
     0.39000      0.03230      0.04661      0.04512     15.00000
     0.41000      0.02859      0.04969      0.05365     15.00000
     0.43000      0.03056      0.04787      0.05037     15.00000
     0.45000      0.02956      0.04541      0.04984     15.00000
     0.47000      0.03287      0.04319      0.04456     15.00000
     0.49000      0.03969      0.04514      0.03627     15.00000
     0.51000      0.03594      0.04355      0.03544     15.00000
     0.53000      0.03557      0.04517      0.03361     15.00000
     0.55000      0.05046      0.05152      0.03781     14.00000
     0.57000      0.03208      0.04257      0.03353     15.00000
     0.59000      0.02953      0.03991      0.02928     15.00000
     0.61000      0.03294      0.04040      0.03417     15.00000
     0.63000      0.02969      0.04504      0.04597     15.00000
     0.65000      0.02631      0.04564      0.04972     15.00000
     0.67000      0.02666      0.04300      0.04135     15.00000
     0.69000      0.03406      0.04595      0.04491     15.00000
     0.71000      0.03415      0.04688      0.04459     15.00000
     0.73000      0.02792      0.04830      0.04505     15.00000
     0.75000      0.02893      0.05502      0.06355     15.00000
     0.77000      0.02749      0.04525      0.03454     15.00000
     0.79000      0.02701      0.04754      0.03676     15.00000
     0.81000      0.04118      0.05588      0.04345     15.00000
     0.83000      0.03607      0.04921      0.03772     15.00000
     0.85000      0.03080      0.04653      0.03343     15.00000
     0.87000      0.04418      0.04622      0.03430     15.00000
     0.89000      0.04966      0.05036      0.03133     15.00000
     0.91000      0.03627      0.05417      0.03495     15.00000
     0.93000      0.04279      0.05581      0.03909     15.00000
     0.95000      0.04553      0.05191      0.03640     15.00000
     0.97000      0.04312      0.04866      0.03365     15.00000
     0.99000      0.05090      0.05611      0.04513     15.00000
     1.01000      0.05024      0.05708      0.04995     15.00000
     1.03000      0.04395      0.05822      0.04470     15.00000
     1.05000      0.03431      0.05898      0.05023     15.00000
     1.07000      0.03551      0.05389      0.04501     15.00000
     1.09000      0.03528      0.04761      0.03085     15.00000
     1.11000      0.03788      0.04835      0.03235     15.00000
     1.13000      0.04040      0.04449      0.02945     15.00000
     1.15000      0.04525      0.04465      0.02680     15.00000
     1.17000      0.03933      0.04190      0.02499     15.00000
     1.19000      0.03843      0.04392      0.02919     15.00000
     1.21000      0.04318      0.04821      0.03201     15.00000
     1.23000      0.04035      0.04504      0.02837     15.00000
     1.25000      0.04626      0.04541      0.02416     15.00000
     1.27000      0.04813      0.04818      0.02357     15.00000
     1.29000      0.05344      0.04738      0.02090     15.00000
     1.31000      0.04560      0.04598      0.02550     15.00000
     1.33000      0.04870      0.04637      0.02432     15.00000
     1.35000      0.04874      0.04573      0.02308     14.00000
     1.37000      0.04059      0.04115      0.02244     14.00000
     1.39000      0.03374      0.03952      0.01994     14.00000
     1.41000      0.03781      0.04319      0.02385     14.00000
     1.43000      0.03730      0.04308      0.02643     14.00000
     1.45000      0.03377      0.04071      0.02567     15.00000
     1.47000      0.03894      0.04251      0.02546     15.00000
     1.49000      0.04134      0.04733      0.02969     15.00000
     1.51000      0.04641      0.04532      0.02635     15.00000
     1.53000      0.03803      0.04182      0.02321     15.00000
     1.55000      0.04524      0.04270      0.02197     15.00000
     1.57000      0.03760      0.04504      0.02576     15.00000
     1.59000      0.04608      0.04670      0.02724     15.00000
     1.61000      0.04563      0.04573      0.02856     15.00000
     1.63000      0.03624      0.04855      0.03343     15.00000
     1.65000      0.04049      0.04861      0.03539     15.00000
     1.67000      0.05208      0.05740      0.04210     15.00000
     1.69000      0.05408      0.05730      0.04304     15.00000
     1.71000      0.05809      0.06448      0.04195     13.00000
     1.73000      0.04183      0.05526      0.03939     15.00000
     1.75000      0.04499      0.05819      0.04832     15.00000
     1.77000      0.04289      0.06617      0.05204     15.00000
     1.79000      0.04646      0.07092      0.05416     15.00000
     1.81000      0.05460      0.07408      0.05098     15.00000
     1.83000      0.05111      0.07807      0.05694     15.00000
     1.85000      0.08194      0.08570      0.06267     14.00000
     1.87000      0.06943      0.07530      0.05200     14.00000
     1.89000      0.06562      0.08117      0.05948     14.00000
     1.91000      0.07112      0.07962      0.04468     14.00000
     1.93000      0.07534      0.07637      0.04498     14.00000
     1.95000      0.06323      0.07089      0.04119     14.00000
     1.97000      0.06660      0.06872      0.04098     14.00000
     1.99000      0.06359      0.07092      0.04406     14.00000
     2.01000      0.07532      0.07117      0.04493     13.00000
     2.03000      0.06069      0.06953      0.04614     14.00000
     2.05000      0.06572      0.06747      0.04145     14.00000
     2.07000      0.06703      0.07407      0.05206     13.00000
     2.09000      0.05616      0.07056      0.05557     13.00000
     2.11000      0.05766      0.06434      0.04839     14.00000
     2.13000      0.05992      0.06480      0.04806     14.00000
     2.15000      0.06660      0.06042      0.04108     13.00000
     2.17000      0.06815      0.05691      0.03887     13.00000
     2.19000      0.05640      0.05726      0.04038     13.00000
     2.21000      0.06038      0.06370      0.04054     13.00000
     2.23000      0.06983      0.06744      0.03237     12.00000
     2.25000      0.05607      0.06376      0.03895     13.00000
     2.27000      0.06687      0.07347      0.04103     12.00000
     2.29000      0.05421      0.06399      0.04134     13.00000
     2.31000      0.05837      0.06518      0.04230     13.00000
     2.33000      0.04904      0.06097      0.04142     13.00000
     2.35000      0.05918      0.06244      0.04212     13.00000
     2.37000      0.05848      0.05400      0.02774     13.00000
     2.39000      0.04317      0.05046      0.02870     13.00000
     2.41000      0.05149      0.05234      0.03305     13.00000
     2.43000      0.04576      0.05109      0.03275     13.00000
     2.45000      0.04431      0.04855      0.03140     13.00000
     2.47000      0.03624      0.04589      0.03254     13.00000
     2.49000      0.03801      0.04701      0.03474     13.00000
     2.51000      0.03021      0.04892      0.04065     13.00000
     2.53000      0.03385      0.04987      0.04124     13.00000
     2.55000      0.03156      0.04858      0.04000     13.00000
     2.57000      0.04178      0.04905      0.03598     13.00000
     2.59000      0.05013      0.05917      0.04476     12.00000
     2.61000      0.05761      0.06399      0.04918     12.00000
     2.63000      0.05514      0.05606      0.03477     12.00000
     2.65000      0.04151      0.05922      0.04013     12.00000
     2.67000      0.03785      0.05601      0.03742     12.00000
     2.69000      0.03950      0.05431      0.03285     12.00000
     2.71000      0.03997      0.05424      0.03238     13.00000
     2.73000      0.04665      0.05284      0.03037     13.00000
     2.75000      0.05370      0.05339      0.02662     12.00000
     2.77000      0.03591      0.05491      0.03579     13.00000
     2.79000      0.03502      0.05504      0.03648     13.00000
     2.81000      0.04777      0.05412      0.03121     13.00000
     2.83000      0.05578      0.05615      0.03310     13.00000
     2.85000      0.04116      0.06000      0.03909     13.00000
     2.87000      0.03624      0.05870      0.03884     13.00000
     2.89000      0.03428      0.05148      0.03560     14.00000
     2.91000      0.04391      0.05328      0.03579     14.00000
     2.93000      0.04664      0.05529      0.03676     14.00000
     2.95000      0.04792      0.05504      0.03650     14.00000
     2.97000      0.04956      0.05529      0.03964     14.00000
     2.99000      0.04269      0.05370      0.03905     14.00000
     3.01000      0.03357      0.04674      0.03421     15.00000
     3.03000      0.03729      0.04802      0.03491     15.00000
     3.05000      0.04933      0.04848      0.03745     15.00000
     3.07000      0.04196      0.04874      0.03893     15.00000
     3.09000      0.03461      0.05109      0.04675     14.00000
     3.11000      0.04216      0.05005      0.04287     14.00000
     3.13000      0.04486      0.04711      0.04054     14.00000
     3.15000      0.04654      0.04843      0.03731     15.00000
     3.17000      0.03903      0.04648      0.03311     15.00000
     3.19000      0.04412      0.04997      0.03479     15.00000
     3.21000      0.04404      0.04645      0.02686     15.00000
     3.23000      0.04448      0.04549      0.02601     15.00000
     3.25000      0.03754      0.04632      0.02815     15.00000
     3.27000      0.03696      0.04361      0.02135     14.00000
     3.29000      0.03121      0.04216      0.02645     15.00000
     3.31000      0.03171      0.04205      0.02687     15.00000
     3.33000      0.03234      0.03866      0.02721     14.00000
     3.35000      0.03416      0.04208      0.03267     15.00000
     3.37000      0.03405      0.04175      0.03801     15.00000
     3.39000      0.03181      0.04288      0.04199     14.00000
     3.41000      0.03482      0.04521      0.03648     14.00000
     3.43000      0.03742      0.04507      0.03639     14.00000
     3.45000      0.03701      0.04162      0.03488     14.00000
     3.47000      0.03347      0.04010      0.03758     14.00000
     3.49000      0.02731      0.03826      0.03981     14.00000
     3.51000      0.03130      0.03934      0.04089     15.00000
     3.53000      0.03413      0.03995      0.03614     14.00000
     3.55000      0.02374      0.03630      0.03970     15.00000
     3.57000      0.03202      0.03850      0.04213     15.00000
     3.59000      0.03140      0.03910      0.03934     15.00000
     3.61000      0.03570      0.04443      0.03455     15.00000
     3.63000      0.03595      0.03968      0.03024     15.00000
     3.65000      0.03209      0.03703      0.03076     15.00000
     3.67000      0.02805      0.03784      0.03239     15.00000
     3.69000      0.03129      0.03446      0.02725     15.00000
     3.71000      0.02892      0.03497      0.03108     15.00000
     3.73000      0.02759      0.03398      0.02858     15.00000
     3.75000      0.02679      0.03597      0.03238     15.00000
     3.77000      0.02105      0.03608      0.03299     15.00000
     3.79000      0.02939      0.03740      0.03158     15.00000
     3.81000      0.02737      0.03431      0.02797     15.00000
     3.83000      0.03024      0.03390      0.02945     15.00000
     3.85000      0.03565      0.03715      0.02704     15.00000
     3.87000      0.03014      0.03775      0.03062     15.00000
     3.89000      0.02763      0.03653      0.02741     15.00000
     3.91000      0.02636      0.03377      0.02606     15.00000
     3.93000      0.02554      0.03458      0.02657     15.00000
     3.95000      0.03659      0.04019      0.02863     15.00000
     3.97000      0.03465      0.04244      0.03268     15.00000
     3.99000      0.03268      0.04420      0.03319     15.00000
     4.01000      0.03326      0.04321      0.03425     15.00000
     4.03000      0.03169      0.03866      0.02657     15.00000
     4.05000      0.02714      0.03875      0.02718     15.00000
     4.07000      0.02859      0.04368      0.02894     15.00000
     4.09000      0.03603      0.04039      0.02413     15.00000
     4.11000      0.04007      0.04405      0.02669     15.00000
     4.13000      0.03736      0.04478      0.02819     15.00000
     4.15000      0.03851      0.03889      0.02186     15.00000
     4.17000      0.03305      0.03845      0.02546     14.00000
     4.19000      0.02906      0.03363      0.02130     14.00000
     4.21000      0.02941      0.03415      0.02085     15.00000
     4.23000      0.03140      0.03475      0.02085     15.00000
     4.25000      0.02708      0.03211      0.02166     15.00000
     4.27000      0.02889      0.03214      0.02193     15.00000
     4.29000      0.02681      0.03222      0.02633     15.00000
     4.31000      0.02750      0.03195      0.02547     14.00000
     4.33000      0.02748      0.03105      0.02371     14.00000
     4.35000      0.02892      0.03124      0.02374     14.00000
     4.37000      0.02652      0.03335      0.02640     14.00000
     4.39000      0.02667      0.03322      0.02406     14.00000
     4.41000      0.02969      0.03489      0.02559     14.00000
     4.43000      0.02736      0.03424      0.02625     14.00000
     4.45000      0.02734      0.03299      0.02573     14.00000
     4.47000      0.02510      0.03837      0.03777     14.00000
     4.49000      0.02487      0.04157      0.04185     14.00000
     4.51000      0.03021      0.04504      0.04757     14.00000
     4.53000      0.02639      0.04465      0.04792     13.00000
     4.55000      0.03088      0.04177      0.03368     13.00000
     4.57000      0.03594      0.04247      0.03154     13.00000
     4.59000      0.03964      0.04042      0.03101     14.00000
     4.61000      0.03625      0.03946      0.03220     14.00000
     4.63000      0.03812      0.03871      0.02905     14.00000
     4.65000      0.03961      0.03859      0.02344     14.00000
     4.67000      0.04000      0.04059      0.02858     14.00000
     4.69000      0.04376      0.03975      0.02653     14.00000
     4.71000      0.04041      0.04071      0.03032     13.00000
     4.73000      0.03745      0.04276      0.03260     13.00000
     4.75000      0.04187      0.03940      0.02395     13.00000
     4.77000      0.03381      0.03716      0.02413     14.00000
     4.79000      0.03512      0.03508      0.02235     14.00000
     4.81000      0.03896      0.03818      0.02191     13.00000
     4.83000      0.04165      0.03708      0.02398     14.00000
     4.85000      0.04594      0.04071      0.02146     13.00000
     4.87000      0.03836      0.04020      0.02269     13.00000
     4.89000      0.04447      0.04290      0.02606     13.00000
     4.91000      0.04482      0.04521      0.02905     13.00000
     4.93000      0.04220      0.04530      0.03062     13.00000
     4.95000      0.04576      0.04689      0.03001     13.00000
     4.97000      0.04240      0.04391      0.03054     12.00000
     4.99000      0.04468      0.04639      0.03283     12.00000
