    -1.99000     -0.14588     -0.09366      0.35254     10.00000
    -1.97000      0.13734      0.67281      1.60508     15.00000
    -1.95000      0.13628      0.06910      0.29335      8.00000
    -1.93000      0.06822      0.38133      1.04374     11.00000
    -1.91000     -0.04161     -0.07243      0.58687     10.00000
    -1.89000      0.26415      0.94504      1.98790      9.00000
    -1.87000      0.08382      0.30722      1.05878     12.00000
    -1.85000      0.04161      0.06313      0.57846     11.00000
    -1.83000     -0.26099      0.19515      1.24915      9.00000
    -1.81000      0.03031      0.29551      1.55033     14.00000
    -1.79000      0.45843      0.43477      1.01469     11.00000
    -1.77000     -0.12011     -0.16323      0.64481      9.00000
    -1.75000      0.10269      0.39444      0.87039     13.00000
    -1.73000     -0.01515      0.49618      1.70450     11.00000
    -1.71000      0.20584      0.43627      0.70778     14.00000
    -1.69000      0.15184      0.54646      0.93899      7.00000
    -1.67000     -0.01209      0.04825      0.33516     10.00000
    -1.65000      0.00667      0.42081      1.30026     17.00000
    -1.63000      0.00710      0.10702      0.44397      8.00000
    -1.61000      0.04170      0.23007      0.49025      8.00000
    -1.59000     -0.05218      0.10460      0.46705     15.00000
    -1.57000     -0.02563      0.53280      1.62993      9.00000
    -1.55000     -0.09153     -0.00304      0.43165      9.00000
    -1.53000     -0.10259     -0.12184      0.38295     12.00000
    -1.51000      0.17080      0.23988      0.36409     11.00000
    -1.49000     -0.21849      0.36790      1.57446     12.00000
    -1.47000     -0.25232      0.02118      0.52959     10.00000
    -1.45000     -0.13688     -0.12124      0.24024      7.00000
    -1.43000      0.06666      0.10888      0.39250     13.00000
    -1.41000      0.11621      0.50511      1.41403     10.00000
    -1.39000     -0.13107     -0.05049      0.51037     11.00000
    -1.37000      0.04568      0.19367      0.63396     10.00000
    -1.35000      0.01651     -0.02306      0.39375     18.00000
    -1.33000      0.14848      0.67696      1.57181      7.00000
    -1.31000     -0.12053      0.04524      0.47280     11.00000
    -1.29000     -0.03216      0.08743      0.35581      7.00000
    -1.27000     -0.09502     -0.21715      0.57996     11.00000
    -1.25000     -0.09203      0.23412      0.98175     19.00000
    -1.23000     -0.11354     -0.06026      0.79798      8.00000
    -1.21000     -0.23372     -0.07572      0.50536     11.00000
    -1.19000     -0.12276     -0.20974      0.60413      7.00000
    -1.17000     -0.03724      0.26132      1.09609     15.00000
    -1.15000     -0.05160     -0.16679      0.38974      9.00000
    -1.13000     -0.42905     -0.34840      0.37049     10.00000
    -1.11000      0.12026      0.25870      0.67167     11.00000
    -1.09000     -0.08451      0.13669      1.16699     14.00000
    -1.07000     -0.01357     -0.04365      0.55818     11.00000
    -1.05000     -0.10576     -0.08212      0.37327     10.00000
    -1.03000     -0.21537     -0.11782      0.67429      9.00000
    -1.01000     -0.18563      0.26219      1.16007     11.00000
    -0.99000      0.09660     -0.17535      0.73749      9.00000
    -0.97000     -0.03655     -0.02499      0.21635      7.00000
    -0.95000     -0.04267     -0.07786      0.60933     13.00000
    -0.93000      0.10269      0.39797      0.87859     11.00000
    -0.91000     -0.12346     -0.08474      0.64878     10.00000
    -0.89000     -0.23185     -0.32596      0.64544     11.00000
    -0.87000      0.01620      0.07255      0.60216     14.00000
    -0.85000     -0.11245      0.03425      1.14648     10.00000
    -0.83000      0.04294      0.00972      0.88294      6.00000
    -0.81000      0.05037     -0.02420      0.37178     14.00000
    -0.79000     -0.05939     -0.05850      0.59322     10.00000
    -0.77000      0.00655      0.13085      1.29516     10.00000
    -0.75000      0.09176      0.12725      0.55044     18.00000
    -0.73000      0.03793      0.09679      0.62658     10.00000
    -0.71000     -0.22282     -0.16524      0.49642      9.00000
    -0.69000     -0.15776     -0.08051      1.14213      8.00000
    -0.67000      0.03676      0.09583      0.47827     12.00000
    -0.65000     -0.07324     -0.11315      0.64589     13.00000
    -0.63000      0.10516     -0.02700      0.45117     10.00000
    -0.61000      0.29201      0.24252      0.68780     13.00000
    -0.59000     -0.31209     -0.28835      0.69558     10.00000
    -0.57000     -0.09756     -0.16490      0.31296      8.00000
    -0.55000     -0.02138      0.00393      0.46338      9.00000
    -0.53000     -0.09461     -0.18067      0.53584     12.00000
    -0.51000      0.12026      0.13030      0.44050     13.00000
    -0.49000     -0.12828     -0.14509      0.66434     10.00000
    -0.47000     -0.09203     -0.03448      0.51165      7.00000
    -0.45000      0.01454      0.06983      0.45315     15.00000
    -0.43000      0.18994      0.08573      0.64101     12.00000
    -0.41000     -0.09136      0.08843      0.48888      9.00000
    -0.39000      0.17473     -0.07748      0.77525      9.00000
    -0.37000      0.05954      0.10926      0.52781     18.00000
    -0.35000      0.49426      0.43689      0.28723      6.00000
    -0.33000      0.10784      0.01580      0.39059     10.00000
    -0.31000     -0.38923     -0.33390      0.71111     12.00000
    -0.29000      0.04634      0.12607      0.44920      8.00000
    -0.27000      0.27457      0.13551      0.45085     10.00000
    -0.25000     -0.01693      0.10256      0.56512     17.00000
    -0.23000      0.23080      0.17607      0.58828      7.00000
    -0.21000      0.06882     -0.07740      0.73132     11.00000
    -0.19000      0.21188      0.13547      0.43690     13.00000
    -0.17000      0.28315      0.09119      0.67234     11.00000
    -0.15000      0.10106      0.15789      0.41373      5.00000
    -0.13000      0.26681      0.18027      0.77422     17.00000
    -0.11000      0.27448      0.13764      0.59595     13.00000
    -0.09000      0.19992      0.16846      0.68254      8.00000
    -0.07000      0.21017      0.25077      0.73343     12.00000
    -0.05000      0.47739      0.48775      0.22842      6.00000
    -0.03000     -0.06652     -0.07761      0.60051     13.00000
    -0.01000      0.34006      0.14812      0.85437     13.00000
     0.01000      0.35154      0.04109      0.86595      8.00000
     0.03000      0.46007     -0.05111      1.02208     12.00000
     0.05000     -0.21269     -0.57309      1.15403      9.00000
     0.07000     -0.53081     -0.60844      1.11377     12.00000
     0.09000     -0.16168     -0.25845      0.91892     10.00000
     0.11000     -1.17218     -1.24169      1.42695     14.00000
     0.13000     -0.39561     -0.76412      1.13198      9.00000
     0.15000     -0.79039     -0.73126      1.29399      7.00000
     0.17000     -1.27194     -1.17324      1.26745     16.00000
     0.19000     -0.47257     -1.02541      1.79485     10.00000
     0.21000     -1.70783     -1.01177      1.31680      8.00000
     0.23000     -1.25513     -1.11115      1.63491     10.00000
     0.25000     -0.91165     -0.85445      0.97951     13.00000
     0.27000     -1.03424     -1.29504      1.39740     13.00000
     0.29000     -1.76295     -1.65841      1.14277     10.00000
     0.31000     -1.17587     -1.23728      1.66502     10.00000
     0.33000     -1.63093     -2.07602      0.85762      7.00000
     0.35000     -1.27804     -1.45266      1.53332     11.00000
     0.37000     -1.42414     -1.64784      1.55744     15.00000
     0.39000     -1.23220     -1.75176      2.06846      8.00000
     0.41000     -2.37123     -2.45793      0.89900      9.00000
     0.43000     -0.80608     -1.85271      2.25609     11.00000
     0.45000     -1.84791     -2.09967      1.14130      6.00000
     0.47000     -1.65821     -2.08573      2.01863     12.00000
     0.49000     -1.38072     -1.88329      2.49272     11.00000
     0.51000     -0.84966     -1.13473      1.47656     12.00000
     0.53000     -3.24209     -3.48863      2.19967     10.00000
     0.55000     -1.62148     -1.91693      1.96437      9.00000
     0.57000     -1.05226     -2.08788      2.22202     11.00000
     0.59000     -1.11910     -2.21848      2.72003     10.00000
     0.61000     -1.78959     -2.10061      1.55074      9.00000
     0.63000     -2.14343     -2.19445      1.99266      8.00000
     0.65000     -2.93787     -3.39346      2.58249     11.00000
     0.67000     -1.54830     -2.01981      1.98624     14.00000
     0.69000     -1.99827     -2.73423      2.68009     10.00000
     0.71000     -1.86244     -1.66300      1.55077      8.00000
     0.73000     -2.53341     -2.68904      1.93699     10.00000
     0.75000     -1.92836     -2.74956      2.77079     13.00000
     0.77000     -2.20429     -2.72988      1.88078      5.00000
     0.79000     -1.84849     -1.71994      1.42325     17.00000
     0.81000     -2.61034     -3.39525      3.22265      8.00000
     0.83000     -1.74581     -2.20352      2.05986     13.00000
     0.85000     -2.54797     -2.80102      2.30259      7.00000
     0.87000     -1.81755     -2.93798      2.75501     11.00000
     0.89000     -2.20029     -2.49697      1.67257     13.00000
     0.91000     -1.72094     -2.79297      2.68247      8.00000
     0.93000     -4.08540     -3.09607      2.60892     11.00000
     0.95000     -2.59811     -3.00226      2.59563      6.00000
     0.97000     -1.41558     -2.92644      2.65400     15.00000
     0.99000     -1.74757     -1.76698      1.61581     11.00000
     1.01000     -1.50022     -1.60433      0.61123      3.00000
     1.03000     -4.28305     -4.49293      2.36918      9.00000
     1.05000     -1.81114     -2.83563      2.34641     13.00000
     1.07000     -1.82935     -2.99161      2.55819      9.00000
     1.09000     -2.50210     -2.74593      2.63329     11.00000
     1.11000     -3.44999     -3.38826      1.93607      8.00000
     1.13000     -1.27022     -2.28446      2.61678     14.00000
     1.15000     -4.15294     -4.77559      1.94183      5.00000
     1.17000     -1.50161     -2.25699      2.18086     16.00000
     1.19000     -2.22946     -3.69354      3.29866     10.00000
     1.21000     -1.82904     -2.33287      1.96255     10.00000
     1.23000     -1.76950     -2.53247      1.84468     10.00000
     1.25000     -2.86618     -3.79267      3.26976      9.00000
     1.27000     -1.38772     -2.23238      2.02050     14.00000
     1.29000     -1.98349     -2.18309      1.35601      8.00000
     1.31000     -3.31888     -4.23387      3.47355      8.00000
     1.33000     -2.28262     -2.52902      2.15767     14.00000
     1.35000     -2.15942     -3.40564      3.15488     12.00000
     1.37000     -3.50785     -3.12321      1.61758      7.00000
     1.39000     -1.89305     -1.61839      1.55443      9.00000
     1.41000     -1.57684     -2.52741      2.57819     14.00000
     1.43000     -4.68198     -4.16883      2.92788      8.00000
     1.45000     -1.04325     -2.31622      2.25669      9.00000
     1.47000     -1.91445     -3.24171      2.50506     12.00000
     1.49000     -1.51955     -1.56972      1.78512     10.00000
     1.51000     -1.84221     -2.76268      2.53508     11.00000
     1.53000     -4.99111     -4.45043      2.74214      8.00000
     1.55000     -1.63053     -1.92225      1.57807     12.00000
     1.57000     -1.90447     -2.84027      2.74671     12.00000
     1.59000     -3.45448     -3.32035      1.96396      8.00000
     1.61000     -1.53537     -2.51672      2.18314     10.00000
     1.63000     -3.97710     -3.65325      2.71123     12.00000
     1.65000     -1.42114     -1.87335      2.06129     10.00000
     1.67000     -1.65148     -2.56800      2.14949      8.00000
     1.69000     -2.12146     -3.13941      2.53355     14.00000
     1.71000     -1.56222     -2.72037      2.19833     10.00000
     1.73000     -2.58758     -3.41895      2.68398     12.00000
     1.75000     -1.52856     -2.19713      2.19899     14.00000
     1.77000     -4.21054     -3.02932      2.08932      5.00000
     1.79000     -1.58587     -2.71003      2.51729     14.00000
     1.81000     -1.54779     -2.21988      2.06989     12.00000
     1.83000     -2.21177     -3.76131      2.81446      9.00000
     1.85000     -1.27841     -1.71712      2.28972     11.00000
     1.87000     -4.17869     -3.37549      1.71964     12.00000
     1.89000     -1.14891     -2.29035      2.46036     13.00000
     1.91000     -1.68372     -2.70505      2.43579      8.00000
     1.93000     -1.29799     -2.58291      2.73418     11.00000
     1.95000     -3.88630     -3.90045      2.49801     11.00000
     1.97000     -1.43567     -2.13316      2.22609     14.00000
     1.99000     -2.75507     -2.93394      1.79491      8.00000
     2.01000     -1.69877     -2.62069      2.76030      8.00000
     2.03000     -3.65546     -3.42947      2.49682     11.00000
     2.05000     -1.47200     -1.71145      1.55080     11.00000
     2.07000     -4.78373     -3.96476      3.01937     11.00000
     2.09000     -1.43777     -1.98613      2.19291      9.00000
     2.11000     -4.29389     -3.32390      1.93256     11.00000
     2.13000     -1.87912     -2.31222      2.47599     18.00000
     2.15000     -1.61612     -2.38719      2.07947      7.00000
     2.17000     -1.10304     -2.76581      2.61552      9.00000
     2.19000     -2.37888     -2.36961      1.47544      8.00000
     2.21000     -2.13015     -2.92637      2.75805     16.00000
     2.23000     -0.76443     -1.46935      2.21572      8.00000
     2.25000     -2.28479     -2.31539      2.33061     13.00000
     2.27000     -3.79405     -3.12763      1.80043      8.00000
     2.29000     -0.31222     -0.94537      1.99523     12.00000
     2.31000     -3.02168     -3.30945      3.35695     13.00000
     2.33000     -1.65349     -1.79734      1.54861     11.00000
     2.35000     -4.25072     -3.72102      2.92339      7.00000
     2.37000     -0.96903     -1.63802      1.81533     15.00000
     2.39000     -4.14187     -4.48070      3.07257      9.00000
     2.41000     -0.84675     -2.48445      3.83441     11.00000
     2.43000     -1.90292     -2.31658      1.48818     11.00000
     2.45000     -0.68540     -2.03394      2.66518     13.00000
     2.47000     -0.83659     -1.91949      2.60110      6.00000
     2.49000     -2.32998     -2.06206      1.83750      9.00000
     2.51000     -1.54434     -2.63375      3.14135     20.00000
     2.53000     -1.64179     -2.10474      1.81490     10.00000
     2.55000     -1.84556     -2.44967      2.42378     11.00000
     2.57000     -2.36240     -2.63974      1.52628      5.00000
     2.59000     -0.75207     -1.90052      2.48647     11.00000
     2.61000     -1.72998     -2.66991      3.16057     17.00000
     2.63000     -0.96238     -1.65398      2.04751      9.00000
     2.65000     -0.98317     -2.32464      2.34482      7.00000
     2.67000     -2.44887     -2.79459      2.41278     11.00000
     2.69000     -1.78145     -2.35386      2.05522     11.00000
     2.71000     -0.56489     -2.52128      3.93239     12.00000
     2.73000     -2.67560     -3.08201      2.63896     12.00000
     2.75000     -1.24243     -1.83590      2.02161     10.00000
     2.77000     -0.53455     -1.72900      2.42324      9.00000
     2.79000     -0.95803     -2.02227      2.07975     15.00000
     2.81000     -2.64202     -3.16477      2.87679      9.00000
     2.83000     -1.14485     -1.89344      1.95888     14.00000
     2.85000     -1.51869     -2.08218      2.37217      9.00000
     2.87000     -0.92463     -1.62722      2.08835     14.00000
     2.89000     -1.37216     -2.66098      2.55713      7.00000
     2.91000     -1.89627     -2.41444      2.55413     11.00000
     2.93000     -1.33476     -2.05378      2.47389     15.00000
     2.95000     -0.20248     -1.26382      2.47473      8.00000
     2.97000     -2.06757     -2.57209      2.10831     10.00000
     2.99000     -1.67000     -2.76995      2.85310     12.00000
     3.01000     -1.09199     -2.07213      3.75842     12.00000
     3.03000     -1.31385     -1.88745      2.25934     10.00000
     3.05000     -3.67065     -3.18335      2.76511      9.00000
     3.07000     -1.13018     -1.54786      2.23229     10.00000
     3.09000     -0.95803     -1.50512      2.66884     13.00000
     3.11000     -2.23138     -2.54016      2.41290     13.00000
     3.13000     -0.68755     -1.33951      2.43027     10.00000
     3.15000     -3.62010     -3.55838      1.53035      5.00000
     3.17000     -1.26874     -1.99825      2.62062     13.00000
     3.19000     -0.87673     -2.04290      2.47020     12.00000
     3.21000     -0.93471     -1.64846      2.20952     16.00000
     3.23000     -3.69292     -3.05758      1.65091      7.00000
     3.25000     -0.39461     -1.28547      2.66525     13.00000
     3.27000      0.01242     -1.07474      2.46381     10.00000
     3.29000     -1.84424     -2.67868      2.33923      6.00000
     3.31000     -1.21201     -1.95438      2.27072     18.00000
     3.33000     -4.72622     -4.00781      4.43656      5.00000
     3.35000     -1.23637     -1.43222      1.97487     15.00000
     3.37000     -2.04419     -2.72212      1.93386     13.00000
     3.39000     -1.41206     -1.87942      2.69855      4.00000
     3.41000     -0.40043     -1.13359      2.15318     16.00000
     3.43000     -0.90194     -1.80714      2.28422     12.00000
     3.45000     -3.35570     -3.10165      1.94936      7.00000
     3.47000     -1.03188     -1.25768      1.67154      8.00000
     3.49000     -2.06199     -2.08343      2.36639     12.00000
     3.51000     -0.79342     -1.61608      1.88265     15.00000
     3.53000     -0.35756     -1.24101      2.21394      9.00000
     3.55000     -1.82201     -2.16548      2.41627     11.00000
     3.57000     -0.61149     -0.74293      1.85292      7.00000
     3.59000     -2.74519     -2.82540      2.60989     14.00000
     3.61000     -1.18933     -1.81702      2.42323     10.00000
     3.63000     -0.76581     -1.26494      1.73819      9.00000
     3.65000     -1.14168     -2.17242      3.10506     16.00000
     3.67000     -1.81937     -2.39547      2.19962      8.00000
     3.69000     -0.59910     -1.34126      2.22901     13.00000
     3.71000     -2.79895     -3.00974      2.38018      8.00000
     3.73000     -0.76268     -1.53362      2.17068     10.00000
     3.75000     -0.75705     -1.28427      1.80761     17.00000
     3.77000     -0.46517     -1.98107      2.88133      9.00000
     3.79000     -1.19630     -1.89667      2.20854     10.00000
     3.81000     -1.73728     -1.79884      1.92907     12.00000
     3.83000     -0.33886     -1.36839      2.39993      9.00000
     3.85000     -0.84686     -1.69328      2.46007     12.00000
     3.87000     -3.55010     -2.88843      2.05222      8.00000
     3.89000     -0.39645     -1.50879      2.34506     16.00000
     3.91000     -1.85240     -1.85667      2.14453     10.00000
     3.93000     -0.46584     -0.85261      1.80802     13.00000
     3.95000     -4.01960     -3.85918      2.86752      9.00000
     3.97000     -0.64096     -1.65072      2.54748      9.00000
     3.99000     -0.61236     -1.56652      2.02918     11.00000
     4.01000     -2.60924     -2.52229      2.87147      8.00000
     4.03000     -0.63413     -1.47592      2.45304     13.00000
     4.05000     -0.82398     -1.61926      1.66623     10.00000
     4.07000     -1.69104     -2.05969      2.68027     11.00000
     4.09000     -2.14978     -1.84927      2.35692     11.00000
     4.11000     -0.03598     -1.16015      2.33660      8.00000
     4.13000     -1.20546     -1.98380      2.58818     15.00000
     4.15000     -1.80512     -2.19477      2.36227     10.00000
     4.17000     -1.49977     -1.22736      2.14823     11.00000
     4.19000     -1.19442     -1.97052      2.48368     11.00000
     4.21000     -2.38828     -2.00922      2.50609      7.00000
     4.23000      0.17115     -0.68281      2.12240     15.00000
     4.25000     -2.49202     -2.80597      2.63319     10.00000
     4.27000     -1.12587     -1.87431      2.90087     14.00000
     4.29000     -0.10728      0.11163      0.93004      4.00000
     4.31000     -2.03316     -2.06360      2.70706     15.00000
     4.33000     -1.15049     -1.95188      2.56534     10.00000
     4.35000     -1.76797     -1.77762      2.45252     13.00000
     4.37000     -1.83210     -1.96718      2.45219     12.00000
     4.39000      0.58230     -1.13028      3.08729      8.00000
     4.41000     -1.90530     -2.31540      2.39054     12.00000
     4.43000     -0.69065     -0.39612      1.01622     10.00000
     4.45000     -2.10271     -2.07566      2.23718     12.00000
     4.47000     -0.44597     -1.51130      2.57776     11.00000
     4.49000     -1.71398     -1.74258      1.59993      9.00000
     4.51000     -0.74225     -1.67305      2.62328     12.00000
     4.53000     -1.54233     -1.61836      2.48707     11.00000
     4.55000     -0.75254     -0.33593      1.65989      8.00000
     4.57000     -1.65071     -2.20484      2.06888     11.00000
     4.59000     -2.12688     -2.13138      2.41533     16.00000
     4.61000      0.09740      0.00121      1.35404      6.00000
     4.63000     -1.60734     -1.87956      2.05298     12.00000
     4.65000     -2.02214     -2.10007      2.17499     13.00000
     4.67000     -0.62303     -0.89696      2.15437      9.00000
     4.69000     -1.24759     -1.43702      2.48474     11.00000
     4.71000     -1.11617     -1.30103      2.02220      8.00000
     4.73000     -0.42025     -0.62521      1.66654     12.00000
     4.75000     -1.14954     -1.64340      2.07090     11.00000
     4.77000     -1.46562     -2.02626      2.17549     12.00000
     4.79000     -1.39978     -1.04345      2.14425     12.00000
     4.81000     -1.27633     -1.82715      2.09999     12.00000
     4.83000     -1.57168     -2.08172      1.83532      8.00000
     4.85000     -1.29706     -1.46734      2.07918     12.00000
     4.87000      0.00704     -0.61920      2.40958     10.00000
     4.89000     -1.81121     -1.62071      1.78872     13.00000
     4.91000     -1.45334     -2.38083      2.08463     11.00000
     4.93000      0.10236     -0.57596      2.05244     10.00000
     4.95000     -1.54677     -1.76779      2.51082     14.00000
     4.97000     -1.03680     -1.19972      1.46171      8.00000
     4.99000     -1.43013     -1.34343      2.09540      7.00000
