    -1.99000      0.01914      0.02414      0.01577      9.00000
    -1.97000      0.02165      0.02389      0.01466      9.00000
    -1.95000      0.02050      0.02111      0.01119      9.00000
    -1.93000      0.01900      0.01936      0.01056      9.00000
    -1.91000      0.01502      0.01764      0.00856      9.00000
    -1.89000      0.01659      0.01750      0.00562      6.00000
    -1.87000      0.01652      0.01851      0.00845      6.00000
    -1.85000      0.01580      0.01771      0.00808      6.00000
    -1.83000      0.01580      0.01843      0.00833      6.00000
    -1.81000      0.01357      0.01820      0.00880      5.00000
    -1.79000      0.02531      0.02415      0.00879      6.00000
    -1.77000      0.02835      0.02552      0.00624      6.00000
    -1.75000      0.02592      0.02474      0.00593      6.00000
    -1.73000      0.02777      0.02893      0.00946      6.00000
    -1.71000      0.02789      0.02947      0.01202      5.00000
    -1.69000      0.02407      0.02542      0.01012      6.00000
    -1.67000      0.02815      0.02815      0.01056      6.00000
    -1.65000      0.03562      0.03565      0.01599      6.00000
    -1.63000      0.03583      0.03705      0.01768      6.00000
    -1.61000      0.03638      0.04249      0.02976      6.00000
    -1.59000      0.03669      0.04233      0.02854      6.00000
    -1.57000      0.03997      0.04323      0.02681      7.00000
    -1.55000      0.03849      0.04306      0.02535      7.00000
    -1.53000      0.03640      0.04020      0.01987      7.00000
    -1.51000      0.03516      0.03829      0.01776      7.00000
    -1.49000      0.03163      0.03423      0.01997      7.00000
    -1.47000      0.03093      0.04069      0.02442      7.00000
    -1.45000      0.03743      0.03846      0.01081      7.00000
    -1.43000      0.03282      0.03725      0.01866      7.00000
    -1.41000      0.03255      0.03286      0.01412      7.00000
    -1.39000      0.03064      0.03061      0.01039      7.00000
    -1.37000      0.03634      0.03473      0.01306      7.00000
    -1.35000      0.03489      0.03306      0.01366      7.00000
    -1.33000      0.04110      0.04012      0.01672      6.00000
    -1.31000      0.03144      0.03303      0.01164      7.00000
    -1.29000      0.03706      0.03303      0.01143      7.00000
    -1.27000      0.03712      0.03577      0.01083      5.00000
    -1.25000      0.03800      0.03124      0.01552      6.00000
    -1.23000      0.03322      0.03321      0.01205      5.00000
    -1.21000      0.03038      0.03060      0.01256      7.00000
    -1.19000      0.02586      0.02926      0.01650      6.00000
    -1.17000      0.02793      0.03150      0.01387      6.00000
    -1.15000      0.02458      0.02977      0.01399      6.00000
    -1.13000      0.02744      0.02955      0.01305      6.00000
    -1.11000      0.03056      0.03074      0.01618      7.00000
    -1.09000      0.03308      0.03288      0.01493      7.00000
    -1.07000      0.02586      0.03181      0.01668      7.00000
    -1.05000      0.02980      0.03652      0.02099      7.00000
    -1.03000      0.02800      0.03344      0.02434      8.00000
    -1.01000      0.02501      0.03190      0.02325      8.00000
    -0.99000      0.02574      0.03287      0.02216      9.00000
    -0.97000      0.03047      0.03399      0.02086      9.00000
    -0.95000      0.03173      0.03823      0.02337      9.00000
    -0.93000      0.03052      0.03506      0.01804      9.00000
    -0.91000      0.03704      0.03957      0.01876      8.00000
    -0.89000      0.03158      0.03723      0.02470      9.00000
    -0.87000      0.02863      0.03048      0.01643      9.00000
    -0.85000      0.03561      0.03210      0.01570      9.00000
    -0.83000      0.03543      0.03737      0.01610      9.00000
    -0.81000      0.03926      0.03877      0.01751      9.00000
    -0.79000      0.03922      0.03802      0.01531      9.00000
    -0.77000      0.03308      0.04044      0.01848      9.00000
    -0.75000      0.03933      0.04095      0.01306      8.00000
    -0.73000      0.03936      0.04206      0.01757      8.00000
    -0.71000      0.04196      0.04308      0.01073      7.00000
    -0.69000      0.04242      0.04112      0.00752      6.00000
    -0.67000      0.04374      0.04486      0.00656      6.00000
    -0.65000      0.03938      0.04193      0.00752      6.00000
    -0.63000      0.03674      0.03453      0.01245      7.00000
    -0.61000      0.03555      0.03623      0.01384      7.00000
    -0.59000      0.03680      0.03515      0.01374      8.00000
    -0.57000      0.03699      0.03715      0.01417      7.00000
    -0.55000      0.03777      0.03870      0.01986      8.00000
    -0.53000      0.03879      0.03680      0.01563      8.00000
    -0.51000      0.03887      0.03665      0.01552      8.00000
    -0.49000      0.04540      0.03967      0.01409      6.00000
    -0.47000      0.03945      0.03639      0.01370      6.00000
    -0.45000      0.03749      0.03677      0.01426      6.00000
    -0.43000      0.03856      0.03442      0.01722      7.00000
    -0.41000      0.02978      0.03499      0.01913      6.00000
    -0.39000      0.02983      0.03488      0.01946      6.00000
    -0.37000      0.02770      0.03675      0.02144      5.00000
    -0.35000      0.02976      0.03751      0.01951      5.00000
    -0.33000      0.03828      0.03796      0.02178      4.00000
    -0.31000      0.03849      0.03725      0.02131      4.00000
    -0.29000      0.04104      0.03760      0.02222      4.00000
    -0.27000      0.03526      0.03459      0.02004      4.00000
    -0.25000      0.03674      0.03889      0.02145      5.00000
    -0.23000      0.04517      0.04636      0.03065      5.00000
    -0.21000      0.04173      0.04398      0.03207      6.00000
    -0.19000      0.03285      0.04745      0.04052      6.00000
    -0.17000      0.02619      0.06356      0.07311      7.00000
    -0.15000      0.03796      0.06097      0.06364      8.00000
    -0.13000      0.03093      0.04896      0.04859      9.00000
    -0.11000      0.02407      0.05700      0.06986      9.00000
    -0.09000      0.03669      0.05143      0.05532      9.00000
    -0.07000      0.03445      0.05961      0.06815      8.00000
    -0.05000      0.03246      0.06657      0.07916      8.00000
    -0.03000      0.02624      0.06405      0.08213     10.00000
    -0.01000      0.03284      0.06081      0.05993      9.00000
     0.01000      0.03389      0.05561      0.04751      9.00000
     0.03000      0.03577      0.05627      0.04941     10.00000
     0.05000      0.06816      0.08673      0.07257     10.00000
     0.07000      0.06941      0.09940      0.08430      9.00000
     0.09000      0.05486      0.08244      0.06781     10.00000
     0.11000      0.06878      0.07438      0.04532     10.00000
     0.13000      0.06968      0.07224      0.03445     10.00000
     0.15000      0.06149      0.07287      0.04011     10.00000
     0.17000      0.06853      0.06945      0.02848     10.00000
     0.19000      0.06113      0.06176      0.03026     10.00000
     0.21000      0.06152      0.06808      0.03558     10.00000
     0.23000      0.06947      0.06730      0.03116     10.00000
     0.25000      0.08118      0.07313      0.03167     10.00000
     0.27000      0.07875      0.07182      0.03084     10.00000
     0.29000      0.06116      0.06934      0.02868     10.00000
     0.31000      0.06670      0.07011      0.03195     10.00000
     0.33000      0.06863      0.06955      0.02825     10.00000
     0.35000      0.06813      0.06568      0.02138     10.00000
     0.37000      0.06499      0.06703      0.02624     10.00000
     0.39000      0.05186      0.05747      0.02648     10.00000
     0.41000      0.04649      0.05663      0.02834     10.00000
     0.43000      0.05236      0.06653      0.03057     10.00000
     0.45000      0.06929      0.06846      0.02526     10.00000
     0.47000      0.05136      0.06024      0.02213      9.00000
     0.49000      0.05105      0.07509      0.04833     10.00000
     0.51000      0.05375      0.07328      0.04181     10.00000
     0.53000      0.06049      0.07128      0.03890     10.00000
     0.55000      0.05035      0.07067      0.04324     10.00000
     0.57000      0.05853      0.07453      0.03829     10.00000
     0.59000      0.07193      0.07981      0.03649     10.00000
     0.61000      0.06332      0.07647      0.03226     10.00000
     0.63000      0.06373      0.07601      0.03532     10.00000
     0.65000      0.06608      0.08203      0.04200     10.00000
     0.67000      0.06180      0.07678      0.03590     10.00000
     0.69000      0.06233      0.08188      0.04310     10.00000
     0.71000      0.06402      0.07368      0.02581     10.00000
     0.73000      0.06906      0.07745      0.02439     10.00000
     0.75000      0.07034      0.07122      0.01644     10.00000
     0.77000      0.06206      0.06172      0.01828     10.00000
     0.79000      0.06067      0.06544      0.02238     10.00000
     0.81000      0.06888      0.08372      0.03205      9.00000
     0.83000      0.08308      0.08139      0.02072      9.00000
     0.85000      0.08619      0.07934      0.02538     10.00000
     0.87000      0.07774      0.07877      0.03192     10.00000
     0.89000      0.06991      0.06848      0.03099     10.00000
     0.91000      0.06798      0.07001      0.02678     10.00000
     0.93000      0.06298      0.06855      0.02862     10.00000
     0.95000      0.07091      0.06763      0.03066     10.00000
     0.97000      0.06821      0.06693      0.03544     10.00000
     0.99000      0.06737      0.05745      0.03019     10.00000
     1.01000      0.06299      0.05820      0.02840     10.00000
     1.03000      0.05303      0.05580      0.02902     10.00000
     1.05000      0.05495      0.05969      0.03088     10.00000
     1.07000      0.06851      0.06493      0.02925     10.00000
     1.09000      0.07162      0.06376      0.02638     10.00000
     1.11000      0.08522      0.07201      0.03027     10.00000
     1.13000      0.07613      0.07548      0.03779     10.00000
     1.15000      0.06672      0.06278      0.02679     10.00000
     1.17000      0.05824      0.05951      0.02216     10.00000
     1.19000      0.06419      0.05876      0.02376     10.00000
     1.21000      0.05923      0.05860      0.02664     10.00000
     1.23000      0.06167      0.05757      0.02673     10.00000
     1.25000      0.06463      0.06161      0.02847     10.00000
     1.27000      0.06035      0.05937      0.02888     10.00000
     1.29000      0.05327      0.05512      0.03262     10.00000
     1.31000      0.04516      0.04694      0.02684     10.00000
     1.33000      0.04587      0.04872      0.02906     10.00000
     1.35000      0.04829      0.04974      0.03007     10.00000
     1.37000      0.03976      0.04607      0.02939     10.00000
     1.39000      0.03982      0.04780      0.03293     10.00000
     1.41000      0.04075      0.04868      0.03289     10.00000
     1.43000      0.03920      0.05526      0.03871     10.00000
     1.45000      0.04382      0.05692      0.03741     10.00000
     1.47000      0.05228      0.05728      0.03285     10.00000
     1.49000      0.05582      0.05840      0.03580     10.00000
     1.51000      0.05339      0.05963      0.04081     10.00000
     1.53000      0.04856      0.05390      0.03769     10.00000
     1.55000      0.06366      0.06368      0.04484      9.00000
     1.57000      0.05436      0.06327      0.04024      9.00000
     1.59000      0.04395      0.06027      0.04320     10.00000
     1.61000      0.04290      0.05619      0.03878     10.00000
     1.63000      0.05508      0.06241      0.04448     10.00000
     1.65000      0.04413      0.05641      0.03925     10.00000
     1.67000      0.04770      0.05707      0.04242     10.00000
     1.69000      0.05582      0.06053      0.03873     10.00000
     1.71000      0.05404      0.05856      0.03339     10.00000
     1.73000      0.05524      0.05852      0.03230     10.00000
     1.75000      0.04962      0.05517      0.03319     10.00000
     1.77000      0.04009      0.05350      0.03738     10.00000
     1.79000      0.04165      0.05609      0.04093     10.00000
     1.81000      0.04364      0.05730      0.04283     10.00000
     1.83000      0.04998      0.05221      0.02989     10.00000
     1.85000      0.04564      0.05242      0.03398     10.00000
     1.87000      0.04809      0.05582      0.03736     10.00000
     1.89000      0.05580      0.06545      0.04587     10.00000
     1.91000      0.05527      0.06466      0.04631     10.00000
     1.93000      0.06013      0.06828      0.04619     10.00000
     1.95000      0.05999      0.06413      0.04086     10.00000
     1.97000      0.05390      0.05955      0.03894     10.00000
     1.99000      0.05113      0.06281      0.04439     10.00000
     2.01000      0.03572      0.06138      0.04577      9.00000
     2.03000      0.04897      0.06027      0.04308      9.00000
     2.05000      0.05946      0.07205      0.04661      7.00000
     2.07000      0.06713      0.07484      0.04496      7.00000
     2.09000      0.05675      0.06731      0.04221      8.00000
     2.11000      0.05372      0.06884      0.04962      8.00000
     2.13000      0.04374      0.06592      0.04055      7.00000
     2.15000      0.04223      0.05887      0.03484      8.00000
     2.17000      0.04349      0.05542      0.03333      8.00000
     2.19000      0.04411      0.05248      0.03165      8.00000
     2.21000      0.05084      0.05535      0.03222      8.00000
     2.23000      0.05052      0.05377      0.03701      9.00000
     2.25000      0.05628      0.05655      0.03583      9.00000
     2.27000      0.06557      0.06838      0.04273     10.00000
     2.29000      0.06111      0.07436      0.05032     10.00000
     2.31000      0.05376      0.06523      0.04699     10.00000
     2.33000      0.05509      0.06386      0.04577     10.00000
     2.35000      0.05331      0.06534      0.04865     10.00000
     2.37000      0.03421      0.05856      0.04036      9.00000
     2.39000      0.03512      0.05673      0.03757      9.00000
     2.41000      0.03049      0.06099      0.04657      9.00000
     2.43000      0.03225      0.06523      0.05313      9.00000
     2.45000      0.03385      0.06036      0.04968      9.00000
     2.47000      0.03045      0.06055      0.05144      9.00000
     2.49000      0.03221      0.06381      0.05869      9.00000
     2.51000      0.03412      0.05292      0.04526     10.00000
     2.53000      0.04293      0.05108      0.03748     10.00000
     2.55000      0.03714      0.05401      0.04411     10.00000
     2.57000      0.03367      0.04993      0.04415     10.00000
     2.59000      0.03435      0.04878      0.03715     10.00000
     2.61000      0.03192      0.04816      0.03857     10.00000
     2.63000      0.03121      0.04631      0.03802     10.00000
     2.65000      0.03329      0.04553      0.03710     10.00000
     2.67000      0.03064      0.04720      0.03684     10.00000
     2.69000      0.03825      0.04772      0.03921     10.00000
     2.71000      0.04343      0.05144      0.03357     10.00000
     2.73000      0.04423      0.04880      0.03511     10.00000
     2.75000      0.03960      0.04549      0.03343      9.00000
     2.77000      0.03473      0.04343      0.03744      9.00000
     2.79000      0.02991      0.04100      0.03642      9.00000
     2.81000      0.02802      0.04252      0.03845      9.00000
     2.83000      0.02550      0.03983      0.03660      9.00000
     2.85000      0.03052      0.04202      0.03396     10.00000
     2.87000      0.03310      0.04383      0.03214     10.00000
     2.89000      0.03341      0.05020      0.03920     10.00000
     2.91000      0.03128      0.04929      0.03891     10.00000
     2.93000      0.03450      0.04882      0.04140     10.00000
     2.95000      0.03601      0.04677      0.03578      9.00000
     2.97000      0.03026      0.04223      0.03389     10.00000
     2.99000      0.03502      0.04493      0.03404     10.00000
     3.01000      0.02645      0.04076      0.03725     10.00000
     3.03000      0.02472      0.04129      0.03671     10.00000
     3.05000      0.02536      0.03875      0.03639     10.00000
     3.07000      0.02896      0.04008      0.03550     10.00000
     3.09000      0.03214      0.04143      0.03771     10.00000
     3.11000      0.02901      0.03874      0.03467     10.00000
     3.13000      0.02657      0.04428      0.03937     10.00000
     3.15000      0.02646      0.04189      0.03827     10.00000
     3.17000      0.02464      0.04108      0.03787     10.00000
     3.19000      0.02815      0.04115      0.03759     10.00000
     3.21000      0.02983      0.04265      0.04083     10.00000
     3.23000      0.02626      0.04164      0.03415     10.00000
     3.25000      0.02673      0.04134      0.03561     10.00000
     3.27000      0.02814      0.03984      0.03354     10.00000
     3.29000      0.02988      0.04303      0.03435     10.00000
     3.31000      0.02851      0.04799      0.03777     10.00000
     3.33000      0.03338      0.04546      0.03634     10.00000
     3.35000      0.03404      0.04812      0.03701     10.00000
     3.37000      0.03339      0.04573      0.03550     10.00000
     3.39000      0.03080      0.04805      0.03924     10.00000
     3.41000      0.03191      0.05239      0.03976     10.00000
     3.43000      0.03334      0.05490      0.04279     10.00000
     3.45000      0.03963      0.05465      0.04101     10.00000
     3.47000      0.05355      0.05566      0.03894     10.00000
     3.49000      0.05421      0.05717      0.04007     10.00000
     3.51000      0.04704      0.05509      0.04505     10.00000
     3.53000      0.04421      0.05377      0.04236     10.00000
     3.55000      0.04741      0.05509      0.04267     10.00000
     3.57000      0.04113      0.05756      0.05201     10.00000
     3.59000      0.04433      0.05813      0.05238     10.00000
     3.61000      0.03977      0.05691      0.05333     10.00000
     3.63000      0.04060      0.05911      0.06277     10.00000
     3.65000      0.04025      0.06115      0.06633     10.00000
     3.67000      0.04440      0.06821      0.06606     10.00000
     3.69000      0.03956      0.07118      0.07253     10.00000
     3.71000      0.03798      0.06309      0.05592     10.00000
     3.73000      0.04128      0.06070      0.04815     10.00000
     3.75000      0.04271      0.06151      0.04958     10.00000
     3.77000      0.05035      0.06331      0.04703     10.00000
     3.79000      0.04131      0.05976      0.05271     10.00000
     3.81000      0.04198      0.05846      0.05087     10.00000
     3.83000      0.03261      0.05651      0.04822     10.00000
     3.85000      0.04113      0.05683      0.04165     10.00000
     3.87000      0.03650      0.05103      0.03757     10.00000
     3.89000      0.03821      0.05133      0.03722     10.00000
     3.91000      0.03812      0.05226      0.03672     10.00000
     3.93000      0.03905      0.05330      0.04018     10.00000
     3.95000      0.04230      0.05500      0.03852     10.00000
     3.97000      0.05082      0.05657      0.03980     10.00000
     3.99000      0.04961      0.05790      0.03867     10.00000
     4.01000      0.04891      0.06079      0.04019     10.00000
     4.03000      0.05410      0.06146      0.04194     10.00000
     4.05000      0.04723      0.05976      0.04136     10.00000
     4.07000      0.04723      0.06357      0.04386     10.00000
     4.09000      0.04542      0.05884      0.04025     10.00000
     4.11000      0.03924      0.06093      0.04044     10.00000
     4.13000      0.04498      0.05940      0.04186     10.00000
     4.15000      0.05392      0.06237      0.04308     10.00000
     4.17000      0.04411      0.05702      0.03988     10.00000
     4.19000      0.03584      0.05262      0.04286     10.00000
     4.21000      0.02933      0.05270      0.04761     10.00000
     4.23000      0.02733      0.05783      0.06060     10.00000
     4.25000      0.02911      0.05830      0.05538     10.00000
     4.27000      0.03228      0.05845      0.05937     10.00000
     4.29000      0.02890      0.05477      0.04956     10.00000
     4.31000      0.03610      0.06309      0.06442     10.00000
     4.33000      0.03492      0.06093      0.05600     10.00000
     4.35000      0.03610      0.06284      0.04969     10.00000
     4.37000      0.03114      0.06198      0.05252     10.00000
     4.39000      0.04521      0.06588      0.05555     10.00000
     4.41000      0.04895      0.07603      0.05902     10.00000
     4.43000      0.04809      0.07342      0.05194     10.00000
     4.45000      0.05339      0.07623      0.05630     10.00000
     4.47000      0.05345      0.07945      0.05960     10.00000
     4.49000      0.05043      0.06963      0.04275     10.00000
     4.51000      0.05984      0.07473      0.05074     10.00000
     4.53000      0.05501      0.07701      0.05368     10.00000
     4.55000      0.05427      0.06956      0.05307      9.00000
     4.57000      0.05635      0.07806      0.07035      9.00000
     4.59000      0.05439      0.07178      0.05306      9.00000
     4.61000      0.04486      0.07130      0.05688      9.00000
     4.63000      0.03808      0.06884      0.05735      9.00000
     4.65000      0.03772      0.07531      0.06925      9.00000
     4.67000      0.04550      0.06595      0.04718      9.00000
     4.69000      0.05393      0.06643      0.04834      9.00000
     4.71000      0.05181      0.06131      0.04091      9.00000
     4.73000      0.03830      0.05874      0.04422      9.00000
     4.75000      0.04187      0.06628      0.04181      8.00000
     4.77000      0.03542      0.05197      0.03346      9.00000
     4.79000      0.03937      0.06720      0.05996      8.00000
     4.81000      0.03870      0.06403      0.05424      8.00000
     4.83000      0.03778      0.06359      0.05491      8.00000
     4.85000      0.04402      0.06561      0.04183      7.00000
     4.87000      0.04394      0.05363      0.02836      8.00000
     4.89000      0.03682      0.05535      0.03989      8.00000
     4.91000      0.04032      0.05679      0.03913      8.00000
     4.93000      0.03984      0.06180      0.04944      8.00000
     4.95000      0.05030      0.06321      0.04923      8.00000
     4.97000      0.05205      0.06757      0.05155      8.00000
     4.99000      0.05601      0.06825      0.05487      8.00000
