    -1.99000  75535.63636  97395.56862  76112.41549     11.00000
    -1.97000  80902.15508  99419.38340  75608.54393     10.00000
    -1.95000  81824.50000 100513.06934  77640.41264     10.00000
    -1.93000  82017.01228 100141.37828  75140.23206     10.00000
    -1.91000  79851.46875  99542.06076  78821.94402     10.00000
    -1.89000  69235.80000  90597.68578  73928.49141     11.00000
    -1.87000  66963.75000  90134.99167  75454.22084     11.00000
    -1.85000  62394.40000  89814.81386  71686.06596     11.00000
    -1.83000  63705.60000  89397.46820  70597.02041     11.00000
    -1.81000  67838.25000  96026.13684  59952.24884     11.00000
    -1.79000  68134.67500  94552.72635  62381.02894     12.00000
    -1.77000  70176.57500  99368.20638  71324.88207     12.00000
    -1.75000  70162.27557  98342.30675  68760.49991     12.00000
    -1.73000  89828.14286 114877.02855  86654.71819     11.00000
    -1.71000  95753.56875 117256.29702  93393.85355     12.00000
    -1.69000  83692.60000 112995.98582  93450.85538     12.00000
    -1.67000  73530.26515 104613.04223  81525.83811     12.00000
    -1.65000  74906.82143 117746.27617  88836.68421     12.00000
    -1.63000  74858.91212 119256.36441  92261.27941     12.00000
    -1.61000  77692.23030 118259.95613  89861.99390     12.00000
    -1.59000  65937.37500 114935.13339  87849.65818     12.00000
    -1.57000  68401.71818 108408.57333  82112.04507     12.00000
    -1.55000  62833.26667 106541.48757  84468.03420     12.00000
    -1.53000  79746.36364 113568.67256  89149.22760     11.00000
    -1.51000  85878.00000 111499.24648  81868.44998     11.00000
    -1.49000  89698.63636 114825.62517  76267.84823     11.00000
    -1.47000  76653.80000 108264.23285  70404.09212     11.00000
    -1.45000  87578.00000 111879.48529  72384.13212     11.00000
    -1.43000  80028.75000 106314.51462  56942.27944     11.00000
    -1.41000  85713.93750 100619.59135  45381.33003     11.00000
    -1.39000  96343.50000 108200.38406  49491.00403     11.00000
    -1.37000  93950.27778  99809.06086  40972.72329     11.00000
    -1.35000  86721.20000  98428.30668  36649.17960     11.00000
    -1.33000  92959.60000  99918.49466  42722.73300     11.00000
    -1.31000  91179.25000  98645.65481  44529.63211     11.00000
    -1.29000  90441.22222 101552.94794  51865.31401     11.00000
    -1.27000  95764.00000  98830.04124  45907.34359     11.00000
    -1.25000  87294.50000  89068.18990  31733.46155     11.00000
    -1.23000  96680.75000  95886.50515  35661.96876     11.00000
    -1.21000  85076.20000 101712.69518  55994.20632     11.00000
    -1.19000  77983.75000  93347.27350  52842.27487     11.00000
    -1.17000  95193.21429  96012.71649  45388.08095     11.00000
    -1.15000  71939.90909  93759.86945  49687.58141     11.00000
    -1.13000  87303.91667 101986.74953  56955.70801     11.00000
    -1.11000  94978.68750  94305.34730  58302.06731     11.00000
    -1.09000  95010.73333  95447.34654  57118.92695     11.00000
    -1.07000  84719.16667  90342.64817  51290.91548     11.00000
    -1.05000  82769.75000  86582.59088  39645.23114     12.00000
    -1.03000  72689.21667  87635.77562  41521.84796     12.00000
    -1.01000  73033.19167  85499.82538  42276.05415     12.00000
    -0.99000  74511.76364  84424.41174  43983.52570     12.00000
    -0.97000  85266.14205  85237.16973  41781.98176     12.00000
    -0.95000  94903.33590  92216.57589  44216.57323     12.00000
    -0.93000  91423.38736  93258.62900  46274.53970     12.00000
    -0.91000  91458.81364  91481.52175  46920.96138     12.00000
    -0.89000  88300.30303  85577.47098  46781.59990     12.00000
    -0.87000  86475.86667  82255.73621  41802.25311     12.00000
    -0.85000  83359.27692  81142.09039  40521.01095     12.00000
    -0.83000  99321.18333  85432.81603  39645.24750     12.00000
    -0.81000  78529.66667  77796.13654  40010.39682     12.00000
    -0.79000  71800.73377  73166.20617  36471.48531     12.00000
    -0.77000  81808.63636  73580.52006  35815.83278     12.00000
    -0.75000  75848.90909  72939.91597  31088.54644     12.00000
    -0.73000  81539.60000  70099.02247  33351.39763     11.00000
    -0.71000  78040.80000  69153.49745  35191.78439     11.00000
    -0.69000  85987.87500  77498.04513  41036.91901     11.00000
    -0.67000  73801.15385  74151.90350  37490.19080     11.00000
    -0.65000  67726.80000  71425.30311  33119.05773     11.00000
    -0.63000  68285.80000  74532.24150  31746.49674     11.00000
    -0.61000  64811.66667  70260.69321  33657.79258     11.00000
    -0.59000  66887.00000  70838.68233  30858.36114     11.00000
    -0.57000  67673.25000  70017.10131  33471.87781     11.00000
    -0.55000  64517.85714  69295.53567  34207.95262     11.00000
    -0.53000  66000.60000  70555.00058  30874.72750     11.00000
    -0.51000  62124.00000  69087.23118  30907.61433     11.00000
    -0.49000  62132.76923  67871.86346  35155.05894     11.00000
    -0.47000  62380.90000  68387.66794  37788.02800     11.00000
    -0.45000  60079.23077  67485.62792  41975.43652     11.00000
    -0.43000  61365.25000  67961.88737  44686.58255     11.00000
    -0.41000  52565.82500  58003.57086  39224.36946     10.00000
    -0.39000  53795.95833  53884.03635  34979.90760     10.00000
    -0.37000  61316.80000  56552.00699  32019.17957     11.00000
    -0.35000  67720.90909  57174.94251  31995.82230     11.00000
    -0.33000  52335.45455  55214.90943  29660.83502     11.00000
    -0.31000  46431.27273  56291.22664  34809.41211     11.00000
    -0.29000  43025.91667  55997.43586  37507.55834     11.00000
    -0.27000  56456.60000  58454.24913  39007.84362     11.00000
    -0.25000  54875.75000  57288.64337  32759.01017     11.00000
    -0.23000  55355.80000  59040.76151  35289.62636     11.00000
    -0.21000  50837.18750  57104.66735  30179.01636     12.00000
    -0.19000  57374.12222  55961.32420  27384.57761     12.00000
    -0.17000  49258.95588  52982.66946  25972.00056     12.00000
    -0.15000  51502.71875  53751.53499  24667.35982     12.00000
    -0.13000  59068.30000  56257.71689  22474.20705     12.00000
    -0.11000  52701.00000  58783.12409  26543.89395     11.00000
    -0.09000  68453.13077  66137.58001  28201.61806     12.00000
    -0.07000  72105.46154  63711.52546  25213.67455     13.00000
    -0.05000  65434.75000  65365.43662  29229.59505     13.00000
    -0.03000  61167.50000  61459.51812  23450.82368     13.00000
    -0.01000  59968.00000  66372.92506  28050.01345     13.00000
     0.01000 139986.66667 145791.31187  86102.83676     13.00000
     0.03000 182445.05263 183696.76569  97719.09049     13.00000
     0.05000 179789.16667 180319.84034  93825.29477     13.00000
     0.07000 154388.52941 178539.66272  95473.67425     13.00000
     0.09000 192725.78947 191367.05073  99948.74409     13.00000
     0.11000 144832.00000 183345.20220 102067.28730     13.00000
     0.13000 148208.00000 190992.67450 115511.58797     13.00000
     0.15000 153006.00000 194235.78176 125736.92037     13.00000
     0.17000 220972.00000 200690.45016 133327.93156     13.00000
     0.19000 183987.50000 199299.15145 130346.17260     13.00000
     0.21000 196217.50000 199067.40075 123764.88044     13.00000
     0.23000 173271.33333 200456.52357 122409.66334     13.00000
     0.25000 192191.33333 199256.39255 119047.56247     13.00000
     0.27000 212839.09091 194724.51263 109471.49748     13.00000
     0.29000 160414.36842 165399.27799  87607.92984     13.00000
     0.31000 182202.00000 163877.02759  82178.76550     13.00000
     0.33000 181275.45455 162455.02243  80471.69513     13.00000
     0.35000 179934.66667 169352.31476  74354.52998     13.00000
     0.37000 143005.71429 160689.50219  72708.63319     13.00000
     0.39000 150624.00000 162142.87607  71425.93151     13.00000
     0.41000 151324.37500 144612.28494  58585.90430     13.00000
     0.43000 150837.27273 139058.29224  50080.73856     13.00000
     0.45000 137087.37500 152457.12797  87885.85959     13.00000
     0.47000 148263.44828 163079.53456  90192.70633     13.00000
     0.49000 181317.69231 164783.56492  77111.98440     13.00000
     0.51000 157158.75000 155088.23213  87837.59720     13.00000
     0.53000 138473.00000 152115.12997  93763.57689     13.00000
     0.55000 142378.23529 145200.99450  87713.88528     13.00000
     0.57000  95594.91667 125875.12048  84367.31097     13.00000
     0.59000 123591.23529 118008.44363  75066.21872     13.00000
     0.61000  83353.90000 108639.16110  71272.32503     13.00000
     0.63000  70103.36364 109133.55446  73849.04197     13.00000
     0.65000 119590.83333 119010.27146  73123.27130     13.00000
     0.67000  62301.81250  98554.25670  74320.03981     13.00000
     0.69000 100761.65517 106707.05539  69068.74299     13.00000
     0.71000 111367.40000 109452.94337  69609.92391     13.00000
     0.73000 103832.76471  99218.75260  61861.17122     13.00000
     0.75000 108531.36364 103380.20822  68655.49316     13.00000
     0.77000  77059.66667  90275.02857  69066.15116     13.00000
     0.79000  71180.93750  89496.50151  63991.04661     13.00000
     0.81000  54907.86207  81402.83477  67074.89633     13.00000
     0.83000  72062.56250  90151.82095  72132.26121     13.00000
     0.85000  57797.46667  89103.91921  81907.90681     13.00000
     0.87000  52713.58333  75503.10899  63812.13075     13.00000
     0.89000  61115.00000  73768.79031  57123.24134     13.00000
     0.91000  56027.78571  85549.48002  69972.00294     13.00000
     0.93000  61976.75000  88748.11410  63958.85292     13.00000
     0.95000  55711.88235  83421.72233  63993.80041     13.00000
     0.97000  65569.35833  87650.02895  73478.26989     12.00000
     0.99000  73693.96250  96210.03703  71369.62107     12.00000
     1.01000  88701.33333 121142.01020  94907.27395     13.00000
     1.03000  91369.75000  98802.65564  82685.61953     13.00000
     1.05000  59780.61538  86061.19835  66790.23060     13.00000
     1.07000  58610.75000  82963.51012  67316.62093     13.00000
     1.09000  51229.58824  75500.79885  58775.84233     13.00000
     1.11000  41688.38889  82290.31359  87126.76199     13.00000
     1.13000  53355.11765  79718.09039  76685.69027     13.00000
     1.15000  45074.61111  68179.41462  58059.34290     13.00000
     1.17000  36899.17647  66955.18926  64056.06112     13.00000
     1.19000  27997.11765  61524.20729  63257.43020     13.00000
     1.21000  31486.40000  51001.61941  44043.60156     13.00000
     1.23000  25019.88889  56971.34272  57360.09754     13.00000
     1.25000  25893.40000  60260.54097  63915.71491     13.00000
     1.27000  28326.44444  60470.21547  64573.57512     13.00000
     1.29000  27847.75000  47212.42192  48615.39925     13.00000
     1.31000  28972.45455  45516.62465  51257.73248     13.00000
     1.33000  25966.05556  44277.71398  54929.82004     13.00000
     1.35000  22800.90000  49695.33237  60447.19520     13.00000
     1.37000  14183.00000  45622.08731  65828.16110     13.00000
     1.39000  17835.94444  45565.55029  64537.59144     13.00000
     1.41000  20640.39412  46851.39857  65802.69687     13.00000
     1.43000  22841.11111  43919.21485  63467.63557     13.00000
     1.45000  15218.11034  41725.85073  62817.38101     13.00000
     1.47000  15736.27273  47681.33821  61882.77442     13.00000
     1.49000  14467.76154  51058.45524  63199.99446     13.00000
     1.51000  16783.04444  55081.86786  72233.13978     13.00000
     1.53000  21418.00000  53205.99709  72323.81786     13.00000
     1.55000  23908.20000  58939.61447  79984.22578     13.00000
     1.57000  22501.81818  59218.30425  82186.06264     13.00000
     1.59000  18561.81818  51363.16948  78208.40170     13.00000
     1.61000  17664.22222  48126.06470  78725.52476     13.00000
     1.63000  16986.72727  50241.65199  81392.37804     13.00000
     1.65000  22892.56818  54102.05778  82516.95774     12.00000
     1.67000  21861.63889  43462.06706  60999.41954     12.00000
     1.69000  23762.89773  44534.18065  60849.29024     12.00000
     1.71000  23042.31319  42722.69580  61817.50803     12.00000
     1.73000  20911.06250  41665.63376  59149.33946     12.00000
     1.75000  18984.81818  41667.85704  59911.47969     12.00000
     1.77000  17209.87500  35121.51175  45790.69935     12.00000
     1.79000  16951.54167  39403.36322  52883.49664     12.00000
     1.81000  21075.82727  38601.00461  51379.92871     12.00000
     1.83000  20999.32500  35981.88895  49049.31863     12.00000
     1.85000  21687.00000  37177.92699  49800.58790     12.00000
     1.87000  22010.39773  40834.62939  51437.12291     12.00000
     1.89000  23248.15000  42046.58194  52203.94594     12.00000
     1.91000  23087.62500  42035.85115  52651.21513     12.00000
     1.93000  22754.11932  47227.61244  56470.03094     12.00000
     1.95000  21193.83333  50852.78275  58323.49609     12.00000
     1.97000  23738.50627  49116.13010  52735.79663     12.00000
     1.99000  22603.18333  46754.62303  53722.53752     12.00000
     2.01000  27339.29762  43707.27125  45269.07099     12.00000
     2.03000  33738.16061  48127.45866  46812.73709     12.00000
     2.05000  23133.97500  45989.98328  47212.09169     12.00000
     2.07000  22113.62626  47490.81812  49802.18400     12.00000
     2.09000  22167.38258  45934.60107  49789.25795     12.00000
     2.11000  22063.72143  43423.00603  46869.40948     12.00000
     2.13000  22586.29371  42095.02978  40634.46118     12.00000
     2.15000  27081.20000  45688.74818  38758.59420     11.00000
     2.17000  27328.03365  41329.63058  34338.16705     12.00000
     2.19000  25612.91212  38799.16653  33251.75409     12.00000
     2.21000  23934.90374  38358.43031  34324.12073     12.00000
     2.23000  27294.55897  41275.51033  38219.44538     12.00000
     2.25000  28893.40057  42554.55355  33664.61775     12.00000
     2.27000  24622.40833  46420.66872  44257.95827     12.00000
     2.29000  24527.58125  46107.59446  42899.01769     12.00000
     2.31000  26325.01042  47959.28838  45807.67819     12.00000
     2.33000  23980.13333  55964.94291  72128.20365     12.00000
     2.35000  23468.49026  49983.88377  63718.16723     12.00000
     2.37000  23527.24643  43013.18791  45472.31941     12.00000
     2.39000  20867.17647  40530.74931  43498.90606     12.00000
     2.41000  22491.10140  61900.42404 102494.11270     12.00000
     2.43000  20851.17708  65032.39395 108701.82814     12.00000
     2.45000  20331.51667  63541.64344  96911.64416     12.00000
     2.47000  18424.23077  71628.42646 122302.88341     12.00000
     2.49000  17029.89048  51203.78041  65848.46498     12.00000
     2.51000  15933.40144  51606.97791  59989.75994     12.00000
     2.53000  19040.98077  48729.20554  52577.26351     12.00000
     2.55000  17252.64286  52068.69562  61469.76308     12.00000
     2.57000  21972.18277  64023.18754  93255.25966     12.00000
     2.59000  21573.15385  73317.10049 117422.76429     12.00000
     2.61000  27974.27273  63718.76270  93836.40665     13.00000
     2.63000  32744.27273  62972.77174  81344.39787     13.00000
     2.65000  25253.40000  58051.73939  68394.86480     13.00000
     2.67000  25659.33333  61783.45714  73357.34813     13.00000
     2.69000  36420.65152  72024.87847  77244.63523     12.00000
     2.71000  40131.30844  62089.16411  56866.26065     12.00000
     2.73000  35398.29221  60701.21155  58521.55879     12.00000
     2.75000  33892.33333  56445.07075  50548.77858     13.00000
     2.77000  34740.36364  57161.77060  49053.27402     13.00000
     2.79000  29575.72727  57532.60391  55135.79434     13.00000
     2.81000  29549.45455  51433.10528  42148.79471     13.00000
     2.83000  30057.50000  51419.00701  43811.59429     13.00000
     2.85000  27848.66667  55119.68834  52465.14444     13.00000
     2.87000  30298.49615  71198.48089  71665.42208     12.00000
     2.89000  35789.89231  99590.91249 125794.11930     12.00000
     2.91000  42356.41209  91557.04256 104166.41448     12.00000
     2.93000  34852.64286 100948.77702 124182.35237     12.00000
     2.95000  27499.00000 105059.03236 148082.47786     13.00000
     2.97000  35247.54545  97524.55843 131442.36117     13.00000
     2.99000  27058.25000 103229.77505 150055.12055     13.00000
     3.01000  27640.36364 104158.07765 160213.74182     13.00000
     3.03000  25537.75000  96419.68504 143288.56705     13.00000
     3.05000  30702.91667  99362.03180 153211.71846     13.00000
     3.07000  28492.25000  97014.53094 145744.56714     13.00000
     3.09000  27148.07692  99011.62064 132536.28536     13.00000
     3.11000  42371.73333 100277.42839 121351.21624     13.00000
     3.13000  37488.06667 103534.40314 122894.25832     13.00000
     3.15000  35319.62500 100242.46670 113749.12997     13.00000
     3.17000  46957.00000  93455.90535 103737.81697     13.00000
     3.19000  49527.50000  98951.73425 119273.66161     13.00000
     3.21000  39688.33333  91971.07249 102026.45227     13.00000
     3.23000  48742.68750  89762.61598  91840.68510     13.00000
     3.25000  48205.00000  97098.74596 102613.07439     13.00000
     3.27000  47231.37500 102511.83614 102955.27344     13.00000
     3.29000  39877.73333  94937.35882  89468.92075     13.00000
     3.31000  39806.18182  86800.38397  78553.63826     13.00000
     3.33000  48330.50000  89961.64514  80147.89758     13.00000
     3.35000  47852.18750  88562.22563  90957.43995     13.00000
     3.37000  51213.23077 107907.51963 123830.39283     13.00000
     3.39000  50414.68750 111574.24066 124349.79315     13.00000
     3.41000  51536.08333 113323.08616 128777.79737     13.00000
     3.43000  79941.42857 120113.00554 133774.52955     13.00000
     3.45000  78483.46667 119732.68088 124151.66119     13.00000
     3.47000  64530.72727 129017.76446 131665.83105     13.00000
     3.49000  43659.40000 124883.41914 131556.51054     13.00000
     3.51000  68462.75000 107392.84991 101417.69213     13.00000
     3.53000  74729.85714  97991.95720  92538.65146     13.00000
     3.55000  73713.06667  98785.99308  84076.37939     13.00000
     3.57000  47652.70588 105430.52455  95954.87921     13.00000
     3.59000  36850.00000 110279.21517  97803.46030     13.00000
     3.61000  37728.62500 100158.73130  95350.15228     13.00000
     3.63000  41968.73333 106288.61954 105219.84327     13.00000
     3.65000  39755.41176 109020.58708 108766.13764     13.00000
     3.67000  61783.35714 105880.55086  97261.71770     13.00000
     3.69000  60381.28571 107141.64124  87738.41674     13.00000
     3.71000  67923.09091 100228.86239  75471.13724     13.00000
     3.73000  97480.42857 112238.48969  83465.62961     13.00000
     3.75000 116222.71429 138264.75627 108182.92874     13.00000
     3.77000 135596.87500 149126.02006 124997.01860     13.00000
     3.79000 139309.47368 150893.60605 124989.45311     13.00000
     3.81000 101882.88889 149377.02316 129380.10359     13.00000
     3.83000 109530.00000 153782.15836 142606.44994     13.00000
     3.85000 118625.16667 163025.62685 155595.00226     13.00000
     3.87000 109481.60000 157485.93394 147539.34327     13.00000
     3.89000 102449.00000 160240.39706 160845.93649     13.00000
     3.91000  94345.11765 157179.15905 168157.72212     13.00000
     3.93000  92225.81250 151507.67676 139068.60763     13.00000
     3.95000  71740.00000 158486.34288 176475.77038     13.00000
     3.97000  56859.53333 148734.33115 172120.35310     13.00000
     3.99000  93716.29412 149975.82554 160898.27310     13.00000
     4.01000  94849.80000 158561.05457 182979.68085     13.00000
     4.03000  68731.72222 152685.79170 199813.09758     13.00000
     4.05000  72613.20000 149089.22899 176669.61740     13.00000
     4.07000  96713.11111 157730.25206 169540.79054     13.00000
     4.09000  89872.50000 138747.26155 123079.95502     13.00000
     4.11000  75986.00000 143165.84566 150261.02750     13.00000
     4.13000  87386.86667 135676.51408 141895.52704     13.00000
     4.15000  82878.25000 147185.33855 169045.26570     13.00000
     4.17000  72363.23077 136166.84651 149016.14326     13.00000
     4.19000  73542.29412 132735.28830 136142.25443     13.00000
     4.21000  77282.73333 121507.72856 111433.42044     13.00000
     4.23000  81915.50000 126043.10006 110871.20129     13.00000
     4.25000  74312.73333 117849.26926 107114.24273     13.00000
     4.27000  94738.15385 116206.63324  93663.79305     13.00000
     4.29000  65090.13333 102170.77974  95454.36292     13.00000
     4.31000  66994.05882  95149.65138  95790.06859     13.00000
     4.33000  61460.33333  94010.53070  94672.25013     13.00000
     4.35000  62291.27778  90707.21322  94663.92766     13.00000
     4.37000  54433.10526  81146.88430  80848.18047     13.00000
     4.39000  46987.35714  93991.67158 103587.89239     13.00000
     4.41000  47812.07143  93049.44205  95231.48897     13.00000
     4.43000  54912.51724  91861.46399 105037.92966     13.00000
     4.45000  56428.63333  94968.77013 105836.23750     13.00000
     4.47000  58385.60000  99321.46966 100792.65262     13.00000
     4.49000  61048.22222  97805.19991  84505.57085     13.00000
     4.51000  63266.00000  79478.49191  58375.41135     13.00000
     4.53000  63510.80000  72157.15142  45330.12279     13.00000
     4.55000  65853.00000  71553.68554  39989.10876     13.00000
     4.57000  69842.07143  79402.49363  62082.47554     13.00000
     4.59000  77324.21429  86416.04970  59116.23216     13.00000
     4.61000  77818.28571 101360.83914  86466.48210     13.00000
     4.63000  81455.06667 108067.94345 108363.97058     13.00000
     4.65000  81207.76923 108167.37093 106963.16338     13.00000
     4.67000  77216.00000 123647.80373 128829.39804     13.00000
     4.69000  75452.00000 119032.78387 126534.72049     13.00000
     4.71000  79509.44444 121741.58940 151518.44349     13.00000
     4.73000  62713.38889 114826.07324 150374.32860     13.00000
     4.75000  59651.20000 112863.76646 148682.78285     13.00000
     4.77000  57600.50000 108446.52132 143832.77075     13.00000
     4.79000  58719.81818 102080.43722 122234.10566     13.00000
     4.81000  65111.64286 106650.22555 114262.44209     13.00000
     4.83000  63022.53333 103603.58797  96174.92601     13.00000
     4.85000  82854.12500  94441.54869  74813.54037     13.00000
     4.87000  80773.41379 100401.91525  72965.55457     13.00000
     4.89000 101739.46667  98594.67260  73968.32179     13.00000
     4.91000  82974.62500  85378.14902  66937.51690     13.00000
     4.93000  75870.46667  99922.36973  81493.46347     13.00000
     4.95000  72893.03333 111181.57032  99949.07866     13.00000
     4.97000  79681.60000 110947.80729  91530.03920     13.00000
     4.99000  78211.93333 105587.96638  91805.85700     13.00000
