    -1.99000      6.02142      6.24705      1.80778     18.00000
    -1.97000      6.27796      6.18779      1.39302     18.00000
    -1.95000      6.16916      6.55287      2.08549     18.00000
    -1.93000      6.07442      6.70222      2.55372     18.00000
    -1.91000      5.86020      6.28729      1.97092     18.00000
    -1.89000      5.77310      6.57857      2.64150     18.00000
    -1.87000      5.87239      6.59933      2.57692     18.00000
    -1.85000      5.91546      6.54038      2.21357     18.00000
    -1.83000      5.97410      6.56040      2.44581     18.00000
    -1.81000      5.94256      6.57198      2.38700     18.00000
    -1.79000      5.93519      6.73267      3.22310     18.00000
    -1.77000      6.01253      6.83683      3.73678     18.00000
    -1.75000      5.93877      6.74276      3.20925     18.00000
    -1.73000      6.13054      5.81181      1.19187     18.00000
    -1.71000      5.37634      5.72046      1.20385     18.00000
    -1.69000      6.18308      6.09582      1.75109     18.00000
    -1.67000      6.20647      6.22816      1.59598     18.00000
    -1.65000      5.88815      6.35349      2.07774     18.00000
    -1.63000      5.82502      6.50073      2.27410     18.00000
    -1.61000      5.73840      6.70594      2.27331     18.00000
    -1.59000      5.82987      6.69302      2.17772     18.00000
    -1.57000      5.73333      6.55380      2.13303     18.00000
    -1.55000      5.67997      6.52974      2.18985     18.00000
    -1.53000      5.74743      6.54850      2.16752     18.00000
    -1.51000      5.75898      6.68124      2.36428     18.00000
    -1.49000      5.75269      6.75092      2.41606     18.00000
    -1.47000      6.39446      6.84295      2.16302     18.00000
    -1.45000      6.35304      6.93985      2.35828     18.00000
    -1.43000      6.54250      7.02799      2.59397     18.00000
    -1.41000      6.26556      6.79637      2.33963     18.00000
    -1.39000      5.95369      6.49288      2.01078     18.00000
    -1.37000      5.89995      6.27754      1.49485     18.00000
    -1.35000      5.64572      6.48256      2.72038     18.00000
    -1.33000      5.83622      6.55143      3.08968     18.00000
    -1.31000      5.96247      6.51247      2.73886     18.00000
    -1.29000      5.91461      6.46326      2.50968     18.00000
    -1.27000      5.89563      6.55797      2.56021     18.00000
    -1.25000      6.37150      6.54089      2.21645     18.00000
    -1.23000      7.24335      6.70485      2.11151     18.00000
    -1.21000      7.30794      6.57911      1.95050     18.00000
    -1.19000      6.55000      6.38561      1.79937     18.00000
    -1.17000      6.30192      6.81737      3.16944     18.00000
    -1.15000      6.64249      7.29068      3.72131     18.00000
    -1.13000      6.49523      7.51672      4.45111     18.00000
    -1.11000      6.27986      7.55285      4.56788     18.00000
    -1.09000      5.82981      7.52692      4.74428     18.00000
    -1.07000      5.72945      7.35395      4.68051     18.00000
    -1.05000      5.64999      7.61196      5.07718     18.00000
    -1.03000      5.80140      7.57970      4.84698     18.00000
    -1.01000      5.91193      7.78505      5.03229     18.00000
    -0.99000      5.91215      8.00327      5.46436     18.00000
    -0.97000      6.00283      7.88586      5.20191     18.00000
    -0.95000      6.36554      7.92377      4.88717     18.00000
    -0.93000      6.23508      7.98349      4.80056     18.00000
    -0.91000      6.39847      8.22880      5.05088     18.00000
    -0.89000      6.30785      8.32102      5.24921     18.00000
    -0.87000      6.69762      8.23665      5.13264     18.00000
    -0.85000      6.62137      8.31592      5.15475     18.00000
    -0.83000      6.21838      9.13016      7.49915     18.00000
    -0.81000      6.46397      9.25094      7.57821     18.00000
    -0.79000      6.27012      9.48961      7.88468     18.00000
    -0.77000      6.41844      9.24919      7.84102     18.00000
    -0.75000      7.14660      9.35071      7.71893     18.00000
    -0.73000      6.89317      9.12837      7.40733     18.00000
    -0.71000      7.98568      9.77787      7.22021     18.00000
    -0.69000      7.74616      9.78341      7.13744     18.00000
    -0.67000      7.42439      9.49785      7.02758     18.00000
    -0.65000      7.93724      9.39892      6.63389     18.00000
    -0.63000      7.56896      9.29581      6.48091     18.00000
    -0.61000      8.79587      9.75403      6.36143     18.00000
    -0.59000      7.95327      9.54910      6.20724     18.00000
    -0.57000      7.74508      9.81277      6.19313     18.00000
    -0.55000      7.39107      9.75304      6.35599     18.00000
    -0.53000      7.60343      9.62351      6.14901     18.00000
    -0.51000      7.42561      9.79045      6.42500     18.00000
    -0.49000      7.85898      9.55416      6.09952     18.00000
    -0.47000     10.13786      9.71005      5.76662     18.00000
    -0.45000      9.57121     10.27590      6.28107     18.00000
    -0.43000      9.95293     10.84069      6.14809     18.00000
    -0.41000      9.90897     11.18225      6.04655     18.00000
    -0.39000      9.75721     10.79764      5.88233     18.00000
    -0.37000     10.23602     10.87528      5.86452     18.00000
    -0.35000     10.08697     10.78948      5.50749     18.00000
    -0.33000     10.16795     10.94058      5.14656     18.00000
    -0.31000     10.19093     10.92003      5.36073     18.00000
    -0.29000     10.65755     11.36981      5.13158     18.00000
    -0.27000     10.20671     10.97721      4.78656     18.00000
    -0.25000      9.43311     10.54777      4.98997     18.00000
    -0.23000      9.19449     10.59774      4.78035     18.00000
    -0.21000      8.71411     10.08816      4.88618     18.00000
    -0.19000      8.79436      9.94262      4.89893     18.00000
    -0.17000      9.63054     10.36688      4.65017     18.00000
    -0.15000      9.95317     10.84053      4.54183     18.00000
    -0.13000      9.57094     10.78209      4.65323     18.00000
    -0.11000      9.43562     11.10216      5.24666     18.00000
    -0.09000      8.79493     10.88473      5.44392     18.00000
    -0.07000      8.87954     10.49662      5.14634     18.00000
    -0.05000      8.46251     10.71429      5.29182     18.00000
    -0.03000      9.44979     11.21763      4.67981     18.00000
    -0.01000     10.20582     11.72172      4.27120     18.00000
     0.01000     11.25618     12.54192      4.44308     18.00000
     0.03000     12.63345     12.54480      3.91233     18.00000
     0.05000     13.01331     13.30802      3.63990     18.00000
     0.07000     13.33302     13.85477      4.34466     18.00000
     0.09000     13.36518     13.99700      4.43946     18.00000
     0.11000     13.47238     14.04890      4.30436     18.00000
     0.13000     14.19943     14.17172      4.25330     18.00000
     0.15000     13.63001     14.12332      4.27687     18.00000
     0.17000     13.97330     14.28479      4.26374     18.00000
     0.19000     14.22547     14.29118      4.18484     18.00000
     0.21000     14.53653     14.41010      4.15579     18.00000
     0.23000     14.89310     14.52623      4.17234     18.00000
     0.25000     15.04013     14.55279      4.15029     18.00000
     0.27000     14.76274     14.72324      3.92214     18.00000
     0.29000     14.83950     14.89500      3.71956     18.00000
     0.31000     15.35798     15.07560      3.72200     18.00000
     0.33000     15.56462     15.19941      3.63359     18.00000
     0.35000     15.40225     15.29850      3.59521     18.00000
     0.37000     15.29597     15.37332      3.55947     18.00000
     0.39000     15.13458     15.35742      3.51307     18.00000
     0.41000     14.79664     15.43235      3.63514     18.00000
     0.43000     14.62927     15.37548      3.71557     18.00000
     0.45000     14.60741     15.27598      3.77248     18.00000
     0.47000     14.55317     15.29591      3.76927     18.00000
     0.49000     14.46923     15.33321      3.70157     18.00000
     0.51000     14.48930     15.32520      3.58037     18.00000
     0.53000     14.50612     15.17042      3.62951     18.00000
     0.55000     14.42472     15.02896      3.58599     18.00000
     0.57000     14.35623     14.89902      3.46599     18.00000
     0.59000     14.15841     14.74211      3.31592     18.00000
     0.61000     13.90629     14.56376      3.19462     18.00000
     0.63000     13.52073     14.29701      3.13452     18.00000
     0.65000     13.41684     14.16926      3.21112     18.00000
     0.67000     13.29580     14.17335      3.16307     18.00000
     0.69000     13.04631     14.03584      3.12445     18.00000
     0.71000     12.87491     13.88949      3.13696     18.00000
     0.73000     12.83335     13.75471      3.17553     18.00000
     0.75000     12.72775     13.57233      3.14529     18.00000
     0.77000     12.68692     13.44092      3.08464     18.00000
     0.79000     12.63802     13.34478      3.04924     18.00000
     0.81000     12.61079     13.14859      3.11353     18.00000
     0.83000     12.53443     12.94575      3.17598     18.00000
     0.85000     12.44202     12.69066      3.14242     18.00000
     0.87000     12.35714     12.52803      3.08701     18.00000
     0.89000     12.11031     12.59306      3.41361     18.00000
     0.91000     11.91269     12.52218      3.88682     18.00000
     0.93000     11.54702     12.40755      3.83591     18.00000
     0.95000     11.51734     12.20880      3.80369     18.00000
     0.97000     11.41350     11.80055      3.43877     18.00000
     0.99000     10.52270     11.63727      3.46895     18.00000
     1.01000     10.44473     11.39193      3.37015     18.00000
     1.03000     10.34015     11.14240      4.15813     18.00000
     1.05000      9.86137     11.05845      4.45883     18.00000
     1.07000      9.49162     10.89247      4.60678     18.00000
     1.09000      9.54226     10.85013      4.41919     18.00000
     1.11000      8.95848     10.70954      4.53244     18.00000
     1.13000      8.75163     10.46047      4.59476     18.00000
     1.15000      9.28025     10.36117      4.37102     18.00000
     1.17000      9.37605     10.24391      4.35654     18.00000
     1.19000      9.31115     10.63543      4.10216     18.00000
     1.21000      8.91317     10.07798      4.08160     18.00000
     1.23000      8.96507     10.07291      4.12714     18.00000
     1.25000      9.10041     10.12248      3.91734     18.00000
     1.27000      8.93944      9.69456      3.89169     18.00000
     1.29000      9.31369      9.38008      3.83284     18.00000
     1.31000      9.27827      9.30845      3.80233     18.00000
     1.33000      9.50960      9.14916      3.76378     18.00000
     1.35000      9.42980      8.91340      3.54871     18.00000
     1.37000      9.06712      8.67796      3.46018     18.00000
     1.39000      8.76684      8.58845      3.47671     18.00000
     1.41000      8.46061      8.26707      3.38958     18.00000
     1.43000      8.48956      8.40954      3.51752     18.00000
     1.45000      7.92552      8.58857      3.50101     18.00000
     1.47000      7.57843      8.38025      3.59121     18.00000
     1.49000      7.67756      8.21462      3.45971     18.00000
     1.51000      7.77335      8.17594      3.36708     18.00000
     1.53000      7.88752      8.21545      3.35377     18.00000
     1.55000      7.60416      8.04609      3.44577     18.00000
     1.57000      7.40009      7.97022      3.48766     18.00000
     1.59000      7.16559      7.94848      3.65570     18.00000
     1.61000      5.93256      7.81031      3.76023     18.00000
     1.63000      6.05665      7.70261      3.81472     18.00000
     1.65000      5.93471      8.14266      4.48169     18.00000
     1.67000      6.19209      8.23045      4.64687     18.00000
     1.69000      6.30589      8.49181      5.28541     18.00000
     1.71000      6.58848      8.39629      5.29916     18.00000
     1.73000      7.09620      8.51866      5.46993     18.00000
     1.75000      7.10481      8.50205      5.81926     18.00000
     1.77000      7.10463      8.28473      5.85027     18.00000
     1.79000      6.74165      7.55564      4.15870     18.00000
     1.81000      6.57448      7.49449      4.20614     18.00000
     1.83000      7.26149      7.85061      4.68659     18.00000
     1.85000      5.80168      7.66828      4.69345     18.00000
     1.87000      6.36647      7.94824      4.94128     18.00000
     1.89000      7.12955      8.17670      5.13295     18.00000
     1.91000      7.10400      7.68094      4.62066     18.00000
     1.93000      7.14039      7.90075      4.65687     18.00000
     1.95000      6.87675      7.94032      4.63182     18.00000
     1.97000      6.70862      7.86397      4.48667     18.00000
     1.99000      7.09161      8.26059      5.18868     18.00000
     2.01000      6.93661      8.27269      5.29108     18.00000
     2.03000      6.82842      7.96435      4.98288     18.00000
     2.05000      6.78575      7.98978      4.41727     18.00000
     2.07000      7.34322      7.94690      3.77241     18.00000
     2.09000      7.40385      8.01101      3.68611     18.00000
     2.11000      7.37951      7.78023      3.69646     18.00000
     2.13000      7.20130      7.77434      3.78624     18.00000
     2.15000      7.41805      7.67549      3.58492     18.00000
     2.17000      7.47139      7.73623      3.51407     18.00000
     2.19000      7.69980      8.01975      3.75810     18.00000
     2.21000      7.18242      7.99777      3.76406     18.00000
     2.23000      6.78908      8.21148      3.74893     18.00000
     2.25000      7.12087      8.24105      3.69155     18.00000
     2.27000      7.12897      7.96823      3.59422     18.00000
     2.29000      6.62573      7.75182      3.54346     18.00000
     2.31000      6.60313      7.73720      3.44745     18.00000
     2.33000      6.86827      7.82738      3.52852     18.00000
     2.35000      7.05235      7.91952      3.71947     18.00000
     2.37000      6.89242      7.95897      3.15394     18.00000
     2.39000      7.49578      7.93815      2.89774     18.00000
     2.41000      7.25174      7.74678      2.94475     18.00000
     2.43000      6.94075      7.52974      2.73640     18.00000
     2.45000      6.83821      7.44031      2.96230     18.00000
     2.47000      6.45502      7.29361      2.89237     18.00000
     2.49000      6.44665      7.12919      2.62368     18.00000
     2.51000      6.27696      7.30079      3.10027     18.00000
     2.53000      6.44182      7.32616      3.01310     18.00000
     2.55000      7.02261      7.36203      3.23107     18.00000
     2.57000      5.98651      7.26600      3.13529     18.00000
     2.59000      6.17203      7.02179      2.57806     18.00000
     2.61000      6.31670      6.75453      2.38193     18.00000
     2.63000      6.14776      6.95608      2.83545     18.00000
     2.65000      6.53519      7.04323      2.94212     18.00000
     2.67000      6.68365      7.05120      2.82690     18.00000
     2.69000      6.54681      6.79910      2.81428     18.00000
     2.71000      6.05969      6.63557      2.52218     18.00000
     2.73000      6.15159      6.73776      2.47081     18.00000
     2.75000      5.62554      6.88043      2.65774     18.00000
     2.77000      5.66334      7.08019      3.10487     18.00000
     2.79000      5.78669      6.80779      2.71271     18.00000
     2.81000      5.78815      6.91410      3.32818     18.00000
     2.83000      5.87486      7.08210      3.27530     18.00000
     2.85000      5.87795      7.17540      3.25691     18.00000
     2.87000      7.01802      7.64454      3.28873     18.00000
     2.89000      7.09446      7.70912      3.26453     18.00000
     2.91000      6.49277      7.57583      3.39226     18.00000
     2.93000      6.25142      7.59709      3.69228     18.00000
     2.95000      6.55964      7.52455      3.44560     18.00000
     2.97000      7.24318      7.15386      2.61944     18.00000
     2.99000      6.61001      7.12904      2.73775     18.00000
     3.01000      6.70160      7.05904      2.75034     18.00000
     3.03000      6.25203      7.04341      2.79919     18.00000
     3.05000      6.23016      7.04588      3.24758     18.00000
     3.07000      6.45777      6.95213      3.01402     18.00000
     3.09000      6.74761      7.67093      4.35315     18.00000
     3.11000      6.85374      7.13984      2.70665     18.00000
     3.13000      6.61441      7.46315      3.61382     18.00000
     3.15000      6.50544      7.66282      4.11529     18.00000
     3.17000      6.45770      7.41430      3.81088     18.00000
     3.19000      6.20167      7.06602      3.64568     18.00000
     3.21000      6.06245      6.77468      3.26575     18.00000
     3.23000      5.75298      6.49445      3.22552     18.00000
     3.25000      6.11836      6.75561      3.33688     18.00000
     3.27000      7.63695      7.43972      3.47167     18.00000
     3.29000      7.08588      7.53202      3.72804     18.00000
     3.31000      6.81428      7.39851      3.90424     18.00000
     3.33000      7.40844      9.19873     10.82357     18.00000
     3.35000      7.50841     10.32383     14.46877     18.00000
     3.37000      7.43137     11.00317     16.33881     18.00000
     3.39000      7.43714     10.28110     12.63525     18.00000
     3.41000      7.32662     10.65847     12.63590     18.00000
     3.43000      7.25988      9.77657      8.64808     18.00000
     3.45000      6.72647      8.93907      6.85202     18.00000
     3.47000      6.23399      8.47878      6.29604     18.00000
     3.49000      6.05589      8.11168      5.27766     18.00000
     3.51000      5.91926      7.66385      4.21087     18.00000
     3.53000      5.85187      8.10251      5.28850     18.00000
     3.55000      5.80649      8.35269      5.49941     18.00000
     3.57000      5.71659      7.97754      4.87531     18.00000
     3.59000      5.73404      8.07586      5.96369     18.00000
     3.61000      5.93551      7.73573      4.95653     18.00000
     3.63000      6.04380      7.71602      4.51807     18.00000
     3.65000      6.13284      8.33128      6.98331     18.00000
     3.67000      6.58111      8.34067      6.81241     18.00000
     3.69000      6.65686      8.23343      6.48542     18.00000
     3.71000      6.65148      8.25384      6.27982     18.00000
     3.73000      6.72894      8.34551      5.34972     18.00000
     3.75000      6.55416      8.08793      4.48515     18.00000
     3.77000      6.50814      7.83946      3.89522     18.00000
     3.79000      6.51215      7.36994      3.27301     18.00000
     3.81000      6.58455      7.08922      2.70438     18.00000
     3.83000      6.64914      7.11390      2.90701     18.00000
     3.85000      6.11140      7.45961      3.59526     18.00000
     3.87000      6.38037      7.77625      4.19971     18.00000
     3.89000      6.73678      7.84859      4.10310     18.00000
     3.91000      6.67730      7.74099      3.79796     18.00000
     3.93000      7.02220      7.76649      3.64787     18.00000
     3.95000      6.84696      7.71053      3.61515     18.00000
     3.97000      6.69031      7.34815      3.10994     18.00000
     3.99000      6.61631      7.25337      2.84148     18.00000
     4.01000      6.88208      7.40645      3.10888     18.00000
     4.03000      6.78106      7.38831      3.28969     18.00000
     4.05000      6.37440      7.31860      3.25474     18.00000
     4.07000      6.67692      7.37626      3.53767     18.00000
     4.09000      6.21576      7.54716      4.16908     18.00000
     4.11000      6.06562      7.46472      4.11602     18.00000
     4.13000      5.81525      7.40983      3.91861     18.00000
     4.15000      5.99247      7.60935      3.82633     18.00000
     4.17000      6.13481      7.66216      4.17267     18.00000
     4.19000      6.62303      7.70732      4.17018     18.00000
     4.21000      6.32471      7.72919      4.09377     18.00000
     4.23000      6.17003      7.57953      4.13550     18.00000
     4.25000      6.17064      7.44677      4.03882     18.00000
     4.27000      6.43526      7.34449      3.77336     18.00000
     4.29000      6.43645      7.21455      3.49072     18.00000
     4.31000      6.07956      7.06978      3.68547     18.00000
     4.33000      6.10396      7.12629      3.78805     18.00000
     4.35000      6.08218      7.12278      3.81606     18.00000
     4.37000      6.01763      7.03174      3.90269     18.00000
     4.39000      6.30938      7.13818      3.76704     18.00000
     4.41000      6.38855      7.28228      3.92241     18.00000
     4.43000      6.32240      7.23996      3.93636     18.00000
     4.45000      6.32563      7.17254      3.90982     18.00000
     4.47000      6.09501      7.00286      3.88323     18.00000
     4.49000      6.04713      6.98710      3.89528     18.00000
     4.51000      5.66431      6.95374      3.79608     18.00000
     4.53000      5.60842      6.85216      3.74703     18.00000
     4.55000      6.03923      6.90064      3.81737     18.00000
     4.57000      6.63900      6.96433      3.64740     18.00000
     4.59000      6.33808      6.80042      3.50874     18.00000
     4.61000      6.11018      6.99363      3.82807     18.00000
     4.63000      6.01250      7.12163      3.94098     18.00000
     4.65000      6.13769      7.03629      3.85604     18.00000
     4.67000      6.06579      6.93083      3.84162     18.00000
     4.69000      5.80792      6.89994      3.94229     18.00000
     4.71000      5.71781      7.05411      4.15727     18.00000
     4.73000      5.42356      7.12463      4.11336     18.00000
     4.75000      5.44133      7.01409      3.98046     18.00000
     4.77000      5.65402      6.94145      3.85154     18.00000
     4.79000      5.75621      7.24916      4.48551     18.00000
     4.81000      5.68549      7.40444      4.57685     18.00000
     4.83000      5.73392      7.39109      4.66529     18.00000
     4.85000      5.37676      7.18477      4.65565     18.00000
     4.87000      5.38669      7.22121      4.64444     18.00000
     4.89000      4.88193      6.92577      4.21348     18.00000
     4.91000      4.97439      7.08052      4.25596     18.00000
     4.93000      5.25554      7.30572      4.76894     18.00000
     4.95000      5.07388      7.15744      4.75737     18.00000
     4.97000      5.12961      6.97795      4.69041     18.00000
     4.99000      5.48709      7.36540      4.78877     18.00000
