    -1.99000    413.89575    436.16479     94.72263     44.00000
    -1.97000    414.48433    436.45379     93.36909     44.00000
    -1.95000    414.18476    436.51445     91.43159     44.00000
    -1.93000    410.09713    436.51043     93.41903     44.00000
    -1.91000    413.04944    436.77077     92.29666     44.00000
    -1.89000    418.86000    436.67650     91.14045     44.00000
    -1.87000    422.22274    437.68357     93.09896     44.00000
    -1.85000    427.44542    436.53626     94.58762     44.00000
    -1.83000    426.94850    435.47793     91.38969     44.00000
    -1.81000    428.53758    438.46772     90.48710     44.00000
    -1.79000    423.59332    438.98775     89.51298     44.00000
    -1.77000    425.71412    439.44555     88.70963     44.00000
    -1.75000    427.05808    438.50892     89.16313     44.00000
    -1.73000    424.69417    441.25469     91.87478     44.00000
    -1.71000    423.95101    437.73490     88.95942     44.00000
    -1.69000    428.59302    438.06560     91.32263     44.00000
    -1.67000    423.43503    440.27512     91.83264     44.00000
    -1.65000    426.27946    439.96579     88.78889     44.00000
    -1.63000    429.27969    440.03697     87.68562     44.00000
    -1.61000    429.64009    438.67587     87.54909     44.00000
    -1.59000    420.11570    437.02782     86.70951     44.00000
    -1.57000    424.60675    438.13561     87.72639     44.00000
    -1.55000    427.64267    440.18379     88.95773     44.00000
    -1.53000    425.85687    440.88996     90.79318     44.00000
    -1.51000    423.58545    440.18409     90.10529     44.00000
    -1.49000    422.57545    438.13072     91.00046     44.00000
    -1.47000    429.79634    438.44945     89.91384     44.00000
    -1.45000    426.94764    437.19019     89.01443     44.00000
    -1.43000    429.51574    435.42377     89.99430     44.00000
    -1.41000    419.20180    435.38402     90.63833     44.00000
    -1.39000    427.99632    436.25835     88.95404     43.00000
    -1.37000    423.39651    434.39059     89.60144     44.00000
    -1.35000    418.56571    434.59070     89.75804     44.00000
    -1.33000    425.79775    433.93549     88.29744     44.00000
    -1.31000    425.23404    433.98925     89.33730     44.00000
    -1.29000    418.11785    433.06453     89.08695     44.00000
    -1.27000    420.87688    435.23937     90.33587     44.00000
    -1.25000    422.48054    433.92225     89.05188     44.00000
    -1.23000    414.37786    432.71462     89.74682     44.00000
    -1.21000    420.72153    433.65718     90.20453     44.00000
    -1.19000    425.33303    432.35456     86.79416     44.00000
    -1.17000    421.09287    432.48612     86.50129     44.00000
    -1.15000    420.25913    431.50297     86.66070     44.00000
    -1.13000    422.57172    433.60715     88.05389     44.00000
    -1.11000    425.78039    432.83654     86.82669     44.00000
    -1.09000    431.19267    433.32137     87.03352     44.00000
    -1.07000    427.17962    431.22265     85.70599     44.00000
    -1.05000    428.63031    432.47997     85.51984     44.00000
    -1.03000    431.17707    434.92430     85.26710     44.00000
    -1.01000    426.31275    434.40271     84.91063     44.00000
    -0.99000    427.93393    434.66592     84.97112     44.00000
    -0.97000    435.36596    435.60474     84.74670     44.00000
    -0.95000    430.60636    435.77444     88.06371     44.00000
    -0.93000    434.85976    435.26460     89.87389     44.00000
    -0.91000    434.36955    435.30270     88.55499     44.00000
    -0.89000    436.57463    436.88877     90.46102     44.00000
    -0.87000    436.26500    438.47739     89.06723     43.00000
    -0.85000    437.65933    435.10625     87.50420     44.00000
    -0.83000    432.55855    433.96408     86.98223     44.00000
    -0.81000    427.56676    433.19231     86.60189     44.00000
    -0.79000    424.04857    432.57340     84.91115     44.00000
    -0.77000    430.52708    432.63849     84.69549     44.00000
    -0.75000    422.23995    432.41924     84.28743     44.00000
    -0.73000    427.08091    432.16513     84.06849     44.00000
    -0.71000    426.78819    430.59617     83.17970     44.00000
    -0.69000    423.47683    429.73418     83.43696     44.00000
    -0.67000    419.96681    428.51433     80.33221     44.00000
    -0.65000    428.29805    427.81914     80.14783     44.00000
    -0.63000    422.99075    427.35784     79.61071     44.00000
    -0.61000    419.47986    428.25844     80.46041     44.00000
    -0.59000    425.48911    427.54030     79.83654     44.00000
    -0.57000    428.09844    427.35266     78.49168     44.00000
    -0.55000    427.94598    426.20648     77.04684     44.00000
    -0.53000    423.94313    425.48343     77.31638     44.00000
    -0.51000    420.90974    424.44856     77.11705     44.00000
    -0.49000    424.30012    424.38911     77.68897     44.00000
    -0.47000    425.91833    424.35495     75.41324     44.00000
    -0.45000    425.07031    424.80633     76.07449     44.00000
    -0.43000    427.25322    424.02659     77.39550     44.00000
    -0.41000    425.45077    422.90294     78.72228     43.00000
    -0.39000    428.40500    424.66928     79.29430     43.00000
    -0.37000    429.81183    426.11100     78.96069     44.00000
    -0.35000    434.19333    428.19389     78.71836     43.00000
    -0.33000    431.33029    425.87308     79.84829     44.00000
    -0.31000    423.26440    426.36559     77.87537     44.00000
    -0.29000    423.11153    427.45604     77.02769     44.00000
    -0.27000    426.58081    426.57506     76.79367     44.00000
    -0.25000    424.26503    425.42924     77.37298     44.00000
    -0.23000    417.23421    424.14130     76.64035     44.00000
    -0.21000    417.11292    423.38096     74.58839     44.00000
    -0.19000    422.51498    426.18245     75.91497     44.00000
    -0.17000    418.69121    425.98222     78.68245     44.00000
    -0.15000    423.74904    425.50569     79.63840     44.00000
    -0.13000    422.14643    426.44487     78.36698     44.00000
    -0.11000    421.35953    426.07929     79.33561     44.00000
    -0.09000    420.48524    425.54459     78.57653     44.00000
    -0.07000    419.22785    428.71512     81.87466     44.00000
    -0.05000    421.16889    429.04177     83.85000     44.00000
    -0.03000    422.08164    427.24162     83.25949     44.00000
    -0.01000    427.31667    431.56523     80.73372     44.00000
     0.01000    473.27741    504.87910    113.06103     44.00000
     0.03000    499.02192    530.52024    130.45198     44.00000
     0.05000    514.15900    534.47278    127.75335     44.00000
     0.07000    517.60513    534.54550    127.30521     44.00000
     0.09000    511.20239    532.89521    124.24142     44.00000
     0.11000    514.11328    537.39113    128.97509     44.00000
     0.13000    522.77467    543.58272    132.63898     44.00000
     0.15000    511.80523    541.19554    130.67850     44.00000
     0.17000    521.61182    547.71897    136.69043     43.00000
     0.19000    508.47706    542.57415    140.05615     44.00000
     0.21000    505.25162    539.09881    135.19796     44.00000
     0.23000    517.57917    534.96426    127.99004     44.00000
     0.25000    511.83112    539.01889    130.67080     44.00000
     0.27000    513.89235    543.62989    135.34901     44.00000
     0.29000    513.87500    543.23602    134.70430     44.00000
     0.31000    524.85710    549.64919    138.13199     44.00000
     0.33000    527.51589    552.78481    142.02931     44.00000
     0.35000    517.07951    550.65159    142.39244     44.00000
     0.37000    520.33059    549.61809    138.62376     44.00000
     0.39000    513.74713    548.21601    139.02793     44.00000
     0.41000    520.33666    553.17430    141.97208     44.00000
     0.43000    521.45708    557.83469    148.99082     44.00000
     0.45000    524.17717    554.43767    144.90055     44.00000
     0.47000    521.04442    551.97417    141.56230     44.00000
     0.49000    524.40886    552.94907    140.67429     44.00000
     0.51000    522.56451    551.85453    138.75511     44.00000
     0.53000    522.87136    553.07839    136.23220     44.00000
     0.55000    527.25571    555.62277    137.23155     43.00000
     0.57000    517.62364    554.23738    137.31308     44.00000
     0.59000    518.45561    550.68085    135.87752     44.00000
     0.61000    522.22191    553.91116    139.44926     44.00000
     0.63000    529.14145    553.24777    140.79391     44.00000
     0.65000    529.88580    551.46199    138.74292     44.00000
     0.67000    534.55493    556.69985    143.11931     44.00000
     0.69000    523.60750    553.68248    144.20228     44.00000
     0.71000    525.30691    552.82074    145.27020     44.00000
     0.73000    521.42667    553.05679    145.88340     44.00000
     0.75000    523.79909    550.01839    145.79734     44.00000
     0.77000    518.77542    552.63756    148.45078     44.00000
     0.79000    518.36042    554.14523    148.41033     44.00000
     0.81000    516.99887    554.53586    151.55018     44.00000
     0.83000    513.48083    547.87692    149.20599     43.00000
     0.85000    501.00182    551.52264    154.07261     43.00000
     0.87000    503.99545    550.24855    153.97336     43.00000
     0.89000    507.71415    549.75691    151.23625     44.00000
     0.91000    508.17621    549.51097    153.29341     44.00000
     0.93000    502.69632    551.56452    153.56122     44.00000
     0.95000    506.56267    552.04908    155.42473     44.00000
     0.97000    506.98739    553.38487    157.07281     43.00000
     0.99000    504.66733    552.56255    154.09967     43.00000
     1.01000    502.99705    551.39691    150.43003     44.00000
     1.03000    503.41216    550.98926    150.10180     44.00000
     1.05000    503.66123    550.60958    148.35057     44.00000
     1.07000    503.39500    548.81688    147.69962     44.00000
     1.09000    506.93143    547.30997    147.14710     44.00000
     1.11000    504.54658    546.32940    146.56066     44.00000
     1.13000    500.85581    544.25399    146.74240     44.00000
     1.15000    502.11201    542.40673    145.33150     44.00000
     1.17000    498.64142    542.10040    144.36536     44.00000
     1.19000    501.49341    540.25110    143.23643     44.00000
     1.21000    499.28806    539.82755    144.41190     44.00000
     1.23000    496.19780    540.10054    144.73967     44.00000
     1.25000    495.51621    537.44586    144.04206     44.00000
     1.27000    492.16837    537.35192    145.30774     44.00000
     1.29000    496.46773    535.73892    145.33592     44.00000
     1.31000    495.81792    537.53535    147.50547     44.00000
     1.33000    493.56761    536.45760    143.47345     44.00000
     1.35000    491.14100    534.88460    143.16871     44.00000
     1.37000    484.84682    535.82524    143.59549     44.00000
     1.39000    489.84682    539.45056    145.29813     44.00000
     1.41000    489.40150    539.26615    145.71406     44.00000
     1.43000    482.38924    537.01147    144.51199     44.00000
     1.45000    482.80438    537.47828    143.07662     44.00000
     1.47000    482.70816    537.62522    142.50459     44.00000
     1.49000    484.57974    536.05800    141.78609     44.00000
     1.51000    487.36364    536.36963    141.39959     44.00000
     1.53000    487.58083    533.11799    140.84305     44.00000
     1.55000    489.44829    533.24405    142.26791     44.00000
     1.57000    488.04402    531.53940    139.23258     44.00000
     1.59000    484.00244    530.45319    140.42555     44.00000
     1.61000    484.58708    532.49860    140.18242     44.00000
     1.63000    485.40006    531.88665    141.22981     44.00000
     1.65000    483.91119    531.74806    143.05065     44.00000
     1.67000    479.93333    531.30127    143.44655     44.00000
     1.69000    477.15179    531.18953    143.31410     44.00000
     1.71000    484.54364    533.74765    143.09346     43.00000
     1.73000    481.81935    527.70318    141.17315     44.00000
     1.75000    482.96216    527.14768    138.40818     44.00000
     1.77000    474.24022    525.56386    139.06297     44.00000
     1.79000    471.46679    524.47816    138.41943     44.00000
     1.81000    466.40035    522.60576    135.62290     44.00000
     1.83000    467.07028    521.58241    135.62595     44.00000
     1.85000    464.35278    521.51296    134.72952     44.00000
     1.87000    465.28412    520.21023    134.38806     44.00000
     1.89000    462.10597    519.23514    132.65659     44.00000
     1.91000    461.06841    516.55937    131.70477     44.00000
     1.93000    462.76198    515.77233    131.34977     44.00000
     1.95000    462.73169    515.18690    131.39897     44.00000
     1.97000    464.07154    514.64090    132.66978     44.00000
     1.99000    466.10988    514.22528    133.37816     44.00000
     2.01000    465.93000    511.26960    130.45670     44.00000
     2.03000    467.58836    511.95481    131.67750     44.00000
     2.05000    469.30000    510.87525    131.33369     44.00000
     2.07000    471.05841    511.50829    130.99837     44.00000
     2.09000    469.18175    511.27061    131.39603     44.00000
     2.11000    466.50717    509.33818    131.78514     44.00000
     2.13000    466.29176    509.17484    132.09319     44.00000
     2.15000    458.99538    510.26047    132.28237     43.00000
     2.17000    461.82888    508.70302    130.18540     44.00000
     2.19000    459.56702    508.77871    130.28675     44.00000
     2.21000    464.45196    507.35349    129.42722     44.00000
     2.23000    467.83133    509.44761    130.37751     43.00000
     2.25000    468.10362    505.96792    129.01187     44.00000
     2.27000    464.25845    503.51823    128.50123     44.00000
     2.29000    462.76069    504.08831    129.51853     44.00000
     2.31000    462.16292    507.33143    135.32079     44.00000
     2.33000    460.61646    506.82771    134.28181     44.00000
     2.35000    456.73897    506.87502    135.48140     44.00000
     2.37000    454.48309    507.24500    135.08901     44.00000
     2.39000    454.13647    506.64874    134.63404     44.00000
     2.41000    455.89215    507.29872    134.18825     44.00000
     2.43000    448.38937    504.93405    133.66532     44.00000
     2.45000    453.57679    504.17463    133.79552     44.00000
     2.47000    456.15036    505.74336    132.74582     44.00000
     2.49000    454.53685    504.52396    132.59720     44.00000
     2.51000    458.15290    502.02150    130.46809     44.00000
     2.53000    452.67410    502.13561    130.66618     44.00000
     2.55000    449.84562    502.03157    132.35324     44.00000
     2.57000    452.97854    501.19346    132.46422     44.00000
     2.59000    451.73598    498.62121    130.67341     44.00000
     2.61000    449.83224    499.24801    130.86559     44.00000
     2.63000    448.88366    500.04267    130.93085     44.00000
     2.65000    454.05343    502.44329    133.42988     44.00000
     2.67000    450.31950    501.12467    133.14325     44.00000
     2.69000    450.71128    500.75851    134.43508     44.00000
     2.71000    450.43790    500.70852    133.69369     44.00000
     2.73000    450.01712    500.34387    134.16305     44.00000
     2.75000    451.53625    500.66637    131.95982     43.00000
     2.77000    452.33218    498.23346    130.26428     44.00000
     2.79000    453.14443    497.76771    130.55080     44.00000
     2.81000    452.33627    497.52228    130.55838     44.00000
     2.83000    451.76992    497.65763    131.71373     44.00000
     2.85000    450.95179    497.54530    132.10526     44.00000
     2.87000    453.11619    498.62251    130.85776     44.00000
     2.89000    453.37632    500.60336    129.82955     44.00000
     2.91000    454.82003    500.14299    129.12469     44.00000
     2.93000    452.61062    500.85628    128.12467     44.00000
     2.95000    455.82782    502.16911    128.97197     44.00000
     2.97000    456.13096    500.57124    128.67363     44.00000
     2.99000    456.17446    496.45444    126.77039     44.00000
     3.01000    457.38800    495.61069    126.63711     44.00000
     3.03000    457.07676    494.06980    126.31697     44.00000
     3.05000    458.60912    493.19692    126.95648     44.00000
     3.07000    447.42500    490.10519    125.38457     44.00000
     3.09000    446.09351    489.45446    124.47277     44.00000
     3.11000    447.01871    488.06044    122.06568     44.00000
     3.13000    443.37472    488.31742    120.86695     44.00000
     3.15000    450.01656    492.05252    122.54381     44.00000
     3.17000    456.69810    490.76702    120.77412     44.00000
     3.19000    458.41300    488.71262    120.83632     44.00000
     3.21000    461.86000    489.24776    120.96326     44.00000
     3.23000    463.96643    490.32643    122.92267     44.00000
     3.25000    461.81442    491.03039    122.93392     44.00000
     3.27000    461.56000    493.08297    126.00046     43.00000
     3.29000    456.81192    489.94080    125.03472     44.00000
     3.31000    458.64214    490.43758    126.04748     44.00000
     3.33000    459.75875    491.59082    126.15140     44.00000
     3.35000    459.54862    490.96122    123.59700     44.00000
     3.37000    464.48979    494.03623    122.26445     44.00000
     3.39000    462.43300    492.45315    122.94845     44.00000
     3.41000    460.88812    492.52874    122.94063     44.00000
     3.43000    462.07761    494.32791    123.98455     44.00000
     3.45000    460.25799    491.05353    120.74548     44.00000
     3.47000    460.09833    490.83303    120.20921     44.00000
     3.49000    453.28726    487.87264    118.71411     44.00000
     3.51000    454.40388    487.13677    118.31492     44.00000
     3.53000    460.14161    489.61517    118.40545     44.00000
     3.55000    461.28278    489.80084    116.91492     44.00000
     3.57000    461.58014    491.06163    117.02842     44.00000
     3.59000    457.06919    489.37232    116.55568     44.00000
     3.61000    458.27536    490.68624    117.31896     44.00000
     3.63000    460.41708    491.57631    117.88344     44.00000
     3.65000    463.47506    488.25305    114.47426     44.00000
     3.67000    459.79692    487.14651    114.86370     44.00000
     3.69000    461.08959    490.46802    117.57209     44.00000
     3.71000    456.14509    489.64016    117.22272     44.00000
     3.73000    457.40483    490.82296    116.41586     44.00000
     3.75000    452.78635    491.14579    118.38356     44.00000
     3.77000    456.07176    495.90790    121.49669     44.00000
     3.79000    450.25736    494.24147    118.75082     44.00000
     3.81000    450.97420    495.57926    120.48735     44.00000
     3.83000    452.33025    497.70966    123.82122     44.00000
     3.85000    457.14302    497.76205    125.22061     44.00000
     3.87000    455.21853    500.05909    127.60616     44.00000
     3.89000    459.92109    502.35279    130.56526     44.00000
     3.91000    460.39643    501.89242    127.98817     44.00000
     3.93000    462.65696    500.34876    124.22986     44.00000
     3.95000    464.27125    497.93817    120.28455     44.00000
     3.97000    462.74650    499.16243    120.76514     44.00000
     3.99000    465.83076    500.49580    120.71428     44.00000
     4.01000    476.10393    499.25944    118.20531     44.00000
     4.03000    469.52643    499.03739    118.11755     44.00000
     4.05000    470.94418    497.91553    118.18772     44.00000
     4.07000    463.13649    497.45798    119.33450     44.00000
     4.09000    464.87899    499.70484    121.14231     44.00000
     4.11000    464.37611    498.91262    120.53415     44.00000
     4.13000    469.97679    499.64506    122.01735     44.00000
     4.15000    479.32661    498.65054    122.64153     44.00000
     4.17000    479.45692    502.14963    122.85706     43.00000
     4.19000    466.06857    500.10265    121.12867     43.00000
     4.21000    458.46277    496.45177    122.00977     44.00000
     4.23000    455.46347    496.78477    121.57309     44.00000
     4.25000    460.88094    498.45081    122.45053     44.00000
     4.27000    465.58944    499.41095    123.62682     44.00000
     4.29000    470.49883    502.15007    123.52129     44.00000
     4.31000    471.95874    500.52989    122.24408     44.00000
     4.33000    477.45636    500.05181    120.95771     44.00000
     4.35000    467.49917    499.29518    120.13769     44.00000
     4.37000    466.63531    501.86532    123.43359     44.00000
     4.39000    468.16421    501.04079    123.65921     44.00000
     4.41000    467.61000    501.58939    122.25368     44.00000
     4.43000    476.31437    500.63674    120.36204     44.00000
     4.45000    473.32338    498.60661    119.59865     44.00000
     4.47000    470.70250    496.16996    119.76500     44.00000
     4.49000    465.72678    494.15419    118.34893     44.00000
     4.51000    467.69670    495.91184    116.70092     44.00000
     4.53000    464.39219    496.03793    116.70204     44.00000
     4.55000    466.83089    496.64482    117.96025     44.00000
     4.57000    467.91969    495.65401    118.26740     44.00000
     4.59000    467.59357    494.62011    116.20174     44.00000
     4.61000    471.67067    495.08990    116.80699     44.00000
     4.63000    472.94706    493.57273    116.32728     44.00000
     4.65000    477.51163    496.50028    118.74584     44.00000
     4.67000    475.48714    498.07878    119.11136     44.00000
     4.69000    475.88559    499.92801    121.44368     44.00000
     4.71000    477.48296    499.81684    119.73088     44.00000
     4.73000    475.47031    498.98077    119.42589     44.00000
     4.75000    471.54036    497.32937    119.01114     44.00000
     4.77000    473.98594    497.49974    119.03872     44.00000
     4.79000    473.31321    497.33764    119.04501     44.00000
     4.81000    471.38733    495.11143    116.06700     43.00000
     4.83000    463.95871    491.12827    115.10270     44.00000
     4.85000    471.30167    491.43146    114.16904     44.00000
     4.87000    462.92434    491.30001    115.43448     44.00000
     4.89000    463.98646    493.27714    117.14536     44.00000
     4.91000    460.50629    492.41161    118.17685     44.00000
     4.93000    459.22529    491.74278    117.04569     44.00000
     4.95000    457.87283    491.53900    118.79943     44.00000
     4.97000    451.35947    488.73665    118.99849     44.00000
     4.99000    450.16596    488.32910    118.17643     44.00000
