    -1.99000      4.78082      5.85508      2.60589     13.00000
    -1.97000      5.42081      6.10839      2.84477     13.00000
    -1.95000      5.40606      6.16986      3.05232     13.00000
    -1.93000      5.56394      6.19710      2.76010     13.00000
    -1.91000      5.62027      6.93594      3.36879     13.00000
    -1.89000      5.79100      7.94882      5.70618     13.00000
    -1.87000      6.11227      8.05593      5.68650     13.00000
    -1.85000      6.54508      8.17606      5.62797     13.00000
    -1.83000      6.32207      8.47220      5.46272     13.00000
    -1.81000      7.53253      9.02760      5.65440     13.00000
    -1.79000      7.01558      8.21705      4.31480     13.00000
    -1.77000      6.62760      8.32553      4.19727     13.00000
    -1.75000      6.48067      8.77724      4.73021     13.00000
    -1.73000      6.78250      8.67615      4.60215     13.00000
    -1.71000      6.80888      8.40887      4.28832     13.00000
    -1.69000      6.42660      7.98453      3.77605     13.00000
    -1.67000      6.44032      7.63988      3.54213     13.00000
    -1.65000      6.59405      7.83438      4.11652     13.00000
    -1.63000      5.67150      7.56433      4.11654     13.00000
    -1.61000      6.47624      8.38636      4.81423     13.00000
    -1.59000      6.17240      9.27309      7.31483     13.00000
    -1.57000      6.11542      9.55422      9.44263     13.00000
    -1.55000      5.49506      9.04197      8.00333     13.00000
    -1.53000      6.20652      8.91682      7.36165     13.00000
    -1.51000      6.20139      8.79238      6.37481     13.00000
    -1.49000      7.48480      8.75287      5.37602     13.00000
    -1.47000      7.18025      8.66718      4.68196     13.00000
    -1.45000      7.08194      8.29324      4.22791     13.00000
    -1.43000      6.95480      8.48774      4.11156     13.00000
    -1.41000      7.87853      8.93791      4.89058     13.00000
    -1.39000      8.20882      9.00817      4.73314     13.00000
    -1.37000      8.39547      9.29745      4.81581     13.00000
    -1.35000      8.69591      9.81118      5.49794     13.00000
    -1.33000      8.80064     10.01580      6.19203     13.00000
    -1.31000      9.54709     10.21663      6.56606     13.00000
    -1.29000      9.54370     10.48604      7.29297     13.00000
    -1.27000      8.61600     10.47486      7.66459     13.00000
    -1.25000      7.63006     10.18002      7.56810     13.00000
    -1.23000      7.93755     10.09864      7.11678     13.00000
    -1.21000      7.11743     10.04815      7.05512     13.00000
    -1.19000      8.38922     10.02952      6.75126     13.00000
    -1.17000      7.86128      9.77324      6.25181     13.00000
    -1.15000      7.84797      9.79649      6.39028     13.00000
    -1.13000      7.00389      9.65378      6.61984     13.00000
    -1.11000      8.31220      9.81776      7.00043     13.00000
    -1.09000      8.23708      9.95488      7.22670     13.00000
    -1.07000      8.43392      9.56060      6.11129     13.00000
    -1.05000      8.19568      9.23411      5.47524     13.00000
    -1.03000      8.14804      9.65344      4.97835     13.00000
    -1.01000      8.08917     10.14160      5.12871     13.00000
    -0.99000      8.28961     10.46121      5.45962     13.00000
    -0.97000      8.79367     10.23305      5.09507     13.00000
    -0.95000      8.34400     10.22595      5.61041     13.00000
    -0.93000      8.38426     10.26952      5.76087     13.00000
    -0.91000      8.60427     10.72400      7.30996     13.00000
    -0.89000      9.22126     11.43112      8.00668     13.00000
    -0.87000      9.71407     11.60561      8.02974     13.00000
    -0.85000      9.94193     11.60335      7.91046     13.00000
    -0.83000     10.29664     11.54322      7.80575     13.00000
    -0.81000     10.31800     11.40054      7.66411     13.00000
    -0.79000     10.46427     11.80503      7.89638     13.00000
    -0.77000      9.79294     11.78751      7.62386     13.00000
    -0.75000      9.35373     11.45925      7.24827     13.00000
    -0.73000     10.68326     11.79757      7.24490     13.00000
    -0.71000     11.04337     11.87263      6.98775     13.00000
    -0.69000     10.82844     11.47476      6.63926     13.00000
    -0.67000     10.40693     12.02647      7.46783     13.00000
    -0.65000     10.69222     13.23349     10.23873     13.00000
    -0.63000     10.52033     13.69441     11.17667     13.00000
    -0.61000     10.28837     14.08502     11.34683     13.00000
    -0.59000     10.29322     13.95737     10.60680     13.00000
    -0.57000     10.13715     13.33745      7.97814     13.00000
    -0.55000      9.65830     13.06311      7.68184     13.00000
    -0.53000      9.76478     12.81349      7.56486     13.00000
    -0.51000     10.81832     14.07695      8.70061     13.00000
    -0.49000      9.68427     16.51107     12.43882     13.00000
    -0.47000     10.09687     16.93213     13.08861     13.00000
    -0.45000     10.32748     16.22347     10.96661     13.00000
    -0.43000     11.41830     17.33357     13.07917     13.00000
    -0.41000     13.68165     17.78449     12.15843     13.00000
    -0.39000     15.57467     15.49085      9.11807     13.00000
    -0.37000     19.75209     17.33377     10.55262     13.00000
    -0.35000     17.85845     16.12952      9.29453     13.00000
    -0.33000     14.98229     16.27921     10.55736     13.00000
    -0.31000     15.21522     17.17551     10.10781     13.00000
    -0.29000     16.25428     17.78511      9.61921     13.00000
    -0.27000     16.43491     18.00978     10.02750     13.00000
    -0.25000     16.88038     18.56242     10.29677     13.00000
    -0.23000     18.56057     18.33030      8.74955     13.00000
    -0.21000     17.61447     19.28039      9.02627     13.00000
    -0.19000     17.75127     19.40060      9.94488     13.00000
    -0.17000     17.54230     18.56874     10.23810     13.00000
    -0.15000     16.91867     18.66071      9.44360     13.00000
    -0.13000     15.92530     18.98432      9.27073     13.00000
    -0.11000     18.46210     19.32751      9.19987     13.00000
    -0.09000     18.30000     20.38236     10.47716     13.00000
    -0.07000     17.75164     20.52045     10.37102     13.00000
    -0.05000     19.09609     20.62997     10.07265     13.00000
    -0.03000     18.38772     20.44207     10.18036     13.00000
    -0.01000     17.56484     20.76860      9.98695     13.00000
     0.01000     17.52173     20.90849     10.32214     13.00000
     0.03000     17.70983     21.02934     10.22131     13.00000
     0.05000     17.85445     21.63498     10.91620     13.00000
     0.07000     19.66483     21.77908     11.24055     13.00000
     0.09000     19.55687     21.71588     10.67627     13.00000
     0.11000     19.70577     22.12300     10.88230     13.00000
     0.13000     19.31081     22.09675     11.21231     13.00000
     0.15000     18.49930     22.58458     11.54802     13.00000
     0.17000     18.26090     22.48149     12.16849     13.00000
     0.19000     17.80297     21.64724     10.94189     13.00000
     0.21000     17.30740     21.07914     10.68702     13.00000
     0.23000     17.28494     20.88233     10.70734     13.00000
     0.25000     17.20820     20.62324     11.03875     13.00000
     0.27000     17.12460     20.59520     11.51293     13.00000
     0.29000     16.90448     20.56664     11.96034     13.00000
     0.31000     16.59847     20.33776     11.96881     13.00000
     0.33000     16.28590     20.15662     11.94125     13.00000
     0.35000     16.02065     19.74899     11.80523     13.00000
     0.37000     15.43233     19.50787     11.70318     13.00000
     0.39000     15.14148     19.23682     11.49374     13.00000
     0.41000     14.93803     18.77831     10.91444     13.00000
     0.43000     13.73633     18.16862     10.38795     13.00000
     0.45000     12.50242     17.78835     10.23120     13.00000
     0.47000     12.00300     17.19436      9.57709     13.00000
     0.49000     11.96091     16.89427      9.21111     13.00000
     0.51000     11.64106     16.85410      9.41967     13.00000
     0.53000     11.47473     16.33551      8.41695     13.00000
     0.55000     11.59781     15.95128      7.65964     13.00000
     0.57000     11.64790     15.87870      7.48369     13.00000
     0.59000     11.48943     15.64777      7.21919     13.00000
     0.61000     11.27177     15.10076      6.61161     13.00000
     0.63000     11.03483     14.80076      6.30474     13.00000
     0.65000     11.07773     14.48381      6.26449     13.00000
     0.67000     11.00327     14.26143      6.19218     13.00000
     0.69000     11.00582     14.02021      6.12416     13.00000
     0.71000     10.62625     13.84965      6.21615     13.00000
     0.73000     10.57882     13.60133      6.35930     13.00000
     0.75000     10.48945     13.21357      6.34187     13.00000
     0.77000     10.38788     13.07424      6.38233     13.00000
     0.79000     10.40383     12.98918      6.30069     13.00000
     0.81000     10.35970     12.92024      6.15556     13.00000
     0.83000     10.28035     12.49978      6.01567     13.00000
     0.85000      9.66473     11.85653      5.88186     13.00000
     0.87000      9.34358     11.79264      5.52318     13.00000
     0.89000      9.37263     11.92873      5.27891     13.00000
     0.91000      9.36367     11.87461      5.24525     13.00000
     0.93000      9.12106     11.49632      5.08106     13.00000
     0.95000      9.06357     10.87027      4.59912     13.00000
     0.97000      8.87870     10.71534      4.74186     13.00000
     0.99000      8.79752     10.12835      5.00811     13.00000
     1.01000      8.61340     10.04160      5.27853     13.00000
     1.03000      8.97448      9.98078      5.12699     13.00000
     1.05000      8.33777      9.53014      4.71792     13.00000
     1.07000      8.34477      9.14160      4.27547     13.00000
     1.09000      8.31848      8.97259      4.27621     13.00000
     1.11000      7.94780      8.88760      4.47793     13.00000
     1.13000      7.48880      8.60505      4.33065     13.00000
     1.15000      6.87181      8.14682      4.00329     13.00000
     1.17000      6.79725      8.19069      4.14222     13.00000
     1.19000      6.88774      8.00037      4.04428     13.00000
     1.21000      6.61494      7.80732      3.72139     13.00000
     1.23000      6.89967      7.89511      3.32465     13.00000
     1.25000      6.93382      7.66201      3.23978     13.00000
     1.27000      6.94571      7.57246      3.01875     13.00000
     1.29000      6.71581      7.40048      3.02452     13.00000
     1.31000      6.49091      7.08106      2.84173     13.00000
     1.33000      6.53982      7.03715      2.66638     13.00000
     1.35000      6.85400      6.99293      2.50868     13.00000
     1.37000      6.62900      6.86950      2.44804     13.00000
     1.39000      6.58755      6.71502      2.07892     13.00000
     1.41000      6.57882      6.74530      2.26677     13.00000
     1.43000      6.56783      6.60947      2.39365     13.00000
     1.45000      6.46873      6.62783      2.29984     13.00000
     1.47000      6.51670      6.64907      2.12352     13.00000
     1.49000      6.63111      6.63013      1.85072     13.00000
     1.51000      6.31542      6.50044      1.72867     13.00000
     1.53000      6.56306      6.41172      1.54483     13.00000
     1.55000      6.65174      6.40642      1.48369     13.00000
     1.57000      6.08665      6.43652      1.47651     13.00000
     1.59000      6.44500      6.38953      1.42153     13.00000
     1.61000      6.33200      6.21882      1.55706     13.00000
     1.63000      5.98764      6.26544      1.61112     13.00000
     1.65000      6.18627      6.32759      1.54118     13.00000
     1.67000      5.85775      6.09316      1.68652     13.00000
     1.69000      6.26809      6.25277      1.63613     13.00000
     1.71000      6.24400      6.47656      1.88996     13.00000
     1.73000      6.12935      6.59323      1.86769     13.00000
     1.75000      6.07592      6.81909      2.00827     13.00000
     1.77000      6.12067      6.82299      1.94428     13.00000
     1.79000      6.22555      6.78354      1.94322     13.00000
     1.81000      6.14315      6.79767      1.99799     13.00000
     1.83000      5.88650      6.66925      2.00715     13.00000
     1.85000      5.96255      6.75173      1.97754     13.00000
     1.87000      5.83073      6.79387      2.00363     13.00000
     1.89000      5.86900      6.86664      2.14817     13.00000
     1.91000      5.87927      6.98252      2.29056     13.00000
     1.93000      6.00900      6.93580      2.20356     13.00000
     1.95000      5.97774      6.75925      2.02699     13.00000
     1.97000      5.92240      6.56198      1.84707     13.00000
     1.99000      6.03439      6.57619      1.60175     13.00000
     2.01000      6.70009      6.91984      1.72528     13.00000
     2.03000      6.03073      6.96028      1.74050     13.00000
     2.05000      6.45607      6.85029      1.57461     12.00000
     2.07000      6.52253      6.96155      1.51767     12.00000
     2.09000      6.44174      6.90421      1.52818     12.00000
     2.11000      6.61073      7.16039      1.64821     13.00000
     2.13000      6.84656      7.62623      2.36241     13.00000
     2.15000      6.86275      7.53669      2.55974     13.00000
     2.17000      6.46640      7.41147      2.70016     13.00000
     2.19000      6.40530      6.91692      1.78533     13.00000
     2.21000      6.54790      6.83889      2.03551     13.00000
     2.23000      6.57310      6.53302      1.71984     13.00000
     2.25000      6.55420      6.46358      1.76017     13.00000
     2.27000      6.63462      6.71933      1.79939     13.00000
     2.29000      6.61808      6.60018      1.88818     13.00000
     2.31000      6.81080      6.60419      1.79504     13.00000
     2.33000      6.69610      6.56889      1.72049     13.00000
     2.35000      6.05619      6.45911      1.93282     13.00000
     2.37000      6.28408      7.09111      2.32322     13.00000
     2.39000      6.43004      6.98247      2.04741     13.00000
     2.41000      6.17967      6.87852      1.95602     13.00000
     2.43000      6.00633      6.63975      1.86277     13.00000
     2.45000      6.30388      6.56363      1.55748     13.00000
     2.47000      6.18172      6.86843      2.05089     13.00000
     2.49000      6.19833      6.70440      1.76099     13.00000
     2.51000      5.71353      6.68684      1.88714     13.00000
     2.53000      5.87040      6.57041      1.89903     13.00000
     2.55000      5.75333      6.57140      2.13824     13.00000
     2.57000      5.76456      6.48207      2.17194     13.00000
     2.59000      6.30788      6.57719      2.01333     13.00000
     2.61000      6.31750      6.35925      1.49100     13.00000
     2.63000      6.49111      6.41373      1.62586     13.00000
     2.65000      5.87044      6.21952      1.82101     13.00000
     2.67000      5.61504      6.00432      1.92473     13.00000
     2.69000      5.59765      5.87213      1.75121     13.00000
     2.71000      5.31350      6.27522      2.66668     13.00000
     2.73000      6.43310      7.62329      3.76132     13.00000
     2.75000      5.92203      8.00502      4.98388     13.00000
     2.77000      5.84067      9.02106      7.82403     13.00000
     2.79000      5.83739      8.72028      7.07443     13.00000
     2.81000      5.79789      8.23449      5.30047     13.00000
     2.83000      5.84844      7.79637      4.46062     13.00000
     2.85000      6.05156      7.83257      5.54662     13.00000
     2.87000      6.02367      8.67781      9.02023     13.00000
     2.89000      5.85539      8.89900      9.55545     13.00000
     2.91000      5.49555      8.98727      9.31961     13.00000
     2.93000      5.40209      8.94509      9.21209     13.00000
     2.95000      5.38473      8.87846      9.17546     13.00000
     2.97000      5.47600      8.77232      9.01861     13.00000
     2.99000      5.47011      8.50543      8.36548     13.00000
     3.01000      5.70418      8.61982      8.54717     13.00000
     3.03000      5.61369      8.68434      8.68220     13.00000
     3.05000      5.97018      8.93319      8.43371     13.00000
     3.07000      5.68811      8.76656      8.46359     13.00000
     3.09000      5.53483      8.55845      8.35323     13.00000
     3.11000      5.74039      8.58398      8.16153     13.00000
     3.13000      5.45706      8.52351      8.19066     13.00000
     3.15000      5.49800      8.47191      8.30769     13.00000
     3.17000      5.64270      8.35462      7.99354     13.00000
     3.19000      5.45374      8.09788      7.23947     13.00000
     3.21000      5.49560      8.06520      7.58152     13.00000
     3.23000      5.69229      7.96422      7.35089     13.00000
     3.25000      5.91880      7.67609      7.18929     13.00000
     3.27000      6.00908      7.61690      6.97954     13.00000
     3.29000      6.04982      7.63310      6.97850     13.00000
     3.31000      6.07144      7.80783      7.13752     13.00000
     3.33000      5.96350      7.96234      7.22355     13.00000
     3.35000      5.95722      7.90759      7.15204     13.00000
     3.37000      5.90517      7.91976      6.97632     13.00000
     3.39000      5.86456      7.83013      6.77897     13.00000
     3.41000      5.80300      7.76353      6.70588     13.00000
     3.43000      5.64311      7.63982      6.32560     13.00000
     3.45000      5.69139      7.68527      6.07861     13.00000
     3.47000      5.82128      7.64668      5.97913     13.00000
     3.49000      5.95172      7.53051      5.88173     13.00000
     3.51000      6.05800      7.56418      5.67438     13.00000
     3.53000      6.52891      7.56708      5.43347     13.00000
     3.55000      6.41527      7.29683      5.38668     13.00000
     3.57000      6.18056      7.02638      5.25177     13.00000
     3.59000      6.05294      7.02662      5.09648     13.00000
     3.61000      5.72389      7.01737      4.85723     13.00000
     3.63000      5.71156      6.95851      4.68762     13.00000
     3.65000      5.75275      6.95394      4.63934     13.00000
     3.67000      5.17672      6.41941      4.48401     13.00000
     3.69000      5.37400      6.44065      4.24807     13.00000
     3.71000      5.35972      6.57634      4.05321     13.00000
     3.73000      5.79688      6.68871      4.02521     13.00000
     3.75000      5.78806      6.74487      3.87142     13.00000
     3.77000      5.48997      6.75229      3.84847     13.00000
     3.79000      5.53997      6.78929      3.76331     13.00000
     3.81000      5.57881      6.75594      3.54083     13.00000
     3.83000      5.76987      6.76620      3.44278     13.00000
     3.85000      5.48560      6.48836      3.32776     13.00000
     3.87000      5.48619      6.49063      3.21338     13.00000
     3.89000      5.78475      6.61379      3.07540     13.00000
     3.91000      6.06350      6.72100      2.99158     13.00000
     3.93000      5.98373      6.69486      2.86571     13.00000
     3.95000      6.09733      6.72824      2.82985     13.00000
     3.97000      6.13373      6.81956      2.74071     13.00000
     3.99000      6.15267      6.68051      2.67815     13.00000
     4.01000      6.57080      6.87472      2.56352     13.00000
     4.03000      6.19655      7.00778      2.56671     13.00000
     4.05000      6.08409      6.98466      2.57403     13.00000
     4.07000      5.82850      6.94875      2.63588     13.00000
     4.09000      5.89682      6.95836      2.45357     13.00000
     4.11000      6.09687      6.92797      2.31794     13.00000
     4.13000      6.25773      6.88066      2.17497     13.00000
     4.15000      6.16617      6.91226      2.12150     13.00000
     4.17000      6.10755      6.81436      2.30949     13.00000
     4.19000      6.99581      7.09030      2.25393     13.00000
     4.21000      6.29675      7.12183      2.41232     13.00000
     4.23000      6.06513      6.93501      2.25175     13.00000
     4.25000      5.79973      6.86206      2.34249     13.00000
     4.27000      6.79190      7.25820      2.29268     13.00000
     4.29000      6.76037      6.94773      2.25849     13.00000
     4.31000      5.89447      6.85941      2.36492     13.00000
     4.33000      5.82073      6.88533      2.55490     13.00000
     4.35000      6.30569      6.97997      2.68295     13.00000
     4.37000      6.31919      6.91175      2.74406     13.00000
     4.39000      6.08047      6.67883      2.73260     13.00000
     4.41000      5.86233      6.69099      2.87888     13.00000
     4.43000      6.12009      6.55217      2.94378     13.00000
     4.45000      5.49729      6.61688      2.88882     13.00000
     4.47000      5.65352      6.52944      2.89744     13.00000
     4.49000      5.31020      6.55611      2.84926     13.00000
     4.51000      6.07436      6.67790      2.74259     13.00000
     4.53000      6.02009      6.54819      2.53101     13.00000
     4.55000      5.92567      6.53186      2.44894     13.00000
     4.57000      5.99845      6.48783      2.26949     13.00000
     4.59000      6.06848      6.47283      2.10398     13.00000
     4.61000      6.67120      6.50608      2.22232     13.00000
     4.63000      6.53480      6.60002      2.19242     13.00000
     4.65000      6.23076      6.57851      2.03443     13.00000
     4.67000      6.25979      6.49777      1.88100     13.00000
     4.69000      6.24204      6.40056      1.85416     13.00000
     4.71000      5.90600      6.31067      1.80426     13.00000
     4.73000      5.77224      6.29222      1.71566     13.00000
     4.75000      6.20036      6.33690      1.56828     13.00000
     4.77000      6.41418      6.32717      1.53680     13.00000
     4.79000      6.60128      6.41307      1.42595     13.00000
     4.81000      6.52831      6.35340      1.32727     13.00000
     4.83000      6.18218      6.46384      1.46549     13.00000
     4.85000      6.12476      6.34936      1.58848     13.00000
     4.87000      6.02308      6.23876      1.75035     13.00000
     4.89000      6.05864      6.21567      1.72517     13.00000
     4.91000      6.13355      6.38756      1.86808     13.00000
     4.93000      6.31071      6.52081      1.93096     13.00000
     4.95000      6.56994      6.57959      2.03703     13.00000
     4.97000      6.57980      6.67730      1.88285     13.00000
     4.99000      6.32555      6.61099      1.87488     13.00000
