    -1.99000    451.06000    494.29317     92.93739     13.00000
    -1.97000    454.58231    494.62744     90.12278     13.00000
    -1.95000    477.02500    493.62871     86.58211     13.00000
    -1.93000    462.53600    490.91896     87.33656     13.00000
    -1.91000    470.49818    491.24976     88.03755     13.00000
    -1.89000    461.48000    492.94546     88.79328     13.00000
    -1.87000    460.91500    493.47906     88.94167     13.00000
    -1.85000    460.62667    496.64069     92.11610     13.00000
    -1.83000    470.46500    494.69593     87.79371     13.00000
    -1.81000    470.70500    493.05689     86.56178     13.00000
    -1.79000    471.78500    494.02781     86.40250     13.00000
    -1.77000    476.58500    493.50609     85.99690     13.00000
    -1.75000    488.96750    496.44720     86.54004     13.00000
    -1.73000    494.86917    499.34531     87.62428     13.00000
    -1.71000    495.31385    497.95403     83.70527     13.00000
    -1.69000    488.51636    497.61104     87.44073     13.00000
    -1.67000    491.81417    501.13115     93.98619     13.00000
    -1.65000    491.35667    496.70750     90.80655     13.00000
    -1.63000    489.85917    497.00779     90.06034     13.00000
    -1.61000    488.51077    498.47064     90.00589     13.00000
    -1.59000    491.86417    494.66130     86.92002     13.00000
    -1.57000    492.07667    497.67375     90.75924     13.00000
    -1.55000    492.03833    502.17607     92.08570     13.00000
    -1.53000    493.59500    504.21755     95.65428     13.00000
    -1.51000    489.53167    503.10834     91.84447     13.00000
    -1.49000    469.05417    501.00996     95.13017     13.00000
    -1.47000    472.22615    501.37719     94.17982     13.00000
    -1.45000    480.38333    500.35627     92.91411     13.00000
    -1.43000    476.96385    498.92799     92.43922     13.00000
    -1.41000    483.93083    500.06425     91.76703     13.00000
    -1.39000    481.28636    499.26065     90.81968     13.00000
    -1.37000    491.24333    499.65627     90.99099     13.00000
    -1.35000    485.75750    503.97356     88.81143     13.00000
    -1.33000    479.96615    497.73568     85.75425     13.00000
    -1.31000    476.54125    495.27931     89.50516     13.00000
    -1.29000    477.28545    494.65286     90.79894     13.00000
    -1.27000    487.74846    495.49538     87.93272     13.00000
    -1.25000    481.68818    492.53588     83.49441     13.00000
    -1.23000    479.17917    493.23538     86.94426     13.00000
    -1.21000    478.21000    494.83373     88.17880     13.00000
    -1.19000    479.07750    494.56772     85.03843     13.00000
    -1.17000    470.99308    495.25013     86.42061     13.00000
    -1.15000    471.10667    494.04748     86.37861     13.00000
    -1.13000    470.68818    496.20876     85.51272     13.00000
    -1.11000    470.09667    494.84911     83.38790     13.00000
    -1.09000    477.98769    495.58872     83.95771     13.00000
    -1.07000    476.90167    496.08790     81.34758     13.00000
    -1.05000    472.72750    500.00068     76.17441     13.00000
    -1.03000    495.00000    503.12114     71.52402     13.00000
    -1.01000    499.01182    499.88846     72.99733     13.00000
    -0.99000    487.25364    500.63051     76.10207     13.00000
    -0.97000    477.33000    500.15650     76.60036     13.00000
    -0.95000    476.88583    503.33884     84.92071     13.00000
    -0.93000    466.74889    502.25567     88.48322     13.00000
    -0.91000    464.94273    502.08558     86.84401     13.00000
    -0.89000    463.14727    504.97410     88.99689     13.00000
    -0.87000    461.89091    502.13319     83.51249     13.00000
    -0.85000    459.17750    500.48728     82.20150     13.00000
    -0.83000    460.27917    500.92240     82.91653     13.00000
    -0.81000    464.30500    499.39002     80.62800     13.00000
    -0.79000    460.32727    494.82445     76.27645     13.00000
    -0.77000    464.63500    493.48352     76.10390     13.00000
    -0.75000    469.44000    492.30114     73.49958     13.00000
    -0.73000    470.87667    493.08553     73.63044     13.00000
    -0.71000    473.08000    492.61006     72.52670     13.00000
    -0.69000    472.36500    492.53827     76.90086     13.00000
    -0.67000    482.81500    490.96459     71.29779     13.00000
    -0.65000    478.57100    489.84021     71.33886     13.00000
    -0.63000    475.80300    488.24086     70.85767     13.00000
    -0.61000    472.07091    491.36628     71.01026     13.00000
    -0.59000    467.82800    493.00360     70.04562     13.00000
    -0.57000    465.78500    491.88282     66.99978     13.00000
    -0.55000    471.25444    489.87018     66.12632     13.00000
    -0.53000    471.57333    486.61953     69.42419     13.00000
    -0.51000    474.04000    485.83407     68.02404     13.00000
    -0.49000    461.86364    486.51460     68.70480     13.00000
    -0.47000    466.15833    487.05160     65.92702     13.00000
    -0.45000    465.72833    486.87335     67.22656     13.00000
    -0.43000    462.75900    488.94318     70.53538     13.00000
    -0.41000    460.18167    489.04066     71.38281     13.00000
    -0.39000    477.26889    492.72046     71.53893     13.00000
    -0.37000    497.22455    493.23902     71.93162     13.00000
    -0.35000    490.01000    491.09668     73.66601     13.00000
    -0.33000    473.26364    490.57945     77.32918     13.00000
    -0.31000    489.73364    490.87859     73.73120     13.00000
    -0.29000    463.31125    488.32897     75.00097     13.00000
    -0.27000    466.88556    490.93255     75.67093     13.00000
    -0.25000    476.79143    493.74638     72.92974     13.00000
    -0.23000    475.61111    492.84133     72.03403     13.00000
    -0.21000    471.84625    488.17204     70.78369     13.00000
    -0.19000    475.74429    492.49457     73.91704     13.00000
    -0.17000    470.58625    495.28258     77.20839     13.00000
    -0.15000    472.83875    495.05065     79.46375     13.00000
    -0.13000    481.75667    496.31954     77.54805     13.00000
    -0.11000    481.44750    496.76113     80.44727     13.00000
    -0.09000    484.20667    495.68466     81.57976     13.00000
    -0.07000    486.12000    501.30546     90.50565     13.00000
    -0.05000    456.30444    501.21536     96.79344     13.00000
    -0.03000    459.74048    500.98437     93.01041     13.00000
    -0.01000    465.62696    504.79077     86.31403     13.00000
     0.01000    592.66000    619.09624    106.12850     13.00000
     0.03000    613.29500    668.32345    128.93918     13.00000
     0.05000    626.15000    678.76446    109.39714     13.00000
     0.07000    631.72333    676.01226    108.06038     13.00000
     0.09000    645.46250    679.22594    100.68046     13.00000
     0.11000    650.16125    693.47688     99.13286     13.00000
     0.13000    689.66750    704.34480     99.33374     13.00000
     0.15000    670.53000    694.63995    103.39416     13.00000
     0.17000    674.70227    711.79500    107.39264     13.00000
     0.19000    690.77368    711.31800    118.26503     13.00000
     0.21000    674.18263    702.10252    108.21340     13.00000
     0.23000    664.61500    685.19051    104.18270     13.00000
     0.25000    675.86917    697.99600    102.88177     13.00000
     0.27000    686.95000    715.28787     98.18082     13.00000
     0.29000    682.02500    713.02727     98.85873     13.00000
     0.31000    700.60500    726.70956     94.29029     13.00000
     0.33000    714.96000    732.14471    101.80990     13.00000
     0.35000    725.56500    731.03041    104.36293     13.00000
     0.37000    707.62500    724.90182    100.29240     13.00000
     0.39000    717.79850    725.48921     98.00133     13.00000
     0.41000    708.74474    734.07558    104.95327     13.00000
     0.43000    712.55250    750.91189    109.20078     13.00000
     0.45000    691.48250    739.83410    109.40673     13.00000
     0.47000    692.63000    730.00855    106.74298     13.00000
     0.49000    701.34500    729.64239    105.51187     13.00000
     0.51000    695.77333    727.28850     99.73744     13.00000
     0.53000    711.02000    725.97375     89.82444     13.00000
     0.55000    703.87875    722.59135     92.97674     13.00000
     0.57000    698.52375    724.54053     94.12707     13.00000
     0.59000    705.46000    719.36896     93.54163     13.00000
     0.61000    711.90000    733.39088     83.03647     13.00000
     0.63000    703.72000    733.36236     87.72652     13.00000
     0.65000    705.80667    728.02892     89.90788     13.00000
     0.67000    721.36846    739.38802     91.14850     13.00000
     0.69000    703.77000    736.06681     95.61804     13.00000
     0.71000    723.86000    736.25279     98.81348     13.00000
     0.73000    704.48000    737.51226     99.67131     13.00000
     0.75000    703.37000    730.92312    107.09167     13.00000
     0.77000    706.23500    738.24933    107.00941     13.00000
     0.79000    714.90875    742.17566     97.40646     13.00000
     0.81000    707.50263    749.28805     99.29623     13.00000
     0.83000    713.97620    747.39917    102.38455     12.00000
     0.85000    737.31190    758.31854    105.95940     12.00000
     0.87000    718.15812    757.80915    111.01032     12.00000
     0.89000    702.23500    745.22044    106.00717     13.00000
     0.91000    700.41500    747.74930    109.95954     13.00000
     0.93000    699.08333    751.18689    110.61451     13.00000
     0.95000    703.77500    756.14247    113.57921     13.00000
     0.97000    698.72000    756.10135    113.87882     13.00000
     0.99000    695.36500    753.14068    106.80687     13.00000
     1.01000    693.21000    748.28393    106.79325     13.00000
     1.03000    695.58333    746.23701    100.94416     13.00000
     1.05000    695.32500    743.75906    101.49558     13.00000
     1.07000    720.73667    741.81789     99.45152     13.00000
     1.09000    704.11727    739.55275     97.42734     13.00000
     1.11000    704.79400    738.34066     98.52405     13.00000
     1.13000    713.02857    738.38529     99.20545     13.00000
     1.15000    692.56333    734.56720    100.52516     13.00000
     1.17000    686.19500    732.33658    101.21753     13.00000
     1.19000    684.93500    727.60753    103.18973     13.00000
     1.21000    689.30000    727.25211    105.72009     13.00000
     1.23000    687.36500    726.55118    108.54881     13.00000
     1.25000    678.19667    724.16776    109.69629     13.00000
     1.27000    675.68000    726.40337    110.69136     13.00000
     1.29000    669.42083    723.75035    111.42470     13.00000
     1.31000    678.88000    727.84473    112.46826     13.00000
     1.33000    683.24091    719.26259    113.17102     13.00000
     1.35000    665.36909    716.75735    116.60105     13.00000
     1.37000    655.98692    719.18342    115.26901     13.00000
     1.39000    696.07500    728.10775    110.98477     13.00000
     1.41000    689.43000    727.71308    109.78109     13.00000
     1.43000    691.71000    724.85570    108.40905     13.00000
     1.45000    689.99333    722.27890    110.62386     13.00000
     1.47000    683.65000    719.31982    111.82254     13.00000
     1.49000    693.56000    718.07251    109.97957     13.00000
     1.51000    697.56500    717.77034    109.64387     13.00000
     1.53000    689.78500    714.61049    107.24402     13.00000
     1.55000    705.32333    718.72015    106.50161     13.00000
     1.57000    692.82250    713.50627    105.64190     13.00000
     1.59000    697.12625    712.89178    107.37813     13.00000
     1.61000    708.21500    714.09598    106.29932     13.00000
     1.63000    693.85500    714.89505    108.65201     13.00000
     1.65000    703.23000    717.65635    108.74615     13.00000
     1.67000    719.07750    718.95771    107.25053     13.00000
     1.69000    722.48444    719.48895    106.34413     13.00000
     1.71000    715.81625    717.96766    107.85573     13.00000
     1.73000    716.37000    713.26484    106.25445     13.00000
     1.75000    719.51875    709.74481    102.70261     13.00000
     1.77000    713.67500    708.55386    104.30985     13.00000
     1.79000    713.74333    706.15175    105.48489     13.00000
     1.81000    669.99000    699.16244    103.16084     13.00000
     1.83000    703.79000    699.29375    102.26799     13.00000
     1.85000    694.18333    696.42558    102.63365     13.00000
     1.87000    682.03500    693.74485    104.47893     13.00000
     1.89000    687.55111    690.54241    104.49120     13.00000
     1.91000    671.85000    686.51154    103.66656     13.00000
     1.93000    684.01111    684.99967    102.35940     13.00000
     1.95000    680.43000    683.61063    103.76618     13.00000
     1.97000    681.55111    684.59180    105.12826     13.00000
     1.99000    681.72875    685.91462    105.30572     13.00000
     2.01000    660.10000    676.69870    106.61150     13.00000
     2.03000    656.68500    679.51570    106.45768     13.00000
     2.05000    658.56000    676.84580    105.36184     13.00000
     2.07000    654.15333    679.20292    103.74355     13.00000
     2.09000    648.02500    679.81019    103.30620     13.00000
     2.11000    647.23000    678.32376    104.83531     13.00000
     2.13000    655.47625    677.39570    106.36800     13.00000
     2.15000    667.82250    676.11830    103.01614     13.00000
     2.17000    663.21625    672.89738    104.00570     13.00000
     2.19000    662.65250    671.81540    107.83723     13.00000
     2.21000    661.47250    667.43689    110.52598     13.00000
     2.23000    664.49000    667.77503    111.73841     13.00000
     2.25000    663.47429    664.74573    110.69810     13.00000
     2.27000    668.37333    663.38408    109.99023     13.00000
     2.29000    659.29500    666.39453    109.86188     13.00000
     2.31000    686.66000    677.96446    113.14673     13.00000
     2.33000    661.37857    673.12983    111.43798     13.00000
     2.35000    655.55333    674.64934    114.15477     13.00000
     2.37000    659.10125    674.34291    117.26174     13.00000
     2.39000    660.69750    673.91346    119.41746     13.00000
     2.41000    667.09143    670.70363    119.51728     13.00000
     2.43000    656.10556    665.84810    120.08105     13.00000
     2.45000    648.84000    665.21376    121.80510     13.00000
     2.47000    659.32125    666.10852    122.23503     13.00000
     2.49000    656.04286    661.87609    120.20762     13.00000
     2.51000    652.02111    657.08008    118.37407     13.00000
     2.53000    663.36889    659.08692    118.65326     13.00000
     2.55000    657.00714    659.07289    118.67638     13.00000
     2.57000    654.75444    658.46161    119.57187     13.00000
     2.59000    639.09222    652.85442    121.55326     13.00000
     2.61000    645.50444    654.56321    119.14385     13.00000
     2.63000    643.21625    657.26205    117.41102     13.00000
     2.65000    645.29444    663.71424    117.46102     13.00000
     2.67000    648.00857    660.55991    120.30136     13.00000
     2.69000    645.70444    662.30120    122.45825     13.00000
     2.71000    651.24500    662.64982    117.98221     13.00000
     2.73000    654.09500    663.86326    118.31386     13.00000
     2.75000    647.56143    658.20510    117.17416     13.00000
     2.77000    640.60222    655.44957    115.66954     13.00000
     2.79000    638.63625    655.19045    117.16377     13.00000
     2.81000    637.72000    654.64162    115.77154     13.00000
     2.83000    637.77000    654.32372    117.72547     13.00000
     2.85000    638.36000    655.87499    116.89551     13.00000
     2.87000    638.94000    654.07293    117.23342     13.00000
     2.89000    638.29333    648.05233    117.05686     13.00000
     2.91000    635.53875    642.78721    118.49473     13.00000
     2.93000    636.26500    640.53567    117.54879     13.00000
     2.95000    641.05500    638.89657    119.78788     13.00000
     2.97000    631.15500    637.61702    120.36511     13.00000
     2.99000    626.42000    631.43485    121.33124     13.00000
     3.01000    633.11000    635.16479    118.95299     13.00000
     3.03000    627.67000    634.06846    118.82506     13.00000
     3.05000    631.13714    633.61084    119.63901     13.00000
     3.07000    629.29000    625.89686    121.06614     13.00000
     3.09000    626.80667    621.98043    119.35639     13.00000
     3.11000    625.91625    618.89466    115.75869     13.00000
     3.13000    619.14000    618.46026    117.49896     13.00000
     3.15000    632.93333    620.97486    116.71785     13.00000
     3.17000    626.06250    619.78835    115.71141     13.00000
     3.19000    631.08000    618.12150    118.93702     13.00000
     3.21000    631.90444    620.24607    117.51551     13.00000
     3.23000    632.34222    621.39814    117.06941     13.00000
     3.25000    631.14375    622.09984    115.52799     13.00000
     3.27000    619.66000    619.63193    119.41240     13.00000
     3.29000    613.87000    619.31758    117.33533     13.00000
     3.31000    615.63667    619.87827    122.11004     13.00000
     3.33000    610.61500    618.12459    122.98896     13.00000
     3.35000    615.55000    616.07887    120.72323     13.00000
     3.37000    617.10000    615.36851    117.94833     13.00000
     3.39000    610.16778    614.15985    120.03739     13.00000
     3.41000    601.76714    611.84510    120.20325     13.00000
     3.43000    594.97222    614.79262    123.64178     13.00000
     3.45000    598.36250    609.44982    120.34234     13.00000
     3.47000    592.77571    609.47637    118.42298     13.00000
     3.49000    601.26222    608.23974    117.51992     13.00000
     3.51000    609.24889    607.87198    118.50041     13.00000
     3.53000    601.79000    609.22482    118.76121     13.00000
     3.55000    613.62571    605.94083    116.00322     13.00000
     3.57000    613.70333    607.33522    115.15758     13.00000
     3.59000    611.22889    604.26740    115.27890     13.00000
     3.61000    608.34750    606.46514    115.86817     13.00000
     3.63000    606.41125    606.06830    118.82170     13.00000
     3.65000    601.31250    600.74752    116.22293     13.00000
     3.67000    596.81444    598.14006    121.71242     13.00000
     3.69000    594.60375    604.51173    125.01621     13.00000
     3.71000    591.69125    601.92539    123.81132     13.00000
     3.73000    595.22333    604.16145    123.25072     13.00000
     3.75000    596.95667    609.86885    123.22684     13.00000
     3.77000    590.47000    608.65877    123.81468     13.00000
     3.79000    590.35111    598.28158    123.31855     13.00000
     3.81000    592.31000    594.79140    121.26909     13.00000
     3.83000    588.82556    595.49526    123.19977     13.00000
     3.85000    591.29429    595.62114    124.55028     13.00000
     3.87000    588.35417    600.54043    126.77000     13.00000
     3.89000    585.84273    603.42453    125.94580     13.00000
     3.91000    596.77375    602.77955    126.50144     13.00000
     3.93000    589.21250    601.32609    124.57334     13.00000
     3.95000    593.47333    597.20458    122.37249     13.00000
     3.97000    601.70000    598.96546    121.76007     13.00000
     3.99000    601.74500    605.36887    112.25397     13.00000
     4.01000    598.48000    601.67701    110.74823     13.00000
     4.03000    589.99000    601.74999    112.24879     13.00000
     4.05000    588.88000    601.82683    112.65526     13.00000
     4.07000    591.00545    600.00095    116.46531     13.00000
     4.09000    588.62250    598.13994    119.70662     13.00000
     4.11000    582.40111    594.53960    119.09046     13.00000
     4.13000    582.16571    594.76011    117.43428     13.00000
     4.15000    589.47333    591.54242    115.88701     13.00000
     4.17000    596.35750    592.94808    117.10538     13.00000
     4.19000    580.45889    590.44452    115.00295     13.00000
     4.21000    584.23091    588.07387    117.00623     13.00000
     4.23000    589.11444    588.08270    119.57063     13.00000
     4.25000    584.56000    588.86340    122.17011     13.00000
     4.27000    578.60000    591.71936    124.46983     13.00000
     4.29000    574.71000    591.02086    124.56656     13.00000
     4.31000    583.90000    590.76519    119.63198     13.00000
     4.33000    583.93333    590.11792    121.09950     13.00000
     4.35000    582.90000    586.44964    120.05082     13.00000
     4.37000    593.16500    592.42676    120.49300     13.00000
     4.39000    601.91000    597.22582    124.74279     13.00000
     4.41000    602.74000    600.24733    120.24204     13.00000
     4.43000    610.53500    603.28107    115.86988     13.00000
     4.45000    613.71667    598.58979    116.95163     13.00000
     4.47000    615.52000    597.03718    118.56678     13.00000
     4.49000    600.53333    593.11011    116.64054     13.00000
     4.51000    596.65750    593.60715    115.04172     13.00000
     4.53000    600.79727    592.07127    113.95144     13.00000
     4.55000    606.29500    592.16051    113.69865     13.00000
     4.57000    584.13100    591.00146    112.31468     13.00000
     4.59000    589.57667    587.80391    112.71621     13.00000
     4.61000    593.38182    590.09863    111.83917     13.00000
     4.63000    591.80455    588.86433    105.04740     13.00000
     4.65000    586.98625    593.34149    108.80799     13.00000
     4.67000    588.51000    592.02901    109.35850     13.00000
     4.69000    590.06000    592.93049    112.35590     13.00000
     4.71000    588.53500    593.01369    107.86169     13.00000
     4.73000    595.42750    591.11095    109.69060     13.00000
     4.75000    586.77000    592.21125    110.87454     13.00000
     4.77000    579.87000    590.23965    109.83405     13.00000
     4.79000    583.95000    592.67744    109.94242     13.00000
     4.81000    579.46500    585.73847    104.76137     13.00000
     4.83000    583.41000    583.54318    103.79202     13.00000
     4.85000    584.67000    583.80634    106.64233     13.00000
     4.87000    588.35429    588.19240    106.60783     13.00000
     4.89000    587.96000    589.48620    107.81410     13.00000
     4.91000    592.05500    589.26905    108.78431     13.00000
     4.93000    589.90875    588.16979    107.51370     13.00000
     4.95000    597.58125    592.15060    108.45549     13.00000
     4.97000    593.78000    589.44474    112.20975     13.00000
     4.99000    588.47625    583.88284    108.72180     13.00000
