    -1.99000      5.10749      7.45920      6.60160     40.00000
    -1.97000      5.16635      7.20806      5.75735     39.00000
    -1.95000      4.69757      6.92282      5.61757     39.00000
    -1.93000      4.77683      6.81375      5.23935     39.00000
    -1.91000      5.03878      6.37531      4.27299     39.00000
    -1.89000      4.98175      6.58523      4.76352     40.00000
    -1.87000      4.75008      6.29163      4.25532     40.00000
    -1.85000      4.73333      6.31403      4.10718     41.00000
    -1.83000      4.82095      6.07717      3.84016     40.00000
    -1.81000      4.81175      6.46840      4.15661     40.00000
    -1.79000      4.92944      6.53347      4.08677     41.00000
    -1.77000      5.14314      6.48300      4.03891     41.00000
    -1.75000      5.00643      6.56414      4.03917     41.00000
    -1.73000      4.82648      6.18899      3.65652     40.00000
    -1.71000      4.99936      6.11226      3.63271     41.00000
    -1.69000      5.05580      6.32416      3.74589     41.00000
    -1.67000      5.00491      7.02810      5.57587     41.00000
    -1.65000      5.37008      7.67188      7.87836     41.00000
    -1.63000      5.20464      7.14474      5.18633     41.00000
    -1.61000      5.49533      7.21685      5.14098     41.00000
    -1.59000      5.14509      6.93748      4.96209     41.00000
    -1.57000      5.51500      6.94085      5.08540     41.00000
    -1.55000      5.01009      6.81732      4.83374     41.00000
    -1.53000      5.40149      6.75440      4.77032     40.00000
    -1.51000      5.39253      6.97112      5.10162     40.00000
    -1.49000      5.17650      6.92695      5.19183     40.00000
    -1.47000      5.43965      7.17179      5.41089     40.00000
    -1.45000      5.14792      7.35424      6.55917     40.00000
    -1.43000      5.09150      6.72646      4.58564     40.00000
    -1.41000      4.95593      6.66758      4.25006     40.00000
    -1.39000      5.40471      6.67876      4.24164     39.00000
    -1.37000      5.33233      6.84239      4.52578     40.00000
    -1.35000      4.80594      6.48654      3.91903     40.00000
    -1.33000      4.84833      6.26671      3.66209     40.00000
    -1.31000      4.80439      6.22849      3.62645     40.00000
    -1.29000      4.77780      6.04564      3.44036     40.00000
    -1.27000      4.96230      5.90521      3.39687     40.00000
    -1.25000      4.80900      6.00951      3.61232     40.00000
    -1.23000      4.80667      6.04401      3.69749     40.00000
    -1.21000      4.77914      6.11664      3.98088     40.00000
    -1.19000      4.86828      6.05183      4.04145     40.00000
    -1.17000      5.01538      6.53346      4.69680     40.00000
    -1.15000      4.84383      6.38148      4.67115     40.00000
    -1.13000      4.62332      6.30006      4.74350     40.00000
    -1.11000      4.79152      6.45324      4.87834     40.00000
    -1.09000      4.98629      6.29780      4.47605     40.00000
    -1.07000      5.23240      6.08935      4.43765     40.00000
    -1.05000      5.19230      6.91892      7.91779     41.00000
    -1.03000      5.10175      7.13299      9.07058     41.00000
    -1.01000      5.33664      7.17496      8.57967     41.00000
    -0.99000      5.36243      7.02033      8.22295     41.00000
    -0.97000      5.39529      7.18309      8.96431     41.00000
    -0.95000      4.87817      7.26386      8.91529     41.00000
    -0.93000      4.35800      7.32175      9.93546     41.00000
    -0.91000      4.87050      6.89566      8.00739     41.00000
    -0.89000      4.49436      6.65894      7.83683     41.00000
    -0.87000      5.62082      7.30216      9.12424     39.00000
    -0.85000      5.27650      7.43710     10.02202     40.00000
    -0.83000      5.51704      7.63773     10.56184     40.00000
    -0.81000      5.55013      7.56831     10.82183     40.00000
    -0.79000      5.45309      7.77920     11.13286     40.00000
    -0.77000      5.31664      7.57626     10.34591     40.00000
    -0.75000      5.22052      7.53099     10.41321     40.00000
    -0.73000      4.91481      7.68539     10.48238     38.00000
    -0.71000      4.68541      7.54994     10.57446     38.00000
    -0.69000      4.98789      7.93039     11.35107     38.00000
    -0.67000      5.27144      7.98420     11.30856     38.00000
    -0.65000      5.42744      8.05436     11.02282     38.00000
    -0.63000      5.21063      8.10887     12.00419     38.00000
    -0.61000      4.93600      7.90590     10.94752     38.00000
    -0.59000      4.69391      7.45241      9.89304     38.00000
    -0.57000      4.77844      6.71856      5.77149     38.00000
    -0.55000      5.30899      7.04602      6.61509     38.00000
    -0.53000      4.87430      7.15127      6.76760     38.00000
    -0.51000      4.94978      7.16472      6.95209     38.00000
    -0.49000      5.15161      6.95288      6.39052     38.00000
    -0.47000      5.15150      6.50657      5.45655     38.00000
    -0.45000      4.86027      6.34850      4.59035     38.00000
    -0.43000      4.64556      6.12290      4.32873     39.00000
    -0.41000      5.01303      6.11749      4.53208     38.00000
    -0.39000      4.51367      6.11120      4.56234     38.00000
    -0.37000      4.89700      6.32316      4.69031     39.00000
    -0.35000      3.97055      6.28245      4.74708     37.00000
    -0.33000      4.67505      6.27312      4.76297     38.00000
    -0.31000      4.60800      6.14046      4.26229     39.00000
    -0.29000      4.55800      6.14186      4.27241     39.00000
    -0.27000      4.59600      6.07973      4.17566     39.00000
    -0.25000      4.39486      5.80758      3.80415     39.00000
    -0.23000      4.48100      5.90339      3.69969     39.00000
    -0.21000      5.67900      6.10950      3.76545     41.00000
    -0.19000      5.44433      5.87576      3.35216     41.00000
    -0.17000      5.47833      6.01874      3.70261     41.00000
    -0.15000      4.66726      5.62624      3.54217     40.00000
    -0.13000      5.01492      5.63406      3.69346     41.00000
    -0.11000      4.85074      5.45791      3.29471     40.00000
    -0.09000      5.01500      5.92466      4.30075     41.00000
    -0.07000      5.25835      6.31334      5.01685     42.00000
    -0.05000      5.47117      6.93139      5.45977     43.00000
    -0.03000      5.17547      7.04807      5.45675     43.00000
    -0.01000      6.10498      7.38381      5.76870     42.00000
     0.01000     11.68510     14.94636     12.90744     44.00000
     0.03000     12.17052     16.71398     15.53086     44.00000
     0.05000     12.71683     16.30712     14.17708     43.00000
     0.07000     11.48344     15.10572     11.47464     44.00000
     0.09000     11.61906     15.40886     12.23085     44.00000
     0.11000     11.80141     15.34740     13.00511     44.00000
     0.13000     11.20250     15.70963     12.90184     44.00000
     0.15000     12.09141     15.87454     12.63583     44.00000
     0.17000     11.55150     16.00594     12.30898     43.00000
     0.19000     11.58646     15.28753     11.16119     44.00000
     0.21000     12.32828     14.57703     10.64513     44.00000
     0.23000     11.67259     14.54256     10.88241     44.00000
     0.25000     11.49078     15.14440     12.12456     44.00000
     0.27000     11.39736     15.17954     12.03051     44.00000
     0.29000     12.46673     16.00623     12.68753     44.00000
     0.31000     12.88886     16.39619     12.76600     44.00000
     0.33000     13.54298     15.96378     12.20598     44.00000
     0.35000     12.32254     16.23126     12.37142     44.00000
     0.37000     12.09529     16.05740     12.64042     44.00000
     0.39000     11.64663     16.03274     12.67637     44.00000
     0.41000     11.73675     15.81279     12.01288     44.00000
     0.43000     11.60187     15.64463     11.54092     44.00000
     0.45000     11.78891     15.24523     11.33718     44.00000
     0.47000     12.19275     15.47803     12.15086     44.00000
     0.49000     10.99698     15.98802     12.98075     44.00000
     0.51000     11.15303     15.57730     12.51311     44.00000
     0.53000     11.53841     15.81664     13.41932     44.00000
     0.55000     12.16300     15.01873     11.51520     43.00000
     0.57000     11.65869     14.97949     12.00820     44.00000
     0.59000     11.01286     15.38932     12.42990     44.00000
     0.61000      9.71281     14.34895     11.64129     44.00000
     0.63000      9.70341     13.44329     10.76932     44.00000
     0.65000     10.59174     13.25286     10.14859     44.00000
     0.67000     10.51376     13.03151      9.87782     44.00000
     0.69000     10.80755     14.04185     11.06942     44.00000
     0.71000     10.74647     14.13461     11.58227     44.00000
     0.73000     11.20237     14.04708     12.52435     44.00000
     0.75000     10.72233     13.99651     12.23803     44.00000
     0.77000     10.83701     13.52538     11.02350     44.00000
     0.79000     10.73075     13.90087     12.05061     44.00000
     0.81000     11.60160     13.99991     11.90112     44.00000
     0.83000     11.86662     14.81024     12.53404     43.00000
     0.85000     11.60153     13.76965     10.97871     43.00000
     0.87000     11.61925     13.15248      9.20424     43.00000
     0.89000     11.35661     12.94084      9.64140     44.00000
     0.91000      9.97270     12.88704     10.59600     44.00000
     0.93000     11.74731     13.35325     11.51017     44.00000
     0.95000     11.30147     12.69404     10.61867     44.00000
     0.97000     10.55903     12.76586     12.91534     43.00000
     0.99000      9.93627     12.22356     12.37503     43.00000
     1.01000      8.50871     11.29486     10.59581     44.00000
     1.03000      9.10161     12.25824     13.54074     44.00000
     1.05000      8.88275     11.25926     11.79848     44.00000
     1.07000      9.11016     10.85860     10.60921     44.00000
     1.09000      8.76738      9.93176      7.53872     44.00000
     1.11000      7.72686      9.04603      6.87832     44.00000
     1.13000      7.12779      9.00157      7.23428     44.00000
     1.15000      7.09146      8.77646      7.32670     44.00000
     1.17000      6.97067      8.02230      5.98727     44.00000
     1.19000      6.34989      7.73866      5.73245     44.00000
     1.21000      6.18163      7.46167      5.46994     44.00000
     1.23000      6.17581      7.38177      5.69711     44.00000
     1.25000      5.67672      7.59896      5.94558     44.00000
     1.27000      6.44950      7.64869      5.80638     44.00000
     1.29000      6.62263      7.28411      5.48873     44.00000
     1.31000      5.84730      7.29786      5.82544     44.00000
     1.33000      5.94570      6.94092      5.11626     44.00000
     1.35000      5.30500      6.12164      4.22767     43.00000
     1.37000      4.77925      6.14860      4.44874     43.00000
     1.39000      4.03422      5.83291      4.25053     43.00000
     1.41000      4.20072      5.87418      4.23738     44.00000
     1.43000      4.14395      5.87017      4.50151     44.00000
     1.45000      4.88583      5.79980      4.18533     43.00000
     1.47000      5.09471      5.95645      4.48722     43.00000
     1.49000      5.16500      6.48698      5.27564     43.00000
     1.51000      4.92909      6.84855      5.25294     43.00000
     1.53000      4.97073      6.90238      5.49984     42.00000
     1.55000      5.11930      7.06219      5.94979     42.00000
     1.57000      4.73486      6.82255      5.34272     42.00000
     1.59000      5.25080      6.56007      4.89438     42.00000
     1.61000      4.87169      6.37643      4.82490     42.00000
     1.63000      4.46652      6.29192      4.63196     42.00000
     1.65000      4.48771      6.59693      5.19349     41.00000
     1.67000      4.86800      6.44230      4.70407     41.00000
     1.69000      4.89222      6.14631      4.38112     41.00000
     1.71000      4.07960      5.83758      4.32060     39.00000
     1.73000      4.47417      6.01348      4.52336     41.00000
     1.75000      4.52448      5.66131      3.88426     42.00000
     1.77000      4.52709      5.77998      4.19164     42.00000
     1.79000      4.49777      5.80953      4.08609     42.00000
     1.81000      4.54991      5.97194      4.19702     42.00000
     1.83000      4.47692      6.19462      4.57049     42.00000
     1.85000      4.90054      6.79774      5.34983     42.00000
     1.87000      4.48439      6.57920      5.13939     42.00000
     1.89000      4.54690      6.48343      4.88105     41.00000
     1.91000      4.79842      6.39954      4.53614     42.00000
     1.93000      5.22963      6.73130      4.91180     42.00000
     1.95000      4.98397      6.75623      5.08820     42.00000
     1.97000      4.79833      6.47786      4.93077     42.00000
     1.99000      4.60831      6.55763      5.35491     42.00000
     2.01000      4.48149      6.89414      5.73717     42.00000
     2.03000      4.77306      6.80512      5.18116     42.00000
     2.05000      5.00432      6.76030      4.98773     42.00000
     2.07000      5.17629      6.64109      4.94826     41.00000
     2.09000      4.76291      6.22196      4.75150     41.00000
     2.11000      4.84640      6.55868      5.33488     41.00000
     2.13000      5.14364      6.48947      5.15702     41.00000
     2.15000      5.30448      6.52982      5.17240     40.00000
     2.17000      6.07360      6.67537      5.14105     41.00000
     2.19000      5.73673      6.72595      4.84845     41.00000
     2.21000      5.85955      6.25498      4.44941     41.00000
     2.23000      5.26707      5.75982      3.99188     40.00000
     2.25000      5.01029      6.10093      4.42392     41.00000
     2.27000      4.33224      5.48655      4.24197     41.00000
     2.29000      4.12673      5.86375      5.11998     41.00000
     2.31000      4.44985      6.00508      4.90449     41.00000
     2.33000      4.21078      5.92666      4.85385     41.00000
     2.35000      4.42620      5.66566      4.37333     41.00000
     2.37000      4.40281      5.96805      4.41166     42.00000
     2.39000      4.20899      6.17733      4.73741     42.00000
     2.41000      4.75301      6.32791      4.96920     42.00000
     2.43000      4.82614      6.46904      4.96928     42.00000
     2.45000      5.37571      6.56498      5.05066     42.00000
     2.47000      5.38995      6.52359      4.95775     42.00000
     2.49000      5.41844      6.08448      4.43563     42.00000
     2.51000      5.21798      6.34315      4.98063     42.00000
     2.53000      5.33309      6.41789      4.96936     42.00000
     2.55000      5.42136      6.42158      5.15092     42.00000
     2.57000      4.78178      6.66861      5.82374     42.00000
     2.59000      5.12432      6.69440      5.66204     42.00000
     2.61000      4.97360      6.59889      5.51202     44.00000
     2.63000      4.82233      6.06775      4.59780     44.00000
     2.65000      4.78644      6.29149      5.02879     44.00000
     2.67000      4.69691      6.22545      5.12151     44.00000
     2.69000      4.32267      6.07194      5.00992     43.00000
     2.71000      4.81486      6.84268      6.28507     43.00000
     2.73000      5.38123      7.25332      7.37792     43.00000
     2.75000      5.60657      6.91818      6.43855     43.00000
     2.77000      5.50845      6.28974      4.91172     44.00000
     2.79000      4.77410      6.13606      4.58172     44.00000
     2.81000      5.04820      6.36874      5.14889     44.00000
     2.83000      5.19082      6.53501      5.55548     44.00000
     2.85000      4.93359      6.13958      4.81651     44.00000
     2.87000      4.65343      6.15363      5.16536     43.00000
     2.89000      4.79919      6.01851      4.61834     43.00000
     2.91000      4.62371      5.78934      4.46592     43.00000
     2.93000      4.67050      5.79562      4.34226     43.00000
     2.95000      4.50551      5.97957      4.31009     44.00000
     2.97000      4.42714      5.96510      4.62038     44.00000
     2.99000      4.63903      5.90212      4.82652     44.00000
     3.01000      4.75322      6.00369      5.23901     44.00000
     3.03000      4.68016      6.04444      4.97799     44.00000
     3.05000      4.86570      6.28006      4.80046     44.00000
     3.07000      4.88425      6.54645      5.26638     44.00000
     3.09000      4.85910      6.34989      5.48029     44.00000
     3.11000      5.05080      6.75441      5.57200     44.00000
     3.13000      6.03577      7.11877      5.69596     44.00000
     3.15000      6.11753      7.30356      6.26804     44.00000
     3.17000      6.51147      7.83605      6.67249     44.00000
     3.19000      6.14000      7.52948      6.23517     44.00000
     3.21000      5.98003      7.45165      6.08721     44.00000
     3.23000      6.28857      7.43109      6.16106     44.00000
     3.25000      6.54172      7.43677      5.84062     44.00000
     3.27000      7.01349      7.39053      5.30656     42.00000
     3.29000      6.66031      7.68006      6.21238     43.00000
     3.31000      6.08294      7.51180      6.05891     43.00000
     3.33000      6.82606      8.09921      7.29905     44.00000
     3.35000      6.88320      9.28475     11.48316     44.00000
     3.37000      6.61735      8.42140      8.32602     44.00000
     3.39000      6.66244      7.91223      6.20329     44.00000
     3.41000      6.59615      7.97492      6.49533     44.00000
     3.43000      6.62247      7.90656      6.60165     44.00000
     3.45000      6.59509      7.44654      5.59560     44.00000
     3.47000      6.59349      7.09622      5.18177     44.00000
     3.49000      6.54310      7.32196      5.30779     44.00000
     3.51000      6.81463      7.31521      5.63553     44.00000
     3.53000      6.72311      7.32907      5.71945     44.00000
     3.55000      6.01462      7.45412      6.08495     44.00000
     3.57000      5.99573      7.61911      6.54537     44.00000
     3.59000      5.87025      7.51377      6.21753     44.00000
     3.61000      5.97139      8.33205      8.88661     44.00000
     3.63000      6.41740      7.90739      6.83759     44.00000
     3.65000      5.92443      7.35404      5.62205     44.00000
     3.67000      6.27233      7.05209      5.39337     44.00000
     3.69000      6.16783      6.86564      5.31075     44.00000
     3.71000      5.59797      6.53121      4.98767     44.00000
     3.73000      6.04657      6.65660      4.89420     44.00000
     3.75000      6.06208      7.05374      5.33232     44.00000
     3.77000      5.90567      7.02267      5.58903     44.00000
     3.79000      5.93264      6.65525      5.01922     44.00000
     3.81000      5.94053      6.64319      4.78304     44.00000
     3.83000      5.47446      6.63997      4.90770     44.00000
     3.85000      5.45829      6.62560      4.92012     44.00000
     3.87000      6.03842      6.59214      4.81634     44.00000
     3.89000      5.41347      6.65680      5.02087     44.00000
     3.91000      5.23813      6.60619      5.09981     44.00000
     3.93000      5.72158      6.83858      5.24876     44.00000
     3.95000      5.55091      7.53519      6.48531     44.00000
     3.97000      5.66582      8.39977      8.89130     44.00000
     3.99000      5.86235      8.32921      7.86033     44.00000
     4.01000      6.05762      8.30713      7.64482     44.00000
     4.03000      6.04045      7.68453      6.29491     44.00000
     4.05000      6.08319      7.90239      6.86802     44.00000
     4.07000      5.84074      8.15122      8.00375     44.00000
     4.09000      6.08446      8.38605      8.63161     44.00000
     4.11000      6.29334      7.88105      6.68682     44.00000
     4.13000      6.28930      7.64300      6.14658     44.00000
     4.15000      6.33528      7.44051      6.05484     44.00000
     4.17000      6.20614      7.05524      5.02605     43.00000
     4.19000      6.02600      6.71289      4.53361     43.00000
     4.21000      5.65393      7.02575      4.95034     44.00000
     4.23000      5.57831      6.71477      4.61369     44.00000
     4.25000      6.21753      7.07189      5.06974     44.00000
     4.27000      6.61646      7.19569      5.34299     44.00000
     4.29000      5.87040      7.06118      5.25292     44.00000
     4.31000      5.72196      6.88129      5.12489     44.00000
     4.33000      5.58279      6.87112      5.52842     44.00000
     4.35000      5.26914      6.83577      5.71846     44.00000
     4.37000      5.40129      7.05883      6.17193     44.00000
     4.39000      5.05500      6.96574      6.23608     44.00000
     4.41000      4.98100      7.07021      6.45446     44.00000
     4.43000      4.76781      6.76299      6.36963     44.00000
     4.45000      4.74094      6.82741      6.88039     44.00000
     4.47000      4.71224      7.02493      7.16633     44.00000
     4.49000      4.39840      7.04435      7.22163     44.00000
     4.51000      4.35325      7.15375      7.85100     44.00000
     4.53000      4.36827      6.61331      5.76771     43.00000
     4.55000      4.66959      6.44401      5.22368     43.00000
     4.57000      4.70704      6.22016      5.27716     43.00000
     4.59000      4.55321      6.50436      5.66094     43.00000
     4.61000      4.33893      6.29627      4.96512     43.00000
     4.63000      4.62707      5.94246      4.32592     43.00000
     4.65000      4.69783      6.05029      4.59879     43.00000
     4.67000      4.73918      5.83576      4.48286     43.00000
     4.69000      4.63975      5.79163      4.46351     43.00000
     4.71000      4.57950      5.77610      4.47398     43.00000
     4.73000      4.61714      5.84280      4.57282     43.00000
     4.75000      4.63543      5.83551      4.49954     43.00000
     4.77000      4.80225      5.88662      4.39755     43.00000
     4.79000      4.96307      6.13423      4.70514     43.00000
     4.81000      4.83215      5.93330      4.52349     42.00000
     4.83000      5.25486      6.35595      4.61333     43.00000
     4.85000      5.47433      6.37833      4.79452     43.00000
     4.87000      5.25971      6.25297      4.57296     43.00000
     4.89000      5.36791      6.16106      4.44372     43.00000
     4.91000      4.97161      6.11956      4.22625     43.00000
     4.93000      5.40143      6.24759      4.46265     43.00000
     4.95000      4.97750      6.20028      4.68179     43.00000
     4.97000      5.27489      6.32611      4.68882     42.00000
     4.99000      4.99172      6.10212      4.56476     42.00000
