    -1.99000      1.03892      1.41954      1.44797     38.00000
    -1.97000      0.95848      1.32592      1.00903     38.00000
    -1.95000      0.97186      1.50158      1.48990     38.00000
    -1.93000      1.00460      1.82348      2.39796     38.00000
    -1.91000      0.98877      1.89127      2.86416     38.00000
    -1.89000      1.00301      1.65800      2.52500     37.00000
    -1.87000      1.14153      1.29676      0.89087     37.00000
    -1.85000      1.01122      1.29278      0.84347     36.00000
    -1.83000      1.01578      1.37339      1.05495     35.00000
    -1.81000      1.09387      1.29559      0.94176     35.00000
    -1.79000      1.05631      1.36197      0.99113     36.00000
    -1.77000      1.07113      1.50911      1.49162     36.00000
    -1.75000      0.91648      1.27926      1.05548     35.00000
    -1.73000      1.02406      1.67505      3.14991     36.00000
    -1.71000      0.97853      1.55343      1.81001     36.00000
    -1.69000      0.98858      2.20382      5.47495     36.00000
    -1.67000      1.22321      1.67041      2.09139     36.00000
    -1.65000      1.14952      2.09490      4.07882     36.00000
    -1.63000      1.22524      2.06743      2.71113     36.00000
    -1.61000      1.07502      1.46827      1.21690     35.00000
    -1.59000      1.08439      1.39169      1.12395     35.00000
    -1.57000      0.99702      2.05361      3.99286     36.00000
    -1.55000      1.20904      1.79893      2.75194     36.00000
    -1.53000      1.17919      1.65638      2.38307     37.00000
    -1.51000      1.17439      1.49920      1.56426     37.00000
    -1.49000      1.29997      1.36690      1.16477     37.00000
    -1.47000      1.19166      1.16921      0.62136     37.00000
    -1.45000      1.07827      1.25740      0.86969     37.00000
    -1.43000      1.04768      1.14213      0.73081     36.00000
    -1.41000      0.95038      1.21337      1.11697     37.00000
    -1.39000      1.10149      1.27846      0.96933     37.00000
    -1.37000      1.19911      1.28401      1.18763     37.00000
    -1.35000      1.13213      1.39620      1.20171     37.00000
    -1.33000      1.11328      1.74809      2.86233     37.00000
    -1.31000      0.92352      1.58242      1.78532     37.00000
    -1.29000      0.93714      1.86650      2.85690     37.00000
    -1.27000      1.02760      1.70588      2.15979     37.00000
    -1.25000      0.99776      1.69882      1.79332     37.00000
    -1.23000      1.05329      1.34232      0.96250     37.00000
    -1.21000      0.90804      1.31192      1.04462     38.00000
    -1.19000      1.00144      1.36163      1.07116     37.00000
    -1.17000      1.05432      1.47963      1.54689     37.00000
    -1.15000      1.13930      1.33445      0.97042     36.00000
    -1.13000      1.11126      1.73191      2.30750     36.00000
    -1.11000      1.22111      2.02365      3.26661     36.00000
    -1.09000      1.07779      1.92038      3.54158     35.00000
    -1.07000      1.01705      1.55719      1.97155     35.00000
    -1.05000      1.06713      1.80699      2.84843     35.00000
    -1.03000      1.14911      1.46801      1.55578     35.00000
    -1.01000      1.04574      1.57641      2.43209     35.00000
    -0.99000      0.80907      1.19045      1.04980     35.00000
    -0.97000      0.97756      1.13200      0.89562     35.00000
    -0.95000      1.12460      1.30347      1.24457     35.00000
    -0.93000      1.00668      1.30213      1.11614     35.00000
    -0.91000      1.04396      1.21255      1.15535     35.00000
    -0.89000      0.99794      1.07980      0.92949     36.00000
    -0.87000      0.80732      1.02973      0.91694     36.00000
    -0.85000      0.93183      1.13717      1.08766     38.00000
    -0.83000      0.97088      1.17265      1.10185     38.00000
    -0.81000      1.01815      1.19782      1.03306     37.00000
    -0.79000      0.95275      1.08718      0.80579     37.00000
    -0.77000      0.91232      1.22041      1.16237     36.00000
    -0.75000      0.94271      1.21938      1.10233     36.00000
    -0.73000      0.92451      1.27073      1.28478     37.00000
    -0.71000      0.91613      1.18007      1.09923     37.00000
    -0.69000      0.76376      1.21671      1.13420     37.00000
    -0.67000      0.85396      1.78026      3.15101     37.00000
    -0.65000      0.94528      1.29186      1.42274     37.00000
    -0.63000      0.91377      1.34321      1.43730     37.00000
    -0.61000      0.89254      1.14864      1.02125     37.00000
    -0.59000      0.80852      1.22029      1.32838     37.00000
    -0.57000      0.80220      1.09480      0.93201     39.00000
    -0.55000      0.81219      1.19470      1.25224     39.00000
    -0.53000      0.77759      1.47442      1.96555     39.00000
    -0.51000      0.75282      1.36094      1.98233     39.00000
    -0.49000      0.72755      2.04021      4.45782     40.00000
    -0.47000      0.78156      2.37042      5.30036     40.00000
    -0.45000      1.01205      2.97855      7.47322     40.00000
    -0.43000      0.97238      1.33136      1.36099     40.00000
    -0.41000      0.82929      1.03180      0.99488     40.00000
    -0.39000      0.79488      2.06540      5.98710     40.00000
    -0.37000      0.74784      1.23789      1.53505     40.00000
    -0.35000      0.84729      1.24422      1.32671     40.00000
    -0.33000      0.79151      1.46185      1.89703     40.00000
    -0.31000      0.84392      2.00463      3.46267     40.00000
    -0.29000      0.56589      1.40452      1.78292     40.00000
    -0.27000      0.81091      1.50936      1.90287     40.00000
    -0.25000      0.78028      4.30174     18.34411     40.00000
    -0.23000      0.65660      1.65417      2.46352     40.00000
    -0.21000      0.82396      1.77906      3.03262     40.00000
    -0.19000      0.72007      2.37762      5.96724     40.00000
    -0.17000      0.80917      1.97310      4.62793     40.00000
    -0.15000      0.81645      1.56824      2.49842     40.00000
    -0.13000      0.57053      1.78393      3.11584     40.00000
    -0.11000      0.73603      1.45858      1.93634     40.00000
    -0.09000      0.80819      1.19375      1.40445     40.00000
    -0.07000      0.65727      1.22469      1.63098     40.00000
    -0.05000      0.63334      1.12154      1.39189     40.00000
    -0.03000      0.65096      1.13887      1.19993     40.00000
    -0.01000      0.53771      0.96609      1.29789     39.00000
     0.01000      0.55194      0.79418      0.95589     40.00000
     0.03000      0.43702      0.93984      1.27180     40.00000
     0.05000      0.37448      1.05997      2.95164     40.00000
     0.07000      0.31413      0.50622      0.60685     40.00000
     0.09000      0.30778      0.39014      0.32326     40.00000
     0.11000      0.28749      0.35436      0.32444     40.00000
     0.13000      0.23934      0.34361      0.36086     40.00000
     0.15000      0.25005      0.30681      0.28583     40.00000
     0.17000      0.23150      0.31177      0.33004     40.00000
     0.19000      0.23385      0.31148      0.29063     40.00000
     0.21000      0.20461      0.28239      0.26616     40.00000
     0.23000      0.16499      0.28525      0.26619     40.00000
     0.25000      0.18513      0.30358      0.31506     39.00000
     0.27000      0.21004      0.25502      0.23686     39.00000
     0.29000      0.21901      0.23760      0.20200     39.00000
     0.31000      0.20803      0.23018      0.18928     39.00000
     0.33000      0.19041      0.22218      0.17341     40.00000
     0.35000      0.15960      0.21760      0.17000     40.00000
     0.37000      0.19557      0.22484      0.18217     40.00000
     0.39000      0.20041      0.23320      0.19476     40.00000
     0.41000      0.17950      0.26072      0.27169     40.00000
     0.43000      0.18484      0.26273      0.28404     40.00000
     0.45000      0.18469      0.25238      0.23985     40.00000
     0.47000      0.19780      0.28021      0.31905     40.00000
     0.49000      0.19408      0.27420      0.30047     40.00000
     0.51000      0.20046      0.27450      0.31537     40.00000
     0.53000      0.19892      0.27489      0.25573     40.00000
     0.55000      0.21130      0.27289      0.22593     40.00000
     0.57000      0.21175      0.26326      0.20582     40.00000
     0.59000      0.21093      0.26531      0.20546     40.00000
     0.61000      0.20588      0.24810      0.17085     40.00000
     0.63000      0.21515      0.27158      0.23563     40.00000
     0.65000      0.20483      0.29329      0.28943     40.00000
     0.67000      0.21293      0.28024      0.23840     40.00000
     0.69000      0.20092      0.28632      0.24464     40.00000
     0.71000      0.20766      0.30119      0.26958     40.00000
     0.73000      0.19503      0.31782      0.33552     40.00000
     0.75000      0.21300      0.34559      0.45285     40.00000
     0.77000      0.21674      0.37206      0.57242     40.00000
     0.79000      0.23121      0.37191      0.44912     40.00000
     0.81000      0.22403      0.36788      0.41932     40.00000
     0.83000      0.20906      0.39391      0.48033     40.00000
     0.85000      0.21389      0.48199      0.63632     40.00000
     0.87000      0.23915      0.39045      0.36527     40.00000
     0.89000      0.26182      0.36194      0.30941     40.00000
     0.91000      0.24196      0.36509      0.39411     40.00000
     0.93000      0.25934      0.40872      0.51705     39.00000
     0.95000      0.30402      0.42939      0.41205     39.00000
     0.97000      0.32164      0.44480      0.43802     40.00000
     0.99000      0.38277      0.55041      0.51739     40.00000
     1.01000      0.44317      0.71667      0.85344     40.00000
     1.03000      0.45868      1.00566      1.74607     40.00000
     1.05000      0.53957      1.44117      3.69385     40.00000
     1.07000      0.56263      1.45400      3.73557     40.00000
     1.09000      0.52680      1.50268      4.33170     40.00000
     1.11000      0.51811      1.37038      3.35581     40.00000
     1.13000      0.57160      1.96556      5.40584     40.00000
     1.15000      0.60008      1.27606      2.01300     40.00000
     1.17000      0.65937      1.28458      1.70553     40.00000
     1.19000      0.58565      1.11566      1.54010     40.00000
     1.21000      0.62872      1.53704      2.41950     40.00000
     1.23000      0.65308      1.25358      1.62994     39.00000
     1.25000      0.68439      1.10344      1.26490     39.00000
     1.27000      0.65696      1.00648      1.06079     39.00000
     1.29000      0.79366      1.13420      1.42248     39.00000
     1.31000      0.80661      1.14225      1.32774     39.00000
     1.33000      0.74279      1.12371      1.47488     39.00000
     1.35000      0.63987      1.07446      1.37757     39.00000
     1.37000      0.57727      1.19245      1.58074     39.00000
     1.39000      0.64545      1.34455      2.19585     38.00000
     1.41000      0.64682      1.44716      2.44700     38.00000
     1.43000      0.66575      1.44659      1.90838     38.00000
     1.45000      0.68443      1.46630      1.88447     38.00000
     1.47000      1.00550      1.61540      2.53324     38.00000
     1.49000      0.90342      1.38215      1.77236     38.00000
     1.51000      0.78277      1.63224      2.65426     38.00000
     1.53000      0.72179      1.27570      1.54282     38.00000
     1.55000      0.83864      1.48404      1.86422     37.00000
     1.57000      0.70704      1.29776      1.64170     37.00000
     1.59000      0.77748      1.59068      2.35876     38.00000
     1.61000      0.80074      1.18469      1.45420     38.00000
     1.63000      0.65624      1.09817      1.46153     38.00000
     1.65000      0.75351      1.26437      2.04626     38.00000
     1.67000      0.66108      1.17804      1.37224     38.00000
     1.69000      0.78877      1.09235      1.26548     38.00000
     1.71000      0.73284      1.17037      1.35579     38.00000
     1.73000      0.74287      1.10750      1.38485     38.00000
     1.75000      0.57214      1.11232      1.39479     38.00000
     1.77000      0.66675      1.77046      4.66214     38.00000
     1.79000      0.72245      1.76562      3.31823     38.00000
     1.81000      0.92569      1.72235      2.84312     39.00000
     1.83000      0.85234      1.31171      1.53451     40.00000
     1.85000      0.74059      1.56539      2.41617     39.00000
     1.87000      0.79833      1.95649      3.83304     39.00000
     1.89000      0.68829      1.35200      2.46501     39.00000
     1.91000      0.77841      1.31784      1.88066     39.00000
     1.93000      0.77700      1.40648      2.09457     39.00000
     1.95000      0.73858      1.76638      3.83553     40.00000
     1.97000      0.80755      1.78468      3.39246     40.00000
     1.99000      0.80091      1.76488      2.99172     40.00000
     2.01000      0.71781      1.57043      2.69669     39.00000
     2.03000      0.84819      3.41787     13.03607     39.00000
     2.05000      0.72358      1.79212      3.36497     38.00000
     2.07000      0.76783      1.37348      2.42732     38.00000
     2.09000      0.76816      1.15968      1.24141     38.00000
     2.11000      0.88389      1.31660      1.59069     38.00000
     2.13000      0.90898      1.42891      1.97714     38.00000
     2.15000      0.85881      1.58504      2.54022     39.00000
     2.17000      0.80129      1.73324      3.19834     40.00000
     2.19000      0.80427      2.85924      9.20413     40.00000
     2.21000      0.82805      2.58915      7.07385     40.00000
     2.23000      0.87895      2.93619      9.60439     40.00000
     2.25000      0.89736      1.46866      1.72556     40.00000
     2.27000      0.96231      1.50135      1.82636     40.00000
     2.29000      0.94748      1.37815      1.64828     40.00000
     2.31000      0.98336      1.40342      1.29155     40.00000
     2.33000      1.00084      1.38321      1.29089     40.00000
     2.35000      1.17520      1.48001      1.46023     40.00000
     2.37000      1.12916      1.20440      0.82268     40.00000
     2.39000      1.14103      1.25464      0.94003     40.00000
     2.41000      1.24277      1.35036      1.01006     40.00000
     2.43000      1.20080      1.44472      1.23836     40.00000
     2.45000      1.18871      1.66892      2.21971     40.00000
     2.47000      1.16945      1.39884      1.14728     40.00000
     2.49000      1.12706      1.34574      1.11043     40.00000
     2.51000      0.98640      1.40223      1.15795     40.00000
     2.53000      1.02934      1.49208      1.27967     40.00000
     2.55000      1.02041      1.52039      1.51401     40.00000
     2.57000      1.08709      2.08705      3.66549     40.00000
     2.59000      1.14009      1.87434      2.96533     40.00000
     2.61000      1.16714      1.72380      1.52861     40.00000
     2.63000      1.10013      1.67507      1.57182     40.00000
     2.65000      1.17247      1.67542      1.60435     40.00000
     2.67000      1.09126      1.61871      1.42232     39.00000
     2.69000      1.23933      1.99726      2.23977     40.00000
     2.71000      1.12689      1.77369      1.68613     40.00000
     2.73000      1.12947      1.62954      1.37991     40.00000
     2.75000      1.09062      1.71732      1.61058     40.00000
     2.77000      1.07060      1.65362      1.77664     40.00000
     2.79000      1.21288      1.83720      2.08618     39.00000
     2.81000      1.25447      2.41555      4.61044     39.00000
     2.83000      1.10185      1.75992      2.16903     39.00000
     2.85000      1.09456      1.57890      1.77826     38.00000
     2.87000      1.04997      1.38459      1.24489     38.00000
     2.89000      1.05326      1.33716      1.02974     38.00000
     2.91000      1.09174      1.28154      0.96810     38.00000
     2.93000      1.13133      1.52341      1.52519     39.00000
     2.95000      1.12322      1.62119      2.10996     38.00000
     2.97000      1.16288      1.38570      1.19568     39.00000
     2.99000      1.12379      1.31221      0.97292     39.00000
     3.01000      1.11671      1.31218      0.98910     39.00000
     3.03000      1.19269      1.25532      0.86472     39.00000
     3.05000      1.10063      1.36014      0.94817     39.00000
     3.07000      1.16979      1.35743      0.89292     39.00000
     3.09000      1.10212      1.25454      0.74818     39.00000
     3.11000      1.07184      1.24530      0.85579     39.00000
     3.13000      1.06823      1.13985      0.69533     38.00000
     3.15000      1.06609      1.23033      0.84727     38.00000
     3.17000      1.29139      1.34625      0.97626     38.00000
     3.19000      1.35927      1.62741      1.50652     39.00000
     3.21000      1.31955      1.82765      1.90743     39.00000
     3.23000      1.20276      2.02424      2.61322     39.00000
     3.25000      1.25965      2.13064      3.03052     39.00000
     3.27000      1.25309      1.73248      1.98504     38.00000
     3.29000      1.17351      1.74451      2.80148     37.00000
     3.31000      1.17559      1.59644      1.39291     38.00000
     3.33000      1.30680      1.58361      1.48648     38.00000
     3.35000      1.31403      1.82817      2.16295     38.00000
     3.37000      1.20121      1.79431      2.43273     38.00000
     3.39000      1.13001      1.56972      1.69061     38.00000
     3.41000      1.22135      1.44385      1.16386     38.00000
     3.43000      1.07469      1.30393      0.98110     38.00000
     3.45000      1.01225      1.66144      2.97655     38.00000
     3.47000      1.01675      3.56462     14.32120     38.00000
     3.49000      1.05347      1.65983      2.66185     38.00000
     3.51000      1.10134      2.00691      4.89357     38.00000
     3.53000      1.07884      1.63278      2.82007     38.00000
     3.55000      1.25308      1.43059      1.40840     38.00000
     3.57000      1.32095      1.47451      1.21250     38.00000
     3.59000      1.27250      1.43053      0.95091     38.00000
     3.61000      1.28676      1.38295      0.95635     38.00000
     3.63000      1.17361      1.34087      0.99354     38.00000
     3.65000      1.17327      1.35748      0.88423     38.00000
     3.67000      1.26809      2.05632      4.24937     38.00000
     3.69000      1.20971      2.22764      5.90606     38.00000
     3.71000      1.23305      1.48141      1.80748     38.00000
     3.73000      1.16833      1.30205      0.90012     38.00000
     3.75000      1.06263      1.23538      0.72072     38.00000
     3.77000      1.13586      1.27278      0.77857     38.00000
     3.79000      1.20118      1.34722      0.87519     38.00000
     3.81000      1.03501      1.32609      0.93083     38.00000
     3.83000      1.14785      1.65194      1.85159     39.00000
     3.85000      1.33636      1.65439      1.46424     39.00000
     3.87000      1.25687      1.35263      0.80645     39.00000
     3.89000      1.08184      1.29792      0.85952     38.00000
     3.91000      1.32067      1.35057      0.86238     39.00000
     3.93000      1.25651      1.35031      0.74943     39.00000
     3.95000      1.36584      1.48392      1.05736     39.00000
     3.97000      1.23324      1.50863      1.13642     39.00000
     3.99000      1.28947      1.53365      1.36346     39.00000
     4.01000      1.21293      1.28296      0.79418     39.00000
     4.03000      1.05341      1.30957      1.10150     39.00000
     4.05000      1.07449      1.33145      1.13316     39.00000
     4.07000      1.13706      1.38421      1.25599     38.00000
     4.09000      1.10580      1.29599      0.91539     38.00000
     4.11000      1.05237      1.36703      1.33931     38.00000
     4.13000      1.12434      1.71559      3.01126     38.00000
     4.15000      1.05046      1.26945      1.01066     38.00000
     4.17000      1.16924      1.53806      1.98219     38.00000
     4.19000      1.10985      1.28234      1.17603     39.00000
     4.21000      1.07530      1.20493      0.79471     39.00000
     4.23000      1.08996      1.28852      0.93189     39.00000
     4.25000      1.25969      1.30094      0.84418     39.00000
     4.27000      1.07747      1.21396      0.84738     39.00000
     4.29000      1.07460      1.26878      0.84297     39.00000
     4.31000      1.24651      1.50107      1.77796     38.00000
     4.33000      1.21247      1.36615      1.36427     38.00000
     4.35000      1.02865      1.35946      1.47261     38.00000
     4.37000      1.00456      1.41143      1.45434     38.00000
     4.39000      1.09388      1.54432      1.42139     38.00000
     4.41000      1.09782      1.48456      1.37841     38.00000
     4.43000      1.03671      1.60260      1.73244     38.00000
     4.45000      1.03076      1.50553      1.41731     38.00000
     4.47000      1.01615      1.68723      2.06918     38.00000
     4.49000      0.98306      1.61249      1.65894     38.00000
     4.51000      1.00712      1.41670      1.18264     38.00000
     4.53000      1.02385      1.38803      1.10717     38.00000
     4.55000      1.09660      1.27124      0.96141     37.00000
     4.57000      1.03043      1.17409      0.85203     36.00000
     4.59000      1.06049      1.21597      0.85303     36.00000
     4.61000      0.93187      1.20436      0.95980     35.00000
     4.63000      0.96288      1.17893      0.92493     35.00000
     4.65000      1.01629      1.15237      0.85594     34.00000
     4.67000      1.03948      1.20872      0.94054     34.00000
     4.69000      1.04777      1.24473      0.92682     34.00000
     4.71000      0.98236      1.27182      1.00479     34.00000
     4.73000      1.05626      1.28193      0.96874     34.00000
     4.75000      1.07105      1.26923      0.88614     34.00000
     4.77000      0.98984      1.25154      0.98917     34.00000
     4.79000      1.00546      1.15041      0.84338     34.00000
     4.81000      0.91326      1.07957      0.77297     34.00000
     4.83000      0.86280      1.10110      0.84281     34.00000
     4.85000      0.87714      1.16683      0.86671     35.00000
     4.87000      0.95438      1.19199      0.83989     34.00000
     4.89000      0.94766      1.35131      1.23029     35.00000
     4.91000      0.88947      1.15350      0.85588     35.00000
     4.93000      0.89896      1.15095      1.07030     35.00000
     4.95000      0.79127      1.17601      1.36427     35.00000
     4.97000      0.79006      1.38571      1.92500     35.00000
     4.99000      0.86592      1.11686      0.92798     35.00000
