    -1.99000      1.17758      2.27052      2.68935     13.00000
    -1.97000      1.17030      2.03617      2.14996     13.00000
    -1.95000      1.13051      1.38350      1.00222     13.00000
    -1.93000      1.07985      1.39164      1.12680     13.00000
    -1.91000      1.09399      1.44766      1.02614     13.00000
    -1.89000      1.08550      1.67297      1.24450     13.00000
    -1.87000      1.05667      1.33963      0.92947     13.00000
    -1.85000      0.92591      1.07144      0.61918     13.00000
    -1.83000      0.82216      0.95275      0.59706     13.00000
    -1.81000      0.96548      1.08650      0.93088     13.00000
    -1.79000      0.89763      0.93424      0.60362     13.00000
    -1.77000      0.90121      0.97041      0.48575     13.00000
    -1.75000      0.99924      1.03314      0.69379     13.00000
    -1.73000      0.87764      0.97547      0.56780     13.00000
    -1.71000      0.78441      1.12308      1.03906     13.00000
    -1.69000      0.99795      0.97939      0.67379     13.00000
    -1.67000      0.74937      0.86831      0.41703     13.00000
    -1.65000      0.75856      0.88888      0.47388     13.00000
    -1.63000      1.11222      0.89024      0.41694     13.00000
    -1.61000      0.79095      0.93135      0.48213     13.00000
    -1.59000      0.88995      0.89436      0.43907     13.00000
    -1.57000      0.92103      0.95660      0.50632     13.00000
    -1.55000      1.03797      0.97677      0.55563     13.00000
    -1.53000      0.87835      0.95460      0.49024     13.00000
    -1.51000      0.86679      1.07157      0.68448     13.00000
    -1.49000      1.01293      1.05569      0.53517     13.00000
    -1.47000      1.13611      1.10663      0.46718     13.00000
    -1.45000      1.00709      1.14045      0.69252     13.00000
    -1.43000      0.94813      1.09695      0.67177     13.00000
    -1.41000      1.03243      2.38878      4.95275     13.00000
    -1.39000      1.08449      1.10958      0.64199     13.00000
    -1.37000      1.11444      1.10491      0.56933     13.00000
    -1.35000      1.14669      1.10616      0.49000     13.00000
    -1.33000      1.18643      1.12137      0.56341     13.00000
    -1.31000      1.20301      1.17919      0.62083     13.00000
    -1.29000      1.09237      1.25269      0.67281     13.00000
    -1.27000      1.16146      1.12476      0.44525     13.00000
    -1.25000      0.98606      1.12020      0.53075     13.00000
    -1.23000      1.05005      1.18857      0.62973     13.00000
    -1.21000      1.28415      1.32008      0.90974     13.00000
    -1.19000      1.24579      1.40710      1.10120     13.00000
    -1.17000      1.17257      1.53346      1.52948     13.00000
    -1.15000      1.23436      1.80059      1.73609     13.00000
    -1.13000      1.05403      1.51247      1.33135     13.00000
    -1.11000      1.08693      1.52008      1.40271     13.00000
    -1.09000      1.16200      1.96044      2.08702     13.00000
    -1.07000      1.14561      1.80238      1.94965     13.00000
    -1.05000      1.18745      1.42701      1.23977     13.00000
    -1.03000      1.06279      1.46507      1.40734     13.00000
    -1.01000      1.01736      1.71921      2.17108     13.00000
    -0.99000      1.14417      1.38369      1.17437     13.00000
    -0.97000      1.14666      2.81612      5.99628     13.00000
    -0.95000      1.00675      1.39751      1.50094     13.00000
    -0.93000      0.94543      1.90255      3.05498     13.00000
    -0.91000      0.75864      2.68106      5.55982     13.00000
    -0.89000      0.77611      1.52210      1.94668     13.00000
    -0.87000      0.78601      1.54065      1.87751     13.00000
    -0.85000      0.89357      1.54110      1.75006     13.00000
    -0.83000      1.00520      1.46418      1.88037     13.00000
    -0.81000      0.84648      1.57551      2.00370     13.00000
    -0.79000      0.85048      1.29881      1.14240     13.00000
    -0.77000      0.98319      1.11708      0.72327     13.00000
    -0.75000      0.80719      1.04743      0.68792     13.00000
    -0.73000      0.90413      1.04267      0.51865     13.00000
    -0.71000      0.80085      0.92582      0.48827     13.00000
    -0.69000      0.80183      1.00334      0.68135     13.00000
    -0.67000      0.80328      0.95962      0.64164     13.00000
    -0.65000      0.90188      0.95860      0.56230     13.00000
    -0.63000      0.95494      1.09279      0.79453     13.00000
    -0.61000      0.97685      1.01793      0.57699     13.00000
    -0.59000      0.85074      0.87512      0.46976     13.00000
    -0.57000      0.65791      0.74731      0.35602     13.00000
    -0.55000      0.82518      0.81223      0.34035     13.00000
    -0.53000      0.74019      0.83829      0.34824     13.00000
    -0.51000      0.93781      0.84894      0.35949     13.00000
    -0.49000      0.82466      0.79963      0.41069     13.00000
    -0.47000      0.92372      0.74480      0.37981     13.00000
    -0.45000      0.52563      0.73090      0.41999     13.00000
    -0.43000      0.55991      0.76164      0.44170     13.00000
    -0.41000      0.60222      0.85516      0.62982     13.00000
    -0.39000      0.69120      0.74573      0.44482     13.00000
    -0.37000      0.76082      0.98118      0.97343     13.00000
    -0.35000      0.86517      1.84525      3.74033     13.00000
    -0.33000      0.73475      1.45496      2.49974     13.00000
    -0.31000      0.68658      1.32766      2.00202     13.00000
    -0.29000      0.65385      1.27386      1.81434     13.00000
    -0.27000      0.71173      1.91988      2.86063     13.00000
    -0.25000      0.54958      3.21424      7.83508     13.00000
    -0.23000      0.53204      1.81764      3.49094     13.00000
    -0.21000      0.57753      1.21491      1.54323     13.00000
    -0.19000      0.98089      1.33149      1.65880     13.00000
    -0.17000      1.10040      1.13536      1.04637     13.00000
    -0.15000      1.01601      1.53724      2.47502     13.00000
    -0.13000      0.64210      1.45787      2.64352     13.00000
    -0.11000      0.64785      1.54477      3.12562     13.00000
    -0.09000      0.52564      1.56434      3.24408     13.00000
    -0.07000      0.62639      1.43630      2.61231     13.00000
    -0.05000      0.72575      0.86620      0.80407     13.00000
    -0.03000      0.71096      0.74537      0.45020     13.00000
    -0.01000      0.52318      0.61887      0.33272     13.00000
     0.01000      0.54623      0.65252      0.38424     13.00000
     0.03000      0.57546      0.85249      0.90983     13.00000
     0.05000      0.56172      0.75649      0.63258     12.00000
     0.07000      0.48858      0.75646      0.67988     13.00000
     0.09000      0.43319      0.79189      0.63361     13.00000
     0.11000      0.51163      0.87786      0.71318     13.00000
     0.13000      0.62515      0.80031      0.66848     13.00000
     0.15000      0.55846      0.74221      0.68222     13.00000
     0.17000      0.59870      0.68222      0.42964     13.00000
     0.19000      0.50995      0.71493      0.54705     13.00000
     0.21000      0.72431      0.78722      0.54290     13.00000
     0.23000      0.79671      0.91164      0.68060     13.00000
     0.25000      0.71070      0.87543      0.64825     13.00000
     0.27000      0.63912      0.71284      0.50932     13.00000
     0.29000      0.67326      0.68339      0.36564     13.00000
     0.31000      0.70110      0.72034      0.44246     13.00000
     0.33000      0.62427      0.79802      0.66098     13.00000
     0.35000      0.67018      0.85885      0.68902     13.00000
     0.37000      0.49178      0.73462      0.59054     13.00000
     0.39000      0.48672      0.70946      0.54976     13.00000
     0.41000      0.69693      0.82434      0.62075     13.00000
     0.43000      0.78060      0.92703      0.64775     13.00000
     0.45000      0.75065      0.78340      0.54363     13.00000
     0.47000      0.58789      0.74745      0.51931     13.00000
     0.49000      0.74046      1.11079      1.33805     13.00000
     0.51000      0.40951      0.93173      1.10959     13.00000
     0.53000      0.70796      0.77586      0.66529     13.00000
     0.55000      0.57965      0.72833      0.52084     13.00000
     0.57000      0.48891      0.59810      0.40833     13.00000
     0.59000      0.56532      0.61198      0.43886     13.00000
     0.61000      0.56824      0.63980      0.47204     13.00000
     0.63000      0.59527      0.65775      0.48159     13.00000
     0.65000      0.65466      0.63912      0.42656     13.00000
     0.67000      0.44246      0.60222      0.50259     13.00000
     0.69000      0.38999      0.62088      0.57372     13.00000
     0.71000      0.31727      0.56301      0.55843     13.00000
     0.73000      0.41360      0.53315      0.48702     13.00000
     0.75000      0.37818      0.52893      0.46195     13.00000
     0.77000      0.42585      0.48060      0.37579     13.00000
     0.79000      0.24103      0.36969      0.32093     13.00000
     0.81000      0.36813      0.36151      0.24782     13.00000
     0.83000      0.31373      0.43918      0.42043     12.00000
     0.85000      0.35823      0.35687      0.30372     12.00000
     0.87000      0.26441      0.28442      0.18975     12.00000
     0.89000      0.18788      0.30730      0.22338     13.00000
     0.91000      0.26931      0.30561      0.21891     13.00000
     0.93000      0.34490      0.90000      2.04086     13.00000
     0.95000      0.38155      0.48719      0.52623     13.00000
     0.97000      0.25665      0.35262      0.31127     13.00000
     0.99000      0.23994      0.31986      0.26470     13.00000
     1.01000      0.25146      0.30098      0.23550     13.00000
     1.03000      0.23137      0.28588      0.22528     13.00000
     1.05000      0.19835      0.32461      0.39530     13.00000
     1.07000      0.16474      0.31817      0.39947     13.00000
     1.09000      0.16294      0.25827      0.25452     13.00000
     1.11000      0.17141      0.25985      0.25892     13.00000
     1.13000      0.18227      0.25828      0.23679     13.00000
     1.15000      0.20761      0.21776      0.18911     13.00000
     1.17000      0.20149      0.23011      0.22260     13.00000
     1.19000      0.22842      0.23198      0.20673     13.00000
     1.21000      0.19407      0.21635      0.18861     13.00000
     1.23000      0.14985      0.17826      0.15002     13.00000
     1.25000      0.10377      0.15348      0.11702     13.00000
     1.27000      0.13909      0.15758      0.11807     13.00000
     1.29000      0.09347      0.15718      0.13349     13.00000
     1.31000      0.09803      0.18198      0.19366     13.00000
     1.33000      0.11355      0.19997      0.22426     13.00000
     1.35000      0.07867      0.17897      0.24287     13.00000
     1.37000      0.04819      0.15101      0.24576     13.00000
     1.39000      0.05238      0.16390      0.23292     13.00000
     1.41000      0.06646      0.16106      0.22547     13.00000
     1.43000      0.06418      0.16692      0.23197     13.00000
     1.45000      0.04802      0.15387      0.20328     12.00000
     1.47000      0.05081      0.15599      0.19977     12.00000
     1.49000      0.05086      0.16937      0.22760     12.00000
     1.51000      0.05465      0.18169      0.24526     12.00000
     1.53000      0.05387      0.19836      0.28485     12.00000
     1.55000      0.06140      0.19607      0.26310     12.00000
     1.57000      0.06990      0.21393      0.31006     12.00000
     1.59000      0.07226      0.20334      0.27986     12.00000
     1.61000      0.07363      0.14792      0.17876     12.00000
     1.63000      0.08237      0.14151      0.15585     12.00000
     1.65000      0.09111      0.12372      0.11444     12.00000
     1.67000      0.07159      0.12615      0.12094     12.00000
     1.69000      0.07970      0.12661      0.12029     12.00000
     1.71000      0.06723      0.12840      0.11698     12.00000
     1.73000      0.06073      0.15718      0.20713     12.00000
     1.75000      0.06893      0.26339      0.42427     12.00000
     1.77000      0.07485      0.29249      0.52439     12.00000
     1.79000      0.07886      0.22928      0.34037     12.00000
     1.81000      0.10661      0.26874      0.41087     12.00000
     1.83000      0.11103      0.26450      0.43510     12.00000
     1.85000      0.18322      0.23606      0.30663     12.00000
     1.87000      0.14890      0.20251      0.22188     12.00000
     1.89000      0.15689      0.19713      0.18097     12.00000
     1.91000      0.15721      0.18265      0.15570     12.00000
     1.93000      0.17091      0.19328      0.15265     12.00000
     1.95000      0.14671      0.19056      0.16848     12.00000
     1.97000      0.18508      0.18849      0.13668     12.00000
     1.99000      0.18880      0.19208      0.13784     12.00000
     2.01000      0.18160      0.18717      0.14895     12.00000
     2.03000      0.17572      0.17601      0.13264     12.00000
     2.05000      0.16532      0.17819      0.12437     12.00000
     2.07000      0.16804      0.18233      0.11965     12.00000
     2.09000      0.14319      0.15398      0.11328     12.00000
     2.11000      0.13157      0.14558      0.11065     12.00000
     2.13000      0.13951      0.14510      0.11792     12.00000
     2.15000      0.12525      0.13992      0.12622     12.00000
     2.17000      0.14225      0.14728      0.13677     12.00000
     2.19000      0.14165      0.14865      0.12411     12.00000
     2.21000      0.13759      0.15311      0.12966     12.00000
     2.23000      0.13436      0.16038      0.13789     12.00000
     2.25000      0.15822      0.17348      0.14837     12.00000
     2.27000      0.16197      0.15574      0.11886     12.00000
     2.29000      0.14471      0.16462      0.13169     12.00000
     2.31000      0.11019      0.15307      0.13389     12.00000
     2.33000      0.12354      0.16070      0.14721     12.00000
     2.35000      0.13553      0.17356      0.15032     12.00000
     2.37000      0.14618      0.19683      0.18730     12.00000
     2.39000      0.17175      0.19792      0.16780     12.00000
     2.41000      0.21684      0.22438      0.16001     12.00000
     2.43000      0.16803      0.30629      0.48987     12.00000
     2.45000      0.15941      0.24239      0.27890     12.00000
     2.47000      0.16126      0.23949      0.29903     12.00000
     2.49000      0.16438      0.15548      0.08652     12.00000
     2.51000      0.17463      0.18224      0.10169     12.00000
     2.53000      0.16279      0.19979      0.14069     12.00000
     2.55000      0.19923      0.23516      0.16456     12.00000
     2.57000      0.20657      0.29216      0.25705     12.00000
     2.59000      0.19727      0.21770      0.17006     12.00000
     2.61000      0.16759      0.19895      0.18622     13.00000
     2.63000      0.12014      0.19590      0.19415     13.00000
     2.65000      0.13310      0.27536      0.26460     13.00000
     2.67000      0.15810      0.36617      0.42987     13.00000
     2.69000      0.13365      0.32988      0.37962     13.00000
     2.71000      0.16069      0.51763      0.94245     13.00000
     2.73000      0.18454      0.31096      0.30438     13.00000
     2.75000      0.20538      0.33299      0.31025     13.00000
     2.77000      0.20366      0.27169      0.22464     13.00000
     2.79000      0.16456      0.28185      0.25509     13.00000
     2.81000      0.16277      0.33648      0.34719     13.00000
     2.83000      0.16720      0.35282      0.41325     13.00000
     2.85000      0.16508      0.35628      0.37967     13.00000
     2.87000      0.16090      0.35633      0.35834     13.00000
     2.89000      0.13766      0.35354      0.36021     13.00000
     2.91000      0.13016      0.37777      0.42193     13.00000
     2.93000      0.14917      0.39040      0.45831     13.00000
     2.95000      0.16241      0.39504      0.44865     13.00000
     2.97000      0.18660      0.33894      0.38650     13.00000
     2.99000      0.19496      0.35706      0.35802     13.00000
     3.01000      0.25597      0.44761      0.51448     13.00000
     3.03000      0.32475      0.50609      0.54670     13.00000
     3.05000      0.31543      0.59013      0.66857     13.00000
     3.07000      0.35663      0.74551      0.93412     13.00000
     3.09000      0.31412      0.68483      0.86588     13.00000
     3.11000      0.30576      0.73719      0.88811     13.00000
     3.13000      0.28533      0.91555      1.19129     13.00000
     3.15000      0.31283      0.95000      1.29541     13.00000
     3.17000      0.32226      0.76677      0.93767     13.00000
     3.19000      0.29143      0.98743      1.39626     13.00000
     3.21000      0.25499      0.87443      1.11159     13.00000
     3.23000      0.23431      0.87288      1.13498     13.00000
     3.25000      0.30575      0.80614      1.06798     13.00000
     3.27000      0.30545      0.91940      1.14822     12.00000
     3.29000      0.28235      0.87011      1.03130     12.00000
     3.31000      0.30347      0.77328      0.85239     12.00000
     3.33000      0.24072      0.89403      1.25291     13.00000
     3.35000      0.23304      0.98672      1.63383     13.00000
     3.37000      0.19002      0.82440      1.05796     13.00000
     3.39000      0.19923      0.89635      1.51423     13.00000
     3.41000      0.22550      0.48730      0.51406     13.00000
     3.43000      0.22640      0.41431      0.40838     13.00000
     3.45000      0.22163      0.40642      0.40416     13.00000
     3.47000      0.22572      0.43084      0.50364     13.00000
     3.49000      0.28799      0.41114      0.44247     13.00000
     3.51000      0.25421      0.37203      0.40293     13.00000
     3.53000      0.19538      0.39238      0.41152     13.00000
     3.55000      0.20661      0.35646      0.38627     13.00000
     3.57000      0.18424      0.34129      0.36344     13.00000
     3.59000      0.24126      0.36070      0.41715     13.00000
     3.61000      0.21011      0.36785      0.38590     13.00000
     3.63000      0.18629      0.38932      0.47270     13.00000
     3.65000      0.26176      0.41355      0.48960     13.00000
     3.67000      0.28556      0.43271      0.56136     13.00000
     3.69000      0.30205      0.40280      0.49684     13.00000
     3.71000      0.29088      0.40061      0.43871     13.00000
     3.73000      0.26996      0.39605      0.46247     13.00000
     3.75000      0.26563      0.44693      0.67776     13.00000
     3.77000      0.43537      0.56792      0.80442     13.00000
     3.79000      0.42094      0.53499      0.74973     13.00000
     3.81000      0.46048      0.77434      1.10197     13.00000
     3.83000      0.32766      0.64478      0.94849     13.00000
     3.85000      0.36343      1.18302      2.21180     13.00000
     3.87000      0.37406      1.19134      2.12631     13.00000
     3.89000      0.28609      0.57944      0.55196     13.00000
     3.91000      0.48710      0.59722      0.57559     13.00000
     3.93000      0.34268      0.60616      0.63032     13.00000
     3.95000      0.30734      0.64397      0.70781     13.00000
     3.97000      0.30412      0.65117      0.84014     13.00000
     3.99000      0.30457      0.53838      0.67143     13.00000
     4.01000      0.28913      0.51495      0.58149     13.00000
     4.03000      0.31162      0.46045      0.47912     13.00000
     4.05000      0.29335      0.43185      0.37876     13.00000
     4.07000      0.30011      0.41547      0.36262     13.00000
     4.09000      0.31907      0.46650      0.38999     13.00000
     4.11000      0.28740      0.59333      0.89244     13.00000
     4.13000      0.25315      0.46558      0.57248     13.00000
     4.15000      0.25504      0.46099      0.57560     13.00000
     4.17000      0.29632      0.43941      0.45753     13.00000
     4.19000      0.34145      0.47700      0.46761     13.00000
     4.21000      0.33542      0.52439      0.49235     13.00000
     4.23000      0.33809      0.57565      0.58095     13.00000
     4.25000      0.36035      0.59609      0.59567     13.00000
     4.27000      0.33767      0.58785      0.55814     13.00000
     4.29000      0.28928      0.57726      0.57638     13.00000
     4.31000      0.30417      0.57615      0.59637     13.00000
     4.33000      0.31269      0.56525      0.51022     13.00000
     4.35000      0.39877      0.55364      0.47990     13.00000
     4.37000      0.41806      0.62362      0.55158     13.00000
     4.39000      0.34306      0.67977      0.66640     13.00000
     4.41000      0.37122      0.81077      0.81915     13.00000
     4.43000      0.42597      0.77882      0.78647     13.00000
     4.45000      0.48170      0.77316      0.80317     13.00000
     4.47000      0.51205      0.78075      0.75081     13.00000
     4.49000      0.56255      0.83192      0.86537     13.00000
     4.51000      0.54654      1.10906      1.70600     13.00000
     4.53000      0.53185      0.77320      0.77332     13.00000
     4.55000      0.67379      0.91679      0.96221     13.00000
     4.57000      0.50609      0.71666      0.67337     13.00000
     4.59000      0.57203      0.65968      0.59987     13.00000
     4.61000      0.51275      0.75466      0.76246     13.00000
     4.63000      0.54696      0.83740      0.72203     13.00000
     4.65000      0.60603      0.83847      0.64938     13.00000
     4.67000      0.50901      0.81330      0.68009     13.00000
     4.69000      0.53917      0.83454      0.72692     13.00000
     4.71000      0.48558      1.01081      1.24030     13.00000
     4.73000      0.53083      1.32292      2.19137     13.00000
     4.75000      0.65298      0.95498      0.82891     13.00000
     4.77000      0.55067      0.81872      0.61166     13.00000
     4.79000      0.50078      0.77389      0.62655     13.00000
     4.81000      0.53260      0.81755      0.69360     13.00000
     4.83000      0.63433      0.88427      0.69606     13.00000
     4.85000      0.71213      0.87220      0.62082     13.00000
     4.87000      0.52522      1.02589      1.09343     13.00000
     4.89000      0.48206      0.89662      0.76545     13.00000
     4.91000      0.57426      0.87482      0.68297     13.00000
     4.93000      0.62985      0.84157      0.61600     13.00000
     4.95000      0.67356      0.82434      0.62676     13.00000
     4.97000      0.74002      0.95949      0.71907     13.00000
     4.99000      0.81571      0.93129      0.66423     13.00000
