    -1.99000      0.32214      0.32851      0.13028     18.00000
    -1.97000      0.32536      0.35301      0.16550     18.00000
    -1.95000      0.36267      0.43987      0.23463     18.00000
    -1.93000      0.33575      0.37981      0.16454     18.00000
    -1.91000      0.36152      0.35933      0.14636     18.00000
    -1.89000      0.31903      0.38995      0.19390     18.00000
    -1.87000      0.33963      0.38702      0.20547     18.00000
    -1.85000      0.35019      0.33600      0.15538     18.00000
    -1.83000      0.34748      0.35700      0.17125     18.00000
    -1.81000      0.36194      0.36198      0.15929     18.00000
    -1.79000      0.34498      0.37010      0.17972     18.00000
    -1.77000      0.40373      0.40568      0.18581     18.00000
    -1.75000      0.34964      0.37330      0.20771     18.00000
    -1.73000      0.30433      0.38731      0.20681     18.00000
    -1.71000      0.31069      0.34195      0.20038     18.00000
    -1.69000      0.25069      0.34286      0.22615     18.00000
    -1.67000      0.28808      0.36161      0.21970     18.00000
    -1.65000      0.26204      0.32300      0.17766     18.00000
    -1.63000      0.23179      0.32295      0.22706     18.00000
    -1.61000      0.24925      0.33602      0.24145     18.00000
    -1.59000      0.24414      0.31975      0.20130     18.00000
    -1.57000      0.26783      0.33677      0.19156     18.00000
    -1.55000      0.25764      0.31995      0.17965     18.00000
    -1.53000      0.25342      0.29947      0.15091     18.00000
    -1.51000      0.28781      0.32103      0.15391     18.00000
    -1.49000      0.31351      0.34906      0.15734     18.00000
    -1.47000      0.34689      0.35188      0.15471     18.00000
    -1.45000      0.28189      0.33161      0.13359     18.00000
    -1.43000      0.28900      0.32140      0.14332     18.00000
    -1.41000      0.31236      0.33447      0.16602     18.00000
    -1.39000      0.32407      0.34307      0.17206     18.00000
    -1.37000      0.33323      0.34382      0.14805     18.00000
    -1.35000      0.35477      0.37506      0.20061     18.00000
    -1.33000      0.30342      0.33591      0.14311     18.00000
    -1.31000      0.36074      0.36331      0.15705     18.00000
    -1.29000      0.35542      0.37327      0.18194     18.00000
    -1.27000      0.31271      0.35263      0.17164     18.00000
    -1.25000      0.30267      0.37744      0.22211     18.00000
    -1.23000      0.31190      0.33493      0.17849     18.00000
    -1.21000      0.32731      0.33734      0.15853     18.00000
    -1.19000      0.33370      0.35586      0.17222     18.00000
    -1.17000      0.30186      0.33694      0.15508     18.00000
    -1.15000      0.35043      0.34381      0.12706     18.00000
    -1.13000      0.34061      0.34330      0.13258     18.00000
    -1.11000      0.30621      0.32927      0.14393     18.00000
    -1.09000      0.29642      0.34986      0.15443     18.00000
    -1.07000      0.28375      0.33722      0.16573     18.00000
    -1.05000      0.30292      0.33971      0.16119     18.00000
    -1.03000      0.29778      0.34665      0.22468     18.00000
    -1.01000      0.29867      0.35325      0.29211     18.00000
    -0.99000      0.31306      0.35771      0.27188     18.00000
    -0.97000      0.30898      0.33615      0.19768     18.00000
    -0.95000      0.33101      0.38563      0.28429     18.00000
    -0.93000      0.35513      0.35798      0.22293     18.00000
    -0.91000      0.30500      0.36775      0.23537     18.00000
    -0.89000      0.28178      0.35013      0.20455     18.00000
    -0.87000      0.29422      0.37353      0.22158     18.00000
    -0.85000      0.33535      0.35176      0.17748     18.00000
    -0.83000      0.29112      0.30782      0.11761     18.00000
    -0.81000      0.32794      0.30199      0.08708     18.00000
    -0.79000      0.30719      0.30463      0.07938     18.00000
    -0.77000      0.30534      0.30881      0.09617     18.00000
    -0.75000      0.26689      0.28457      0.09391     18.00000
    -0.73000      0.32004      0.30205      0.12716     18.00000
    -0.71000      0.30244      0.29159      0.12638     18.00000
    -0.69000      0.31038      0.30996      0.13520     18.00000
    -0.67000      0.29023      0.31652      0.13838     18.00000
    -0.65000      0.31222      0.30260      0.12758     18.00000
    -0.63000      0.25431      0.31391      0.16299     18.00000
    -0.61000      0.31456      0.34077      0.19265     18.00000
    -0.59000      0.26439      0.31684      0.17646     18.00000
    -0.57000      0.25731      0.30794      0.20933     18.00000
    -0.55000      0.26827      0.32382      0.19184     18.00000
    -0.53000      0.28808      0.32776      0.16588     18.00000
    -0.51000      0.27900      0.34558      0.19828     18.00000
    -0.49000      0.27728      0.33006      0.17618     18.00000
    -0.47000      0.33314      0.34001      0.18005     18.00000
    -0.45000      0.32747      0.33394      0.12428     18.00000
    -0.43000      0.31313      0.34018      0.17041     18.00000
    -0.41000      0.29887      0.28827      0.08235     18.00000
    -0.39000      0.29990      0.33769      0.15593     18.00000
    -0.37000      0.29189      0.32347      0.14426     18.00000
    -0.35000      0.30927      0.31789      0.14290     18.00000
    -0.33000      0.32419      0.35854      0.14064     18.00000
    -0.31000      0.29453      0.32380      0.13217     18.00000
    -0.29000      0.30650      0.35341      0.19057     18.00000
    -0.27000      0.29776      0.34681      0.15485     18.00000
    -0.25000      0.27686      0.32331      0.14904     18.00000
    -0.23000      0.28377      0.32471      0.14566     18.00000
    -0.21000      0.32245      0.35701      0.13856     18.00000
    -0.19000      0.33177      0.33727      0.10838     18.00000
    -0.17000      0.27478      0.31943      0.12763     18.00000
    -0.15000      0.33238      0.36125      0.13174     18.00000
    -0.13000      0.34673      0.33965      0.12648     18.00000
    -0.11000      0.35450      0.37234      0.14554     18.00000
    -0.09000      0.35507      0.37687      0.13498     18.00000
    -0.07000      0.35681      0.37522      0.13734     18.00000
    -0.05000      0.37371      0.42907      0.17082     18.00000
    -0.03000      0.43425      0.51436      0.25680     18.00000
    -0.01000      0.53700      0.64676      0.37898     18.00000
     0.01000      0.87249      1.00737      0.64719     18.00000
     0.03000      0.70563      0.86779      0.44823     18.00000
     0.05000      0.91179      0.86860      0.43711     18.00000
     0.07000      0.72974      0.80084      0.38029     18.00000
     0.09000      0.75662      0.81273      0.38834     18.00000
     0.11000      0.80179      0.74395      0.28481     18.00000
     0.13000      0.65594      0.76365      0.37952     18.00000
     0.15000      0.69442      0.73417      0.33421     18.00000
     0.17000      0.54855      0.69127      0.37258     18.00000
     0.19000      0.68554      0.67553      0.31123     18.00000
     0.21000      0.63110      0.64939      0.27955     18.00000
     0.23000      0.64299      0.64455      0.28324     18.00000
     0.25000      0.65863      0.60221      0.26466     18.00000
     0.27000      0.54837      0.66278      0.39009     18.00000
     0.29000      0.55504      0.62549      0.32771     18.00000
     0.31000      0.59003      0.67545      0.42101     18.00000
     0.33000      0.53329      0.61168      0.32661     18.00000
     0.35000      0.49789      0.60612      0.31670     18.00000
     0.37000      0.58178      0.72509      0.53355     18.00000
     0.39000      0.63293      0.71149      0.35426     18.00000
     0.41000      0.64529      0.68576      0.35437     18.00000
     0.43000      0.45739      0.53171      0.35132     18.00000
     0.45000      0.42926      0.50146      0.26147     18.00000
     0.47000      0.52551      0.51980      0.18967     18.00000
     0.49000      0.53875      0.51618      0.20799     18.00000
     0.51000      0.45342      0.49725      0.22885     18.00000
     0.53000      0.51361      0.57926      0.29752     18.00000
     0.55000      0.51719      0.55768      0.21444     18.00000
     0.57000      0.52895      0.60189      0.27295     18.00000
     0.59000      0.66248      0.61267      0.23647     18.00000
     0.61000      0.50468      0.56388      0.28372     18.00000
     0.63000      0.57272      0.62724      0.35304     18.00000
     0.65000      0.54834      0.56389      0.27008     18.00000
     0.67000      0.51579      0.54956      0.27142     18.00000
     0.69000      0.41570      0.55290      0.34597     18.00000
     0.71000      0.42852      0.54873      0.34949     18.00000
     0.73000      0.44499      0.51720      0.25710     18.00000
     0.75000      0.44498      0.55042      0.34370     18.00000
     0.77000      0.46903      0.52888      0.33721     18.00000
     0.79000      0.38113      0.46708      0.24946     18.00000
     0.81000      0.37024      0.39691      0.17286     18.00000
     0.83000      0.34249      0.50563      0.30990     18.00000
     0.85000      0.53009      0.64871      0.36285     18.00000
     0.87000      0.45895      0.55690      0.26650     18.00000
     0.89000      0.50450      0.50007      0.22699     18.00000
     0.91000      0.53334      0.54846      0.24574     18.00000
     0.93000      0.53533      0.52266      0.23339     18.00000
     0.95000      0.40257      0.50697      0.36601     18.00000
     0.97000      0.50268      0.53505      0.30814     18.00000
     0.99000      0.41205      0.60888      0.46342     18.00000
     1.01000      0.32658      0.49657      0.34378     18.00000
     1.03000      0.35339      0.49975      0.47221     18.00000
     1.05000      0.32765      0.38464      0.20915     18.00000
     1.07000      0.33457      0.39414      0.23143     18.00000
     1.09000      0.31385      0.38248      0.21338     18.00000
     1.11000      0.36291      0.41397      0.27176     18.00000
     1.13000      0.37837      0.39830      0.21627     18.00000
     1.15000      0.35083      0.39461      0.15242     18.00000
     1.17000      0.37921      0.39511      0.16621     18.00000
     1.19000      0.31554      0.36552      0.17120     18.00000
     1.21000      0.31918      0.40911      0.26277     18.00000
     1.23000      0.33291      0.40187      0.29025     18.00000
     1.25000      0.26995      0.34770      0.21630     18.00000
     1.27000      0.38833      0.37816      0.14803     18.00000
     1.29000      0.31633      0.36459      0.16123     18.00000
     1.31000      0.29787      0.35053      0.19640     18.00000
     1.33000      0.29231      0.31900      0.10472     18.00000
     1.35000      0.30190      0.38927      0.33749     18.00000
     1.37000      0.29208      0.35791      0.19202     18.00000
     1.39000      0.28414      0.32075      0.11678     18.00000
     1.41000      0.29287      0.31695      0.12202     18.00000
     1.43000      0.31163      0.34776      0.12047     18.00000
     1.45000      0.25195      0.27058      0.07474     18.00000
     1.47000      0.24626      0.30404      0.15990     18.00000
     1.49000      0.27256      0.34406      0.17035     18.00000
     1.51000      0.28888      0.40139      0.27259     18.00000
     1.53000      0.30366      0.36309      0.23879     18.00000
     1.55000      0.26263      0.38102      0.29947     18.00000
     1.57000      0.34528      0.38449      0.22693     18.00000
     1.59000      0.32150      0.37992      0.22134     18.00000
     1.61000      0.38265      0.36429      0.18170     18.00000
     1.63000      0.33751      0.31015      0.13103     18.00000
     1.65000      0.27319      0.33379      0.18251     18.00000
     1.67000      0.28604      0.30321      0.13947     18.00000
     1.69000      0.26179      0.31455      0.14940     18.00000
     1.71000      0.28775      0.30302      0.11293     18.00000
     1.73000      0.32009      0.38244      0.19010     18.00000
     1.75000      0.29513      0.31615      0.12748     18.00000
     1.77000      0.25832      0.27499      0.11153     18.00000
     1.79000      0.30675      0.30667      0.10553     18.00000
     1.81000      0.28982      0.30044      0.10490     18.00000
     1.83000      0.28604      0.32573      0.14783     18.00000
     1.85000      0.27513      0.33122      0.17900     18.00000
     1.87000      0.26894      0.31184      0.13967     18.00000
     1.89000      0.29031      0.33575      0.17281     18.00000
     1.91000      0.25940      0.31577      0.18054     18.00000
     1.93000      0.28404      0.32206      0.14830     18.00000
     1.95000      0.24893      0.30126      0.12290     18.00000
     1.97000      0.26376      0.31467      0.10573     18.00000
     1.99000      0.28722      0.31455      0.10346     18.00000
     2.01000      0.28061      0.31251      0.11407     18.00000
     2.03000      0.27152      0.33277      0.12312     18.00000
     2.05000      0.29937      0.31407      0.11600     18.00000
     2.07000      0.34628      0.35686      0.14623     18.00000
     2.09000      0.29389      0.31200      0.09918     18.00000
     2.11000      0.32603      0.33750      0.15859     18.00000
     2.13000      0.33043      0.37670      0.17859     18.00000
     2.15000      0.32476      0.33898      0.13040     18.00000
     2.17000      0.27173      0.33185      0.20206     18.00000
     2.19000      0.34466      0.38093      0.19043     18.00000
     2.21000      0.32843      0.36787      0.18309     18.00000
     2.23000      0.29272      0.36160      0.19413     18.00000
     2.25000      0.30482      0.30969      0.11588     18.00000
     2.27000      0.30493      0.35129      0.16227     18.00000
     2.29000      0.32706      0.35699      0.21595     18.00000
     2.31000      0.29266      0.28307      0.09231     18.00000
     2.33000      0.29693      0.28740      0.08810     18.00000
     2.35000      0.35996      0.36518      0.16183     18.00000
     2.37000      0.30792      0.39810      0.23037     18.00000
     2.39000      0.30175      0.36372      0.19450     18.00000
     2.41000      0.23049      0.29298      0.14509     18.00000
     2.43000      0.24174      0.30988      0.16216     18.00000
     2.45000      0.30393      0.33989      0.15565     18.00000
     2.47000      0.28227      0.32012      0.17115     18.00000
     2.49000      0.32871      0.35068      0.18480     18.00000
     2.51000      0.27314      0.36662      0.25081     18.00000
     2.53000      0.27157      0.33339      0.20515     18.00000
     2.55000      0.28126      0.35415      0.24538     18.00000
     2.57000      0.28554      0.35016      0.24588     18.00000
     2.59000      0.27086      0.34616      0.19178     18.00000
     2.61000      0.27340      0.34394      0.20567     18.00000
     2.63000      0.31382      0.40728      0.22335     18.00000
     2.65000      0.27717      0.36916      0.20230     18.00000
     2.67000      0.28534      0.37117      0.21663     18.00000
     2.69000      0.31324      0.34445      0.19232     18.00000
     2.71000      0.27786      0.36796      0.24372     18.00000
     2.73000      0.27053      0.36689      0.24307     18.00000
     2.75000      0.26098      0.36351      0.23970     18.00000
     2.77000      0.28531      0.35870      0.25116     18.00000
     2.79000      0.25665      0.32099      0.20461     18.00000
     2.81000      0.25447      0.31016      0.17506     18.00000
     2.83000      0.27899      0.36104      0.27391     18.00000
     2.85000      0.30865      0.37806      0.22612     18.00000
     2.87000      0.33150      0.34128      0.18798     18.00000
     2.89000      0.25317      0.36639      0.28889     18.00000
     2.91000      0.26801      0.28833      0.17668     18.00000
     2.93000      0.29240      0.30613      0.18831     18.00000
     2.95000      0.25386      0.32300      0.18256     18.00000
     2.97000      0.22983      0.29022      0.18706     18.00000
     2.99000      0.26027      0.32784      0.27514     18.00000
     3.01000      0.24931      0.29096      0.17430     18.00000
     3.03000      0.27075      0.27631      0.13292     18.00000
     3.05000      0.23688      0.25577      0.13173     18.00000
     3.07000      0.21961      0.24217      0.09250     18.00000
     3.09000      0.20657      0.27737      0.15292     18.00000
     3.11000      0.27748      0.26753      0.12200     18.00000
     3.13000      0.28964      0.30936      0.16346     18.00000
     3.15000      0.32935      0.32022      0.15568     18.00000
     3.17000      0.33486      0.34636      0.20171     18.00000
     3.19000      0.30837      0.31826      0.17010     18.00000
     3.21000      0.24722      0.28550      0.16480     18.00000
     3.23000      0.25193      0.30109      0.22579     18.00000
     3.25000      0.28042      0.32875      0.20719     18.00000
     3.27000      0.20598      0.29489      0.21350     18.00000
     3.29000      0.28537      0.35088      0.26198     18.00000
     3.31000      0.25270      0.32432      0.28271     18.00000
     3.33000      0.25363      0.40668      0.42933     18.00000
     3.35000      0.29673      0.39704      0.31085     18.00000
     3.37000      0.31780      0.41136      0.24961     18.00000
     3.39000      0.35472      0.48917      0.40189     18.00000
     3.41000      0.36867      0.45442      0.47334     18.00000
     3.43000      0.33423      0.40887      0.40781     18.00000
     3.45000      0.29919      0.38956      0.31782     18.00000
     3.47000      0.28411      0.32013      0.15201     18.00000
     3.49000      0.26644      0.36204      0.31468     18.00000
     3.51000      0.26089      0.39090      0.31908     18.00000
     3.53000      0.28013      0.34639      0.20310     18.00000
     3.55000      0.29080      0.40730      0.27184     18.00000
     3.57000      0.36466      0.42938      0.26593     18.00000
     3.59000      0.27393      0.38084      0.28196     18.00000
     3.61000      0.22593      0.38682      0.34939     18.00000
     3.63000      0.30217      0.37947      0.28926     18.00000
     3.65000      0.26328      0.33861      0.18609     18.00000
     3.67000      0.33821      0.35876      0.21818     18.00000
     3.69000      0.30668      0.39122      0.26254     18.00000
     3.71000      0.36368      0.37481      0.18507     18.00000
     3.73000      0.31998      0.41849      0.25494     18.00000
     3.75000      0.29632      0.34412      0.18403     18.00000
     3.77000      0.30587      0.41679      0.25307     18.00000
     3.79000      0.33115      0.33606      0.16635     18.00000
     3.81000      0.32977      0.36027      0.16098     18.00000
     3.83000      0.31003      0.39223      0.26797     18.00000
     3.85000      0.30250      0.35355      0.21122     18.00000
     3.87000      0.28701      0.35388      0.20400     18.00000
     3.89000      0.27911      0.42295      0.30627     18.00000
     3.91000      0.30762      0.39960      0.26407     18.00000
     3.93000      0.27609      0.34446      0.21658     18.00000
     3.95000      0.31095      0.39390      0.22475     18.00000
     3.97000      0.27846      0.37227      0.24077     18.00000
     3.99000      0.28790      0.39148      0.25680     18.00000
     4.01000      0.21656      0.32918      0.26960     18.00000
     4.03000      0.28240      0.33012      0.23099     18.00000
     4.05000      0.25485      0.33808      0.27838     18.00000
     4.07000      0.26030      0.37321      0.27689     18.00000
     4.09000      0.28891      0.38315      0.26376     18.00000
     4.11000      0.30139      0.39238      0.31594     18.00000
     4.13000      0.28829      0.40301      0.33670     18.00000
     4.15000      0.32457      0.37167      0.24510     18.00000
     4.17000      0.31648      0.38304      0.26738     18.00000
     4.19000      0.27783      0.38987      0.35475     18.00000
     4.21000      0.28118      0.34166      0.29047     18.00000
     4.23000      0.25371      0.38498      0.35465     18.00000
     4.25000      0.29025      0.39244      0.39126     18.00000
     4.27000      0.32091      0.35972      0.24609     18.00000
     4.29000      0.26822      0.36873      0.31427     18.00000
     4.31000      0.26000      0.33042      0.30548     18.00000
     4.33000      0.24710      0.34883      0.29111     18.00000
     4.35000      0.29382      0.40321      0.40589     18.00000
     4.37000      0.27382      0.39338      0.41741     18.00000
     4.39000      0.24269      0.39439      0.36292     18.00000
     4.41000      0.24159      0.38640      0.34980     18.00000
     4.43000      0.26628      0.37329      0.34462     18.00000
     4.45000      0.30985      0.40833      0.35224     18.00000
     4.47000      0.27400      0.40183      0.44892     18.00000
     4.49000      0.29244      0.39825      0.27095     18.00000
     4.51000      0.35775      0.40403      0.27855     18.00000
     4.53000      0.27581      0.49218      0.45060     18.00000
     4.55000      0.24910      0.45774      0.44162     18.00000
     4.57000      0.30993      0.47067      0.51076     18.00000
     4.59000      0.27268      0.40391      0.36236     18.00000
     4.61000      0.28675      0.37675      0.33803     18.00000
     4.63000      0.26985      0.37521      0.29313     18.00000
     4.65000      0.27059      0.40351      0.30132     18.00000
     4.67000      0.28610      0.38169      0.24925     18.00000
     4.69000      0.24693      0.39996      0.34978     18.00000
     4.71000      0.22447      0.35485      0.26486     18.00000
     4.73000      0.24346      0.33878      0.25616     18.00000
     4.75000      0.29567      0.36734      0.26888     18.00000
     4.77000      0.31760      0.39917      0.28160     18.00000
     4.79000      0.31571      0.43368      0.30877     18.00000
     4.81000      0.32684      0.39968      0.26616     18.00000
     4.83000      0.31368      0.41845      0.29828     18.00000
     4.85000      0.32730      0.37923      0.28619     18.00000
     4.87000      0.30522      0.37911      0.34198     18.00000
     4.89000      0.30608      0.39760      0.32128     18.00000
     4.91000      0.25206      0.40818      0.33190     18.00000
     4.93000      0.29517      0.42505      0.34305     18.00000
     4.95000      0.35795      0.43833      0.38722     18.00000
     4.97000      0.39806      0.42461      0.26937     18.00000
     4.99000      0.37165      0.44254      0.36657     18.00000
