    -1.99000      0.05064      0.06120      0.03613     44.00000
    -1.97000      0.05427      0.06639      0.04522     44.00000
    -1.95000      0.06414      0.07155      0.04435     44.00000
    -1.93000      0.06870      0.07415      0.04481     44.00000
    -1.91000      0.05929      0.07106      0.03982     44.00000
    -1.89000      0.05712      0.06642      0.03745     44.00000
    -1.87000      0.05699      0.06297      0.03716     44.00000
    -1.85000      0.05195      0.06363      0.04009     44.00000
    -1.83000      0.05243      0.06673      0.04619     44.00000
    -1.81000      0.05687      0.06342      0.03696     44.00000
    -1.79000      0.06225      0.06915      0.03812     44.00000
    -1.77000      0.05904      0.06919      0.04212     44.00000
    -1.75000      0.06097      0.06700      0.03604     44.00000
    -1.73000      0.06300      0.07610      0.05818     44.00000
    -1.71000      0.07202      0.07578      0.04686     44.00000
    -1.69000      0.07096      0.07900      0.05066     44.00000
    -1.67000      0.06930      0.07718      0.04626     44.00000
    -1.65000      0.06666      0.07190      0.03890     44.00000
    -1.63000      0.06179      0.07163      0.04017     44.00000
    -1.61000      0.06145      0.06654      0.03895     44.00000
    -1.59000      0.05759      0.06157      0.02544     44.00000
    -1.57000      0.05767      0.06606      0.03602     44.00000
    -1.55000      0.06223      0.06468      0.02998     44.00000
    -1.53000      0.06225      0.06406      0.02866     44.00000
    -1.51000      0.05199      0.06203      0.03313     44.00000
    -1.49000      0.06251      0.06285      0.02782     44.00000
    -1.47000      0.05021      0.06196      0.03337     44.00000
    -1.45000      0.05712      0.06763      0.03568     44.00000
    -1.43000      0.05573      0.06394      0.03381     44.00000
    -1.41000      0.05686      0.06430      0.03108     44.00000
    -1.39000      0.05762      0.06802      0.03187     44.00000
    -1.37000      0.06018      0.06532      0.03177     44.00000
    -1.35000      0.05890      0.06191      0.02724     44.00000
    -1.33000      0.05244      0.06470      0.03710     44.00000
    -1.31000      0.05652      0.06191      0.02983     44.00000
    -1.29000      0.06273      0.06752      0.04237     44.00000
    -1.27000      0.06308      0.06558      0.03059     44.00000
    -1.25000      0.06326      0.06320      0.02939     44.00000
    -1.23000      0.05550      0.06391      0.03100     44.00000
    -1.21000      0.05850      0.06533      0.03381     44.00000
    -1.19000      0.05443      0.06196      0.03507     44.00000
    -1.17000      0.05348      0.05867      0.02760     44.00000
    -1.15000      0.05109      0.05954      0.03360     44.00000
    -1.13000      0.05848      0.06219      0.03955     44.00000
    -1.11000      0.05486      0.06187      0.02951     44.00000
    -1.09000      0.04956      0.06225      0.03756     44.00000
    -1.07000      0.05479      0.05862      0.02868     44.00000
    -1.05000      0.04952      0.05893      0.03864     44.00000
    -1.03000      0.04775      0.05696      0.02785     44.00000
    -1.01000      0.05061      0.06049      0.03164     44.00000
    -0.99000      0.05072      0.05200      0.02404     44.00000
    -0.97000      0.05394      0.05667      0.02794     44.00000
    -0.95000      0.05134      0.05924      0.02792     44.00000
    -0.93000      0.05081      0.05490      0.02702     44.00000
    -0.91000      0.05145      0.05504      0.02323     44.00000
    -0.89000      0.05253      0.05731      0.02585     44.00000
    -0.87000      0.05368      0.05575      0.02376     44.00000
    -0.85000      0.05800      0.05912      0.02343     44.00000
    -0.83000      0.05969      0.05754      0.02290     44.00000
    -0.81000      0.06459      0.06312      0.02597     44.00000
    -0.79000      0.06354      0.06342      0.02781     44.00000
    -0.77000      0.06777      0.06843      0.03649     44.00000
    -0.75000      0.06465      0.06244      0.02786     44.00000
    -0.73000      0.06089      0.06904      0.03847     44.00000
    -0.71000      0.06588      0.06879      0.03608     44.00000
    -0.69000      0.06282      0.06560      0.02552     44.00000
    -0.67000      0.07397      0.07667      0.04327     44.00000
    -0.65000      0.06607      0.07429      0.03363     44.00000
    -0.63000      0.06728      0.07350      0.03623     44.00000
    -0.61000      0.06306      0.06976      0.03633     44.00000
    -0.59000      0.06140      0.06746      0.03559     44.00000
    -0.57000      0.05940      0.06814      0.03703     44.00000
    -0.55000      0.06002      0.06706      0.03823     44.00000
    -0.53000      0.06537      0.07206      0.04102     44.00000
    -0.51000      0.06301      0.07413      0.04377     44.00000
    -0.49000      0.06937      0.07957      0.04671     44.00000
    -0.47000      0.06274      0.07273      0.03992     44.00000
    -0.45000      0.07162      0.07936      0.04729     44.00000
    -0.43000      0.07528      0.07463      0.03657     44.00000
    -0.41000      0.06267      0.06663      0.03774     44.00000
    -0.39000      0.05226      0.07354      0.05467     44.00000
    -0.37000      0.06119      0.06886      0.04016     44.00000
    -0.35000      0.06254      0.07435      0.05788     44.00000
    -0.33000      0.05223      0.06897      0.05210     44.00000
    -0.31000      0.06014      0.06957      0.04870     44.00000
    -0.29000      0.05428      0.06808      0.04212     44.00000
    -0.27000      0.05790      0.06352      0.03417     44.00000
    -0.25000      0.04656      0.06342      0.04398     44.00000
    -0.23000      0.04361      0.05650      0.03656     44.00000
    -0.21000      0.04938      0.05933      0.04131     44.00000
    -0.19000      0.05298      0.06280      0.03902     44.00000
    -0.17000      0.04772      0.06255      0.03933     44.00000
    -0.15000      0.04719      0.05546      0.02813     44.00000
    -0.13000      0.04253      0.05389      0.03479     44.00000
    -0.11000      0.04445      0.05496      0.03284     44.00000
    -0.09000      0.04507      0.04832      0.02343     44.00000
    -0.07000      0.05560      0.05514      0.02817     44.00000
    -0.05000      0.05085      0.05548      0.02840     44.00000
    -0.03000      0.04407      0.05343      0.03090     44.00000
    -0.01000      0.03757      0.04901      0.03318     44.00000
     0.01000      0.03606      0.04786      0.03197     44.00000
     0.03000      0.03596      0.04483      0.02851     44.00000
     0.05000      0.03229      0.04083      0.03449     44.00000
     0.07000      0.02795      0.03547      0.02186     44.00000
     0.09000      0.02499      0.03209      0.01946     44.00000
     0.11000      0.02221      0.02997      0.02115     44.00000
     0.13000      0.02139      0.02852      0.01784     44.00000
     0.15000      0.02297      0.02855      0.01546     44.00000
     0.17000      0.02215      0.02557      0.01247     44.00000
     0.19000      0.02350      0.02558      0.01234     44.00000
     0.21000      0.02385      0.02568      0.01340     44.00000
     0.23000      0.02142      0.02523      0.01255     44.00000
     0.25000      0.02270      0.02369      0.00957     44.00000
     0.27000      0.02233      0.02263      0.00888     44.00000
     0.29000      0.02140      0.02166      0.00822     44.00000
     0.31000      0.02027      0.02277      0.01194     44.00000
     0.33000      0.01833      0.02131      0.00893     44.00000
     0.35000      0.01944      0.02171      0.00919     44.00000
     0.37000      0.01858      0.02154      0.01003     44.00000
     0.39000      0.01847      0.02169      0.00987     44.00000
     0.41000      0.01979      0.02418      0.01367     44.00000
     0.43000      0.01918      0.02309      0.01338     44.00000
     0.45000      0.02162      0.02340      0.01110     44.00000
     0.47000      0.02040      0.02362      0.01084     44.00000
     0.49000      0.02085      0.02378      0.01185     44.00000
     0.51000      0.02093      0.02354      0.01095     44.00000
     0.53000      0.02334      0.02566      0.01182     44.00000
     0.55000      0.02207      0.02728      0.01704     44.00000
     0.57000      0.02202      0.02470      0.01293     44.00000
     0.59000      0.01981      0.02412      0.01257     44.00000
     0.61000      0.01903      0.02339      0.01443     44.00000
     0.63000      0.02128      0.02421      0.01640     44.00000
     0.65000      0.01829      0.02343      0.01295     44.00000
     0.67000      0.01807      0.02275      0.01147     44.00000
     0.69000      0.02009      0.02329      0.01086     44.00000
     0.71000      0.01993      0.02205      0.00958     44.00000
     0.73000      0.01979      0.02213      0.01071     44.00000
     0.75000      0.02337      0.02608      0.01597     44.00000
     0.77000      0.01980      0.02424      0.01420     44.00000
     0.79000      0.02237      0.02471      0.01291     44.00000
     0.81000      0.02259      0.02392      0.01092     44.00000
     0.83000      0.01902      0.02462      0.01537     44.00000
     0.85000      0.02263      0.02809      0.01764     44.00000
     0.87000      0.02521      0.02734      0.01263     44.00000
     0.89000      0.02360      0.02573      0.01024     44.00000
     0.91000      0.02432      0.02818      0.01285     44.00000
     0.93000      0.02330      0.02823      0.01431     44.00000
     0.95000      0.02592      0.03037      0.01859     44.00000
     0.97000      0.02893      0.03288      0.01784     44.00000
     0.99000      0.03167      0.04042      0.02953     44.00000
     1.01000      0.03554      0.04795      0.04025     44.00000
     1.03000      0.04086      0.04721      0.02960     44.00000
     1.05000      0.04759      0.05127      0.02849     44.00000
     1.07000      0.04454      0.05239      0.02788     44.00000
     1.09000      0.04142      0.04984      0.02772     44.00000
     1.11000      0.04626      0.05351      0.02912     44.00000
     1.13000      0.04604      0.05734      0.04104     44.00000
     1.15000      0.04605      0.05512      0.03221     44.00000
     1.17000      0.04796      0.05176      0.03184     44.00000
     1.19000      0.03487      0.04771      0.03159     44.00000
     1.21000      0.04602      0.05843      0.03981     44.00000
     1.23000      0.04783      0.05193      0.02714     44.00000
     1.25000      0.04607      0.05085      0.03050     44.00000
     1.27000      0.04667      0.05109      0.02998     44.00000
     1.29000      0.05227      0.05633      0.02972     44.00000
     1.31000      0.05137      0.05667      0.03126     44.00000
     1.33000      0.05024      0.05700      0.03043     44.00000
     1.35000      0.04479      0.05325      0.03098     44.00000
     1.37000      0.04617      0.05268      0.02803     44.00000
     1.39000      0.04646      0.05364      0.03230     44.00000
     1.41000      0.05688      0.05863      0.03212     44.00000
     1.43000      0.04606      0.05863      0.03680     44.00000
     1.45000      0.04534      0.05856      0.03309     44.00000
     1.47000      0.05145      0.06060      0.03480     44.00000
     1.49000      0.04777      0.05763      0.03516     44.00000
     1.51000      0.05557      0.05693      0.03068     44.00000
     1.53000      0.04346      0.05572      0.03773     44.00000
     1.55000      0.05581      0.06266      0.04059     44.00000
     1.57000      0.04584      0.05397      0.03071     44.00000
     1.59000      0.04856      0.05916      0.03681     44.00000
     1.61000      0.05183      0.05495      0.03083     44.00000
     1.63000      0.05005      0.05517      0.03158     44.00000
     1.65000      0.05479      0.05737      0.02695     44.00000
     1.67000      0.05501      0.06293      0.04079     44.00000
     1.69000      0.04866      0.05372      0.02987     44.00000
     1.71000      0.05136      0.05939      0.03133     44.00000
     1.73000      0.04905      0.05952      0.03303     44.00000
     1.75000      0.05195      0.05734      0.03040     44.00000
     1.77000      0.05375      0.06404      0.03968     44.00000
     1.79000      0.04945      0.06173      0.03639     44.00000
     1.81000      0.05720      0.06649      0.04054     44.00000
     1.83000      0.06059      0.06524      0.03424     44.00000
     1.85000      0.06096      0.06525      0.03290     44.00000
     1.87000      0.06203      0.06532      0.03601     44.00000
     1.89000      0.04976      0.05757      0.02809     44.00000
     1.91000      0.06071      0.06067      0.03026     44.00000
     1.93000      0.05699      0.06360      0.03363     44.00000
     1.95000      0.04946      0.05614      0.02883     44.00000
     1.97000      0.05899      0.06160      0.03098     44.00000
     1.99000      0.06416      0.06329      0.03291     44.00000
     2.01000      0.05989      0.06287      0.03373     44.00000
     2.03000      0.05707      0.06682      0.04520     44.00000
     2.05000      0.05330      0.06267      0.03719     43.00000
     2.07000      0.05584      0.05862      0.03399     43.00000
     2.09000      0.05406      0.05659      0.02929     43.00000
     2.11000      0.05863      0.06532      0.04722     44.00000
     2.13000      0.06183      0.06357      0.03439     44.00000
     2.15000      0.05515      0.06990      0.03936     44.00000
     2.17000      0.05836      0.06455      0.03455     44.00000
     2.19000      0.05284      0.06470      0.04061     44.00000
     2.21000      0.05648      0.06701      0.03954     44.00000
     2.23000      0.05738      0.06548      0.03770     44.00000
     2.25000      0.05598      0.06287      0.03489     44.00000
     2.27000      0.06002      0.06796      0.03619     44.00000
     2.29000      0.06668      0.06775      0.03260     44.00000
     2.31000      0.06129      0.06459      0.03134     44.00000
     2.33000      0.05216      0.05807      0.03261     44.00000
     2.35000      0.06514      0.06819      0.04384     44.00000
     2.37000      0.06045      0.06362      0.02942     44.00000
     2.39000      0.05224      0.05907      0.03200     44.00000
     2.41000      0.05394      0.05968      0.03023     44.00000
     2.43000      0.06147      0.06410      0.03098     44.00000
     2.45000      0.06216      0.06854      0.03532     44.00000
     2.47000      0.06132      0.06312      0.02804     44.00000
     2.49000      0.05322      0.06501      0.03561     44.00000
     2.51000      0.05356      0.06061      0.03047     44.00000
     2.53000      0.06223      0.06334      0.03309     44.00000
     2.55000      0.06195      0.06375      0.03471     44.00000
     2.57000      0.06270      0.06685      0.03695     44.00000
     2.59000      0.06652      0.06818      0.03435     44.00000
     2.61000      0.06844      0.07205      0.03932     44.00000
     2.63000      0.06315      0.06630      0.03445     44.00000
     2.65000      0.05778      0.06213      0.03050     44.00000
     2.67000      0.05855      0.06542      0.03180     44.00000
     2.69000      0.06265      0.07315      0.03991     44.00000
     2.71000      0.06354      0.07149      0.03790     44.00000
     2.73000      0.06081      0.06833      0.04060     44.00000
     2.75000      0.06563      0.06742      0.03128     44.00000
     2.77000      0.06206      0.06639      0.03531     44.00000
     2.79000      0.06779      0.06968      0.04013     44.00000
     2.81000      0.05885      0.06607      0.03510     44.00000
     2.83000      0.06007      0.06843      0.03425     44.00000
     2.85000      0.06153      0.06630      0.02767     44.00000
     2.87000      0.06012      0.06704      0.03294     44.00000
     2.89000      0.05528      0.06545      0.03452     44.00000
     2.91000      0.05789      0.06313      0.03406     44.00000
     2.93000      0.05310      0.06431      0.03578     44.00000
     2.95000      0.05423      0.06576      0.04070     44.00000
     2.97000      0.05405      0.06186      0.03647     44.00000
     2.99000      0.05936      0.06499      0.03324     44.00000
     3.01000      0.05800      0.06129      0.02974     44.00000
     3.03000      0.06034      0.06352      0.03133     44.00000
     3.05000      0.06081      0.06486      0.03302     44.00000
     3.07000      0.06201      0.06647      0.03439     44.00000
     3.09000      0.06274      0.06701      0.03653     44.00000
     3.11000      0.06276      0.06744      0.03643     44.00000
     3.13000      0.06225      0.06796      0.03905     44.00000
     3.15000      0.06555      0.06845      0.03333     44.00000
     3.17000      0.06113      0.06474      0.02768     44.00000
     3.19000      0.06612      0.06772      0.03304     44.00000
     3.21000      0.05926      0.06820      0.03434     44.00000
     3.23000      0.06296      0.06894      0.03463     44.00000
     3.25000      0.06208      0.06997      0.03516     44.00000
     3.27000      0.06470      0.06810      0.03421     44.00000
     3.29000      0.05590      0.06509      0.03675     44.00000
     3.31000      0.05825      0.06340      0.03225     44.00000
     3.33000      0.05481      0.06513      0.03379     44.00000
     3.35000      0.06584      0.06894      0.03554     44.00000
     3.37000      0.06653      0.06846      0.03319     44.00000
     3.39000      0.06153      0.06509      0.03000     44.00000
     3.41000      0.06438      0.06629      0.03984     44.00000
     3.43000      0.06318      0.06371      0.03085     44.00000
     3.45000      0.05692      0.06529      0.03388     44.00000
     3.47000      0.05740      0.06741      0.04061     44.00000
     3.49000      0.06220      0.06704      0.03605     44.00000
     3.51000      0.06240      0.06806      0.03383     44.00000
     3.53000      0.05568      0.06548      0.03033     44.00000
     3.55000      0.05804      0.06204      0.02772     44.00000
     3.57000      0.06191      0.06720      0.03491     44.00000
     3.59000      0.06272      0.06679      0.03552     44.00000
     3.61000      0.05691      0.06821      0.03753     44.00000
     3.63000      0.06278      0.06692      0.03052     44.00000
     3.65000      0.06607      0.06472      0.02924     44.00000
     3.67000      0.06572      0.07164      0.04005     44.00000
     3.69000      0.06183      0.06476      0.03604     44.00000
     3.71000      0.06829      0.06697      0.03541     44.00000
     3.73000      0.05655      0.06442      0.03645     44.00000
     3.75000      0.05710      0.06027      0.03065     44.00000
     3.77000      0.05663      0.06364      0.03321     44.00000
     3.79000      0.05926      0.06446      0.03285     44.00000
     3.81000      0.06086      0.06598      0.03642     44.00000
     3.83000      0.05257      0.06621      0.04256     44.00000
     3.85000      0.05850      0.06882      0.03734     44.00000
     3.87000      0.06110      0.06270      0.03119     44.00000
     3.89000      0.05988      0.06256      0.03346     44.00000
     3.91000      0.05964      0.06707      0.03750     44.00000
     3.93000      0.05595      0.06402      0.03450     44.00000
     3.95000      0.06875      0.06810      0.03341     44.00000
     3.97000      0.06929      0.06833      0.03409     44.00000
     3.99000      0.06007      0.06894      0.03559     44.00000
     4.01000      0.06175      0.06457      0.03237     44.00000
     4.03000      0.05551      0.06846      0.04325     44.00000
     4.05000      0.06404      0.06578      0.03166     44.00000
     4.07000      0.06661      0.07386      0.03950     44.00000
     4.09000      0.06051      0.07133      0.04293     44.00000
     4.11000      0.07012      0.07117      0.03432     44.00000
     4.13000      0.06117      0.07160      0.04097     44.00000
     4.15000      0.06522      0.06746      0.03756     44.00000
     4.17000      0.06206      0.06591      0.03681     44.00000
     4.19000      0.05205      0.06473      0.03491     44.00000
     4.21000      0.06306      0.06621      0.03105     44.00000
     4.23000      0.07070      0.07053      0.03406     44.00000
     4.25000      0.06078      0.06631      0.03567     44.00000
     4.27000      0.05246      0.06122      0.03367     44.00000
     4.29000      0.04687      0.06047      0.03370     44.00000
     4.31000      0.05303      0.06187      0.03477     44.00000
     4.33000      0.05628      0.06537      0.03551     44.00000
     4.35000      0.05793      0.06515      0.03238     44.00000
     4.37000      0.05802      0.06526      0.03478     44.00000
     4.39000      0.05510      0.06735      0.03673     44.00000
     4.41000      0.06466      0.06893      0.03200     44.00000
     4.43000      0.06297      0.06852      0.03340     44.00000
     4.45000      0.06264      0.06820      0.03573     44.00000
     4.47000      0.05889      0.06424      0.03129     44.00000
     4.49000      0.06130      0.06912      0.03620     44.00000
     4.51000      0.06189      0.06909      0.03838     44.00000
     4.53000      0.06262      0.07146      0.03963     44.00000
     4.55000      0.05560      0.06791      0.03658     44.00000
     4.57000      0.05763      0.07099      0.04352     44.00000
     4.59000      0.05788      0.07184      0.04270     44.00000
     4.61000      0.06069      0.07117      0.03586     44.00000
     4.63000      0.05562      0.06607      0.03357     44.00000
     4.65000      0.05744      0.07022      0.03744     44.00000
     4.67000      0.06354      0.07114      0.03661     44.00000
     4.69000      0.06256      0.07283      0.04312     44.00000
     4.71000      0.06245      0.06878      0.03787     44.00000
     4.73000      0.07184      0.07174      0.03662     44.00000
     4.75000      0.07868      0.07292      0.03427     44.00000
     4.77000      0.06753      0.07360      0.03747     44.00000
     4.79000      0.06440      0.07331      0.03691     44.00000
     4.81000      0.06378      0.07230      0.04043     44.00000
     4.83000      0.06601      0.06871      0.03272     44.00000
     4.85000      0.06637      0.07300      0.03788     44.00000
     4.87000      0.07347      0.07662      0.03757     44.00000
     4.89000      0.07361      0.07993      0.03708     44.00000
     4.91000      0.06968      0.07578      0.03352     44.00000
     4.93000      0.06917      0.07724      0.03423     44.00000
     4.95000      0.07060      0.07729      0.03457     44.00000
     4.97000      0.07641      0.07865      0.03369     44.00000
     4.99000      0.06526      0.08059      0.04017     44.00000
