    -1.99000      5.83045      6.86500      3.24685     44.00000
    -1.97000      6.07284      6.86576      3.21329     44.00000
    -1.95000      5.90246      6.91775      3.22991     44.00000
    -1.93000      6.07442      6.90902      3.33177     44.00000
    -1.91000      5.86020      7.00321      3.31741     44.00000
    -1.89000      5.83535      7.41674      4.28747     44.00000
    -1.87000      6.09210      7.42932      4.23905     44.00000
    -1.85000      6.05941      7.46933      4.21655     44.00000
    -1.83000      6.08512      7.49964      4.16100     44.00000
    -1.81000      6.13587      7.61976      4.21950     44.00000
    -1.79000      6.16689      7.45142      3.84273     44.00000
    -1.77000      6.12157      7.53791      4.00202     44.00000
    -1.75000      6.21038      7.72686      4.08143     44.00000
    -1.73000      6.20857      7.33301      3.76217     44.00000
    -1.71000      6.24129      7.16651      3.63690     44.00000
    -1.69000      6.30795      7.15277      3.31822     44.00000
    -1.67000      6.23733      7.07170      3.17942     44.00000
    -1.65000      6.19022      7.12817      3.39110     44.00000
    -1.63000      5.83085      7.14548      3.33280     44.00000
    -1.61000      6.19609      7.54986      3.55543     44.00000
    -1.59000      6.13058      8.04801      5.02494     44.00000
    -1.57000      6.13734      7.96522      5.83179     44.00000
    -1.55000      5.89091      7.88975      5.33503     44.00000
    -1.53000      5.98150      7.80156      4.89554     44.00000
    -1.51000      6.18943      7.85838      4.62596     44.00000
    -1.49000      6.12264      7.81047      4.28676     44.00000
    -1.47000      6.58289      7.78772      3.91268     44.00000
    -1.45000      6.54589      7.68587      3.83443     44.00000
    -1.43000      6.58026      7.83548      3.81373     44.00000
    -1.41000      6.49451      7.87203      3.94587     44.00000
    -1.39000      6.30916      7.78303      3.75543     44.00000
    -1.37000      6.70230      7.79698      3.73379     44.00000
    -1.35000      6.59385      7.99694      4.19376     44.00000
    -1.33000      6.68314      8.07223      4.53620     44.00000
    -1.31000      6.40632      8.12097      4.60124     44.00000
    -1.29000      6.82496      8.08112      4.82790     44.00000
    -1.27000      7.02152      8.10020      5.01270     44.00000
    -1.25000      6.82641      7.92406      4.90132     44.00000
    -1.23000      7.35266      8.00302      4.67448     44.00000
    -1.21000      7.10837      8.01089      4.85794     44.00000
    -1.19000      6.93438      7.85554      4.65791     44.00000
    -1.17000      6.96827      8.03415      4.59540     44.00000
    -1.15000      7.00440      8.17170      4.64848     44.00000
    -1.13000      6.64138      8.10147      4.87773     44.00000
    -1.11000      6.52589      8.34112      5.33076     44.00000
    -1.09000      6.22562      8.54053      5.68777     44.00000
    -1.07000      6.52037      8.47162      5.36522     44.00000
    -1.05000      7.05122      8.50080      5.27339     44.00000
    -1.03000      6.86505      8.46021      4.85159     44.00000
    -1.01000      7.04276      8.58669      4.94669     44.00000
    -0.99000      7.56466      8.99675      5.43270     44.00000
    -0.97000      7.96586      8.83820      5.16010     44.00000
    -0.95000      7.78062      8.69383      5.11008     44.00000
    -0.93000      7.63832      8.74038      5.12626     44.00000
    -0.91000      7.25228      9.23661      6.07605     44.00000
    -0.89000      6.88879      9.54769      6.65335     44.00000
    -0.87000      7.09238      9.51012      6.54829     44.00000
    -0.85000      7.26259      9.60381      6.61417     44.00000
    -0.83000      7.06010     10.08829      7.59381     44.00000
    -0.81000      7.55407     10.10972      7.46021     44.00000
    -0.79000      7.87492     10.22779      7.51664     44.00000
    -0.77000      7.88788      9.97458      7.24410     44.00000
    -0.75000      8.24877      9.95399      7.05380     44.00000
    -0.73000      7.90479      9.96230      6.93645     44.00000
    -0.71000      8.12666     10.27738      6.65840     44.00000
    -0.69000      8.39935     10.48451      6.71423     44.00000
    -0.67000      7.94989     10.66837      7.17783     44.00000
    -0.65000      8.43868     11.07536      8.30040     44.00000
    -0.63000      7.97205     11.08529      8.58252     44.00000
    -0.61000      9.25078     11.48482      8.59815     44.00000
    -0.59000      9.41679     11.47910      8.14620     44.00000
    -0.57000      9.57022     11.49101      7.15294     44.00000
    -0.55000      9.59951     11.35776      7.00211     44.00000
    -0.53000      8.78848     11.04353      6.86472     44.00000
    -0.51000      9.26055     11.43289      7.35021     44.00000
    -0.49000      9.50582     12.14602      9.12748     44.00000
    -0.47000     10.40768     12.36152      9.31311     44.00000
    -0.45000     10.06186     12.31887      8.26665     44.00000
    -0.43000     11.27781     12.92642      8.97888     44.00000
    -0.41000     11.76956     13.56271      8.75646     44.00000
    -0.39000     10.71805     12.83715      7.48773     44.00000
    -0.37000     10.82083     13.48361      8.18692     44.00000
    -0.35000     11.03596     13.13511      7.31137     44.00000
    -0.33000     12.20052     13.39069      7.64061     44.00000
    -0.31000     13.03864     13.28645      7.52113     44.00000
    -0.29000     13.15758     13.66813      7.38803     44.00000
    -0.27000     12.33044     13.35810      7.41870     44.00000
    -0.25000     12.31076     13.36750      7.69376     44.00000
    -0.23000     11.99180     13.40190      6.99410     44.00000
    -0.21000     12.58525     13.51101      7.48208     44.00000
    -0.19000     11.24027     13.36406      7.90486     44.00000
    -0.17000     12.27189     13.36154      7.79110     44.00000
    -0.15000     12.35235     13.53255      7.37915     44.00000
    -0.13000     13.23536     13.59314      7.36224     44.00000
    -0.11000     12.22439     13.74156      7.43672     44.00000
    -0.09000     12.18419     13.84979      8.13332     44.00000
    -0.07000     12.38708     13.82514      8.08425     44.00000
    -0.05000     12.82678     14.00658      7.98860     44.00000
    -0.03000     11.49986     13.92404      7.78848     44.00000
    -0.01000     11.82974     14.30506      7.58541     44.00000
     0.01000     12.61949     14.68869      7.68086     44.00000
     0.03000     13.25232     14.76788      7.55806     44.00000
     0.05000     13.18119     15.09047      7.90566     44.00000
     0.07000     13.28835     15.55064      8.05463     44.00000
     0.09000     13.38084     15.70082      7.76871     44.00000
     0.11000     13.38527     15.77031      7.89155     44.00000
     0.13000     13.89093     15.83078      8.03503     44.00000
     0.15000     13.62904     15.96397      8.31423     44.00000
     0.17000     13.76540     16.07549      8.51007     44.00000
     0.19000     14.10790     15.84296      7.82852     44.00000
     0.21000     14.31443     15.71390      7.58775     44.00000
     0.23000     14.74632     15.68511      7.55910     44.00000
     0.25000     14.65899     15.66000      7.64446     44.00000
     0.27000     14.45067     15.74357      7.77194     44.00000
     0.29000     14.47113     15.80795      7.92114     44.00000
     0.31000     14.74931     15.81559      7.87926     44.00000
     0.33000     14.47350     15.78496      7.82931     44.00000
     0.35000     13.71890     15.66926      7.70657     44.00000
     0.37000     14.01570     15.63309      7.61438     44.00000
     0.39000     13.86625     15.55206      7.47543     44.00000
     0.41000     13.94471     15.40365      7.20770     44.00000
     0.43000     13.41561     15.22964      6.89828     44.00000
     0.45000     13.32051     15.08126      6.79330     44.00000
     0.47000     13.33324     14.95830      6.45276     44.00000
     0.49000     13.35317     14.88067      6.26405     44.00000
     0.51000     13.22317     14.86791      6.34189     44.00000
     0.53000     12.91703     14.60411      5.89685     44.00000
     0.55000     12.82288     14.42912      5.57473     44.00000
     0.57000     12.80607     14.33543      5.48048     44.00000
     0.59000     13.09956     14.20547      5.35911     44.00000
     0.61000     12.80044     13.99365      5.07855     44.00000
     0.63000     12.57944     13.80021      4.91321     44.00000
     0.65000     12.51294     13.64885      4.89704     44.00000
     0.67000     12.41419     13.55498      4.86725     44.00000
     0.69000     12.36637     13.38294      4.81742     44.00000
     0.71000     12.12722     13.24479      4.83488     44.00000
     0.73000     11.61006     13.13000      4.88653     44.00000
     0.75000     11.27709     12.96024      4.81431     44.00000
     0.77000     11.42145     12.86578      4.79996     44.00000
     0.79000     11.62229     12.78142      4.76518     44.00000
     0.81000     11.19963     12.66480      4.66911     44.00000
     0.83000     11.20919     12.44986      4.58113     44.00000
     0.85000     10.80748     12.16447      4.50770     44.00000
     0.87000     10.69521     12.05092      4.34620     44.00000
     0.89000     10.79026     12.08661      4.37515     44.00000
     0.91000     10.87820     11.99991      4.54372     44.00000
     0.93000     10.69978     11.78659      4.50245     44.00000
     0.95000     10.45902     11.47886      4.34006     44.00000
     0.97000     10.38843     11.23456      4.19658     44.00000
     0.99000     10.17248     10.95958      4.28370     44.00000
     1.01000     10.16751     10.92726      4.39431     44.00000
     1.03000     10.05379     10.90093      4.53621     44.00000
     1.05000      9.35228     10.45116      4.39534     44.00000
     1.07000      9.27856     10.21844      4.27997     44.00000
     1.09000      9.75827     10.26889      4.19215     44.00000
     1.11000      9.62930     10.10383      4.25349     44.00000
     1.13000      8.81722      9.97945      4.51634     44.00000
     1.15000      9.18805      9.92276      4.48669     44.00000
     1.17000      9.12239      9.81177      4.46023     44.00000
     1.19000      8.72391      9.79742      4.36128     44.00000
     1.21000      8.73036      9.39031      4.28289     44.00000
     1.23000      8.60861      9.42767      4.15659     44.00000
     1.25000      8.65673      9.42535      4.09641     44.00000
     1.27000      8.53974      9.25320      3.95379     44.00000
     1.29000      8.45681      9.03225      3.81921     44.00000
     1.31000      7.99649      9.03218      4.20034     44.00000
     1.33000      7.42812      8.89664      4.25917     44.00000
     1.35000      8.33382      9.17470      4.83564     44.00000
     1.37000      8.22630      9.29902      5.87240     44.00000
     1.39000      8.11597      9.23001      5.91277     44.00000
     1.41000      7.74910      9.07306      6.32852     44.00000
     1.43000      7.14996      8.73718      5.31358     44.00000
     1.45000      7.09500      8.42551      4.09834     44.00000
     1.47000      6.96093      8.11243      3.72200     44.00000
     1.49000      7.03798      7.89121      3.20414     44.00000
     1.51000      6.82441      7.86599      3.34797     44.00000
     1.53000      7.20456      7.89134      3.50767     44.00000
     1.55000      6.79512      7.65548      3.42714     44.00000
     1.57000      7.03914      7.74454      3.37335     44.00000
     1.59000      6.86837      7.58059      3.19927     44.00000
     1.61000      6.37727      7.68016      3.35925     44.00000
     1.63000      6.78116      7.91359      3.89798     44.00000
     1.65000      6.64032      8.05923      4.08650     44.00000
     1.67000      6.30268      7.97676      4.15740     44.00000
     1.69000      6.46134      8.13180      4.45048     44.00000
     1.71000      6.28279      8.11284      4.42356     44.00000
     1.73000      6.71110      8.22556      4.59277     44.00000
     1.75000      6.99665      8.28281      4.71476     44.00000
     1.77000      6.66680      8.09218      4.66429     44.00000
     1.79000      6.46464      7.70678      3.71245     44.00000
     1.81000      6.36704      7.55942      3.57447     44.00000
     1.83000      6.06451      7.69679      3.86576     44.00000
     1.85000      6.00272      7.62205      3.89436     44.00000
     1.87000      5.95273      7.55854      3.80425     44.00000
     1.89000      7.05129      7.81127      3.90905     44.00000
     1.91000      7.04819      7.60318      3.61663     44.00000
     1.93000      7.00348      7.63271      3.63677     44.00000
     1.95000      6.76867      7.73539      3.64874     44.00000
     1.97000      6.64798      7.60084      3.66834     44.00000
     1.99000      6.39225      7.71316      4.06296     44.00000
     2.01000      6.81297      7.94508      4.44050     44.00000
     2.03000      6.67875      7.81541      4.30623     44.00000
     2.05000      6.61306      7.78804      4.03536     43.00000
     2.07000      6.92357      7.75980      3.50557     43.00000
     2.09000      6.86227      7.74749      3.46734     43.00000
     2.11000      6.81393      7.73365      3.63954     44.00000
     2.13000      6.84964      7.74479      3.52617     44.00000
     2.15000      6.97625      7.63371      3.41937     44.00000
     2.17000      7.02430      7.82651      3.68723     44.00000
     2.19000      6.84207      7.69788      3.57258     44.00000
     2.21000      6.74063      7.57312      3.51140     44.00000
     2.23000      6.67924      7.51133      3.32722     44.00000
     2.25000      6.81114      7.60265      3.30914     44.00000
     2.27000      6.98990      7.42896      3.06554     44.00000
     2.29000      6.68631      7.34209      3.07580     44.00000
     2.31000      6.73107      7.33876      3.04653     44.00000
     2.33000      6.73397      7.35965      2.95756     44.00000
     2.35000      6.59194      7.36381      3.10610     44.00000
     2.37000      6.67934      7.53292      2.84444     44.00000
     2.39000      6.63548      7.45319      2.64504     44.00000
     2.41000      6.35396      7.24391      2.57122     44.00000
     2.43000      6.55397      7.08403      2.44533     44.00000
     2.45000      6.33398      6.99108      2.48937     44.00000
     2.47000      6.36642      7.05795      2.54279     44.00000
     2.49000      6.39002      6.99042      2.38181     44.00000
     2.51000      6.37556      7.02545      2.61270     44.00000
     2.53000      6.42401      6.97929      2.59197     44.00000
     2.55000      6.40195      6.99908      2.76739     44.00000
     2.57000      6.07268      6.89501      2.75587     44.00000
     2.59000      6.32950      6.83084      2.44009     44.00000
     2.61000      6.50334      6.64833      2.21835     44.00000
     2.63000      6.41054      6.74605      2.43610     44.00000
     2.65000      6.02100      6.71818      2.54760     44.00000
     2.67000      6.42589      6.68251      2.51949     44.00000
     2.69000      6.08692      6.48813      2.48364     44.00000
     2.71000      6.06538      6.57230      2.57232     44.00000
     2.73000      6.33928      7.01603      2.97985     44.00000
     2.75000      6.00969      7.19252      3.54865     44.00000
     2.77000      5.83300      7.57466      4.99852     44.00000
     2.79000      5.85115      7.35293      4.54579     44.00000
     2.81000      6.02777      7.26023      3.90722     44.00000
     2.83000      5.92468      7.20006      3.55377     44.00000
     2.85000      6.04719      7.31830      3.96799     44.00000
     2.87000      6.60022      7.80393      5.56640     44.00000
     2.89000      6.52092      7.81299      5.80551     44.00000
     2.91000      6.26004      7.79124      5.73627     44.00000
     2.93000      6.11936      7.78571      5.76518     44.00000
     2.95000      5.93948      7.67939      5.68095     44.00000
     2.97000      5.93037      7.51718      5.40106     44.00000
     2.99000      5.71260      7.43867      5.07037     44.00000
     3.01000      5.85791      7.42347      5.15924     44.00000
     3.03000      6.02552      7.45402      5.23230     44.00000
     3.05000      6.04250      7.48441      5.25417     44.00000
     3.07000      6.03141      7.41339      5.20151     44.00000
     3.09000      6.14685      7.59742      5.50261     44.00000
     3.11000      6.12120      7.41351      4.98282     44.00000
     3.13000      6.17342      7.58407      5.23133     44.00000
     3.15000      6.13967      7.69243      5.42949     44.00000
     3.17000      6.10083      7.51429      5.18997     44.00000
     3.19000      5.74055      7.25650      4.79518     44.00000
     3.21000      5.84546      7.09344      4.88153     44.00000
     3.23000      5.77696      6.99209      4.77850     44.00000
     3.25000      5.97704      7.15020      4.72531     44.00000
     3.27000      6.23862      7.44193      4.65802     44.00000
     3.29000      6.36994      7.54539      4.73659     44.00000
     3.31000      6.24270      7.53294      4.85420     44.00000
     3.33000      6.60031      8.33897      8.13656     44.00000
     3.35000      6.49904      8.57466     10.23018     44.00000
     3.37000      6.49680      8.77199     11.34893     44.00000
     3.39000      6.53636      8.43166      9.10174     44.00000
     3.41000      6.46166      8.51293      9.12678     44.00000
     3.43000      6.41467      8.17594      6.73986     44.00000
     3.45000      6.36575      7.88710      5.67378     44.00000
     3.47000      6.10846      7.65852      5.32918     44.00000
     3.49000      6.05553      7.46563      4.79972     44.00000
     3.51000      5.98503      7.31043      4.25668     44.00000
     3.53000      6.07948      7.46459      4.66800     44.00000
     3.55000      6.12146      7.51333      4.78776     44.00000
     3.57000      5.97263      7.28614      4.42168     44.00000
     3.59000      5.93242      7.33908      4.89475     44.00000
     3.61000      5.93551      7.21819      4.33214     44.00000
     3.63000      5.83039      7.27371      4.15151     44.00000
     3.65000      5.79599      7.51364      5.37280     44.00000
     3.67000      5.97475      7.34272      5.25664     44.00000
     3.69000      6.01415      7.38739      5.04552     44.00000
     3.71000      6.01104      7.43811      4.88358     44.00000
     3.73000      6.10978      7.47475      4.37787     44.00000
     3.75000      6.15208      7.37195      3.85212     44.00000
     3.77000      6.14266      7.23515      3.50553     44.00000
     3.79000      6.08657      7.06516      3.21520     44.00000
     3.81000      6.04494      6.94914      2.89949     44.00000
     3.83000      6.15746      6.86108      2.88430     44.00000
     3.85000      5.72747      6.93926      3.20653     44.00000
     3.87000      6.07004      7.13277      3.53887     44.00000
     3.89000      6.04994      7.23435      3.45608     44.00000
     3.91000      5.98481      7.14220      3.20979     44.00000
     3.93000      6.03424      7.05183      3.08069     44.00000
     3.95000      6.12839      7.02299      3.03512     44.00000
     3.97000      6.05105      6.93145      2.76175     44.00000
     3.99000      6.16442      6.90651      2.60728     44.00000
     4.01000      6.39540      7.06596      2.70429     44.00000
     4.03000      6.25898      7.27605      3.10788     44.00000
     4.05000      5.97000      7.35073      3.46947     44.00000
     4.07000      6.11730      7.20913      3.16284     44.00000
     4.09000      5.91514      7.38269      3.63824     44.00000
     4.11000      6.08244      7.32098      3.45864     44.00000
     4.13000      6.19396      7.13509      3.02657     44.00000
     4.15000      6.17088      7.21981      2.96831     44.00000
     4.17000      6.13481      7.22411      3.19648     44.00000
     4.19000      6.48968      7.41504      3.26906     44.00000
     4.21000      6.22935      7.35783      3.17486     44.00000
     4.23000      6.17003      7.20115      3.14379     44.00000
     4.25000      6.17064      7.15825      3.14007     44.00000
     4.27000      6.62207      7.30241      3.07406     44.00000
     4.29000      6.48101      7.20223      2.98385     44.00000
     4.31000      6.09683      7.14041      3.09017     44.00000
     4.33000      6.21388      7.18608      3.19637     44.00000
     4.35000      6.39984      7.15629      3.19145     44.00000
     4.37000      6.34372      7.08455      3.28841     44.00000
     4.39000      6.11049      7.05789      3.16443     44.00000
     4.41000      6.12318      7.11865      3.24377     44.00000
     4.43000      6.16621      7.03148      3.23346     44.00000
     4.45000      6.24044      6.96924      3.16520     44.00000
     4.47000      6.18919      6.90526      3.12897     44.00000
     4.49000      6.27013      6.83924      3.08931     44.00000
     4.51000      6.14270      6.80060      2.98488     44.00000
     4.53000      6.12384      6.71876      2.90939     44.00000
     4.55000      6.26802      6.74152      2.92999     44.00000
     4.57000      6.42739      6.70456      2.79483     44.00000
     4.59000      6.42653      6.60640      2.64534     44.00000
     4.61000      6.46467      6.69351      2.86116     44.00000
     4.63000      6.25726      6.77531      2.94285     44.00000
     4.65000      6.17911      6.69085      2.83497     44.00000
     4.67000      5.97279      6.59154      2.81993     44.00000
     4.69000      6.14866      6.56533      2.87106     44.00000
     4.71000      5.97638      6.62785      3.00328     44.00000
     4.73000      5.95515      6.62305      2.97698     44.00000
     4.75000      6.09237      6.59408      2.86945     44.00000
     4.77000      6.09635      6.60755      2.75963     44.00000
     4.79000      6.33568      6.76472      3.11968     44.00000
     4.81000      6.19375      6.80506      3.16756     44.00000
     4.83000      6.05533      6.74606      3.22626     44.00000
     4.85000      5.98185      6.65069      3.22861     44.00000
     4.87000      5.85018      6.64730      3.25519     44.00000
     4.89000      5.84128      6.56009      3.01182     44.00000
     4.91000      5.95764      6.73032      3.10361     44.00000
     4.93000      5.97321      6.80957      3.38571     44.00000
     4.95000      6.00179      6.89048      3.42689     44.00000
     4.97000      5.95210      6.82098      3.33229     44.00000
     4.99000      6.20940      6.87830      3.38648     44.00000
