    -1.99000     -0.25150     -0.23504      0.13310      4.00000
    -1.97000      0.32874      0.25848      0.32339      3.00000
    -1.95000      0.36198      0.36198      0.13110      2.00000
    -1.93000     -0.40427     -0.40427      0.00061      2.00000
    -1.91000     -0.37523     -0.37523      0.24066      2.00000
    -1.89000     -0.52895     -0.52895      0.00000      1.00000
    -1.87000      0.11080      0.10240      0.31025      4.00000
    -1.85000      0.31054      0.31054      0.41431      2.00000
    -1.83000     -0.34985     -0.34985      0.08886      2.00000
    -1.81000     -0.20163     -0.20163      0.23748      2.00000
    -1.79000      0.45843      0.24633      0.39205      3.00000
    -1.77000     -0.11957     -0.31619      0.35693      4.00000
    -1.75000      0.10269      0.10269      0.00000      1.00000
    -1.73000      0.46491      0.46491      0.66844      2.00000
    -1.71000      0.40769      0.40128      0.25221      4.00000
    -1.69000      0.40939      0.27029      0.48612      3.00000
    -1.67000     -0.14546     -0.14546      0.26161      2.00000
    -1.65000     -0.12661     -0.26335      0.36158      4.00000
    -1.63000          nan          nan          nan      0.00000
    -1.61000      0.97097      0.97097      0.22073      2.00000
    -1.59000      0.03044     -0.03858      0.23781      4.00000
    -1.57000     -0.37848     -0.37848      0.04342      2.00000
    -1.55000     -0.46791     -0.46791      0.00664      2.00000
    -1.53000     -0.13623     -0.23927      0.56352      3.00000
    -1.51000     -0.14545     -0.14545      0.00000      1.00000
    -1.49000     -0.07199      0.13764      0.60203      4.00000
    -1.47000     -0.41907     -0.41907      0.00000      1.00000
    -1.45000      0.13404      0.13404      0.21679      2.00000
    -1.43000     -0.00819     -0.00819      0.59632      2.00000
    -1.41000     -0.09268     -0.09268      0.40967      2.00000
    -1.39000     -0.24351     -0.19323      0.69009      4.00000
    -1.37000      0.28072      0.40347      0.84110      4.00000
    -1.35000     -0.03477     -0.03477      0.21220      2.00000
    -1.33000     -0.32132     -0.32132      0.11779      2.00000
    -1.31000     -0.13372     -0.13372      0.12453      2.00000
    -1.29000      0.33752      0.33752      0.00000      1.00000
    -1.27000     -0.27814     -0.48418      0.50400      6.00000
    -1.25000     -0.13399     -0.13399      0.13850      2.00000
    -1.23000      1.28508      1.28508      0.00000      1.00000
    -1.21000     -0.18593     -0.18593      0.28862      2.00000
    -1.19000      0.11307      0.11307      0.10125      2.00000
    -1.17000     -0.04954     -0.19615      0.33490      5.00000
    -1.15000          nan          nan          nan      0.00000
    -1.13000     -0.58364     -0.36599      0.40693      3.00000
    -1.11000      0.67657      0.67657      0.67854      2.00000
    -1.09000     -0.47937     -0.33770      0.31692      3.00000
    -1.07000     -0.08906      0.20702      0.57293      3.00000
    -1.05000      0.31702      0.39201      0.17755      3.00000
    -1.03000      0.21548      0.21548      0.00000      1.00000
    -1.01000     -0.51324     -0.51324      0.00000      1.00000
    -0.99000     -0.20084     -0.17045      0.85199      5.00000
    -0.97000     -0.01010     -0.01010      0.00000      1.00000
    -0.95000      0.44698      0.44698      0.00000      1.00000
    -0.93000     -0.04257     -0.04257      0.14526      2.00000
    -0.91000     -0.26270     -0.26270      0.25115      2.00000
    -0.89000     -0.14354     -0.35556      0.70546      4.00000
    -0.87000      0.46319      0.46319      0.99696      2.00000
    -0.85000     -1.37521     -1.37521      0.00000      1.00000
    -0.83000     -0.04394      0.01788      0.43345      3.00000
    -0.81000      0.06726      0.06726      0.31133      2.00000
    -0.79000     -0.21935     -0.55599      0.62135      3.00000
    -0.77000      0.23432      0.23432      0.00000      1.00000
    -0.75000     -0.30695     -0.08283      0.79479      4.00000
    -0.73000      0.68327      0.44391      0.58402      5.00000
    -0.71000     -0.12339     -0.12339      0.17344      2.00000
    -0.69000     -0.73053     -0.73053      0.52868      2.00000
    -0.67000      0.00249      0.00249      0.55082      2.00000
    -0.65000     -0.03963     -0.03963      0.07464      2.00000
    -0.63000     -0.15718     -0.15718      0.25982      2.00000
    -0.61000      0.67146      0.80283      0.56696      3.00000
    -0.59000     -0.44489     -0.71981      0.58671      3.00000
    -0.57000     -0.11329     -0.11329      0.00000      1.00000
    -0.55000     -0.02138     -0.10723      0.43394      3.00000
    -0.53000     -0.18782     -0.18782      0.00000      1.00000
    -0.51000     -0.01560      0.01356      0.40071      4.00000
    -0.49000     -0.15397     -0.07915      1.12271      3.00000
    -0.47000          nan          nan          nan      0.00000
    -0.45000     -0.13648     -0.05592      0.39096      4.00000
    -0.43000      0.85990      0.85990      0.32785      2.00000
    -0.41000      0.37339      0.39250      0.68154      3.00000
    -0.39000     -0.16681     -0.39186      1.02078      3.00000
    -0.37000     -0.21556      0.19430      0.84148      3.00000
    -0.35000      0.49756      0.47458      0.06606      3.00000
    -0.33000          nan          nan          nan      0.00000
    -0.31000     -0.39787     -0.53069      0.71482      4.00000
    -0.29000      0.91956      0.91956      0.00000      1.00000
    -0.27000      0.05757      0.19895      0.27091      3.00000
    -0.25000      0.31631      0.31631      0.84038      2.00000
    -0.23000      0.23080      0.40883      0.51432      3.00000
    -0.21000     -0.35035     -0.44720      0.83209      3.00000
    -0.19000     -0.61154     -0.61154      0.00000      1.00000
    -0.17000      0.21221      0.24240      0.52758      4.00000
    -0.15000          nan          nan          nan      0.00000
    -0.13000      0.39439      0.39514      1.21643      4.00000
    -0.11000      0.41375      0.11795      0.84886      4.00000
    -0.09000     -0.04262      0.15351      0.76159      3.00000
    -0.07000      1.07128      1.07128      0.42719      2.00000
    -0.05000          nan          nan          nan      0.00000
    -0.03000     -0.54922     -0.25483      0.51077      3.00000
    -0.01000      0.41316      0.34281      0.93169      4.00000
     0.01000     -0.20149     -0.20149      1.40487      2.00000
     0.03000      0.40986      0.40986      0.13271      2.00000
     0.05000      0.63601      0.63601      0.00000      1.00000
     0.07000     -0.59676     -0.67002      0.23820      3.00000
     0.09000     -0.78173     -0.70325      0.38223      3.00000
     0.11000     -1.72287     -1.72287      0.56563      2.00000
     0.13000     -1.45807     -1.45807      1.06245      2.00000
     0.15000     -1.11253     -1.00864      0.15438      3.00000
     0.17000     -1.25383     -0.85203      0.79107      3.00000
     0.19000      0.17402      0.17402      0.67711      2.00000
     0.21000     -1.90054     -1.90054      0.17365      2.00000
     0.23000     -1.25513     -1.25513      0.18967      2.00000
     0.25000      0.16662     -0.36113      1.03539      3.00000
     0.27000     -2.31106     -1.81276      1.42887      5.00000
     0.29000     -1.42063     -1.42063      0.36545      2.00000
     0.31000     -3.31003     -3.07600      1.09418      3.00000
     0.33000          nan          nan          nan      0.00000
     0.35000     -1.57596     -1.57596      0.79149      2.00000
     0.37000     -2.49770     -3.01495      1.71082      4.00000
     0.39000     -3.36614     -3.36614      1.97490      2.00000
     0.41000     -2.86374     -3.24357      0.56633      3.00000
     0.43000     -3.68255     -3.68255      2.87647      2.00000
     0.45000     -3.54049     -3.54049      0.00000      1.00000
     0.47000     -2.76305     -3.14843      1.69255      3.00000
     0.49000     -5.96194     -5.96194      1.77854      2.00000
     0.51000     -1.09988     -0.99873      1.58982      3.00000
     0.53000     -4.02288     -4.27250      2.63315      4.00000
     0.55000     -4.58945     -4.58945      0.00000      1.00000
     0.57000     -3.20935     -2.88501      2.57565      4.00000
     0.59000     -6.62493     -6.62493      2.00164      2.00000
     0.61000     -1.78959     -1.78959      0.00000      1.00000
     0.63000     -3.68697     -3.68697      0.00000      1.00000
     0.65000     -5.52493     -5.17349      2.49264      5.00000
     0.67000     -3.56190     -3.75667      2.13293      3.00000
     0.69000     -7.00597     -7.00597      2.01047      2.00000
     0.71000     -2.14625     -2.14625      0.00000      1.00000
     0.73000     -5.20043     -5.20043      0.56586      2.00000
     0.75000     -6.84924     -6.84858      1.83785      3.00000
     0.77000     -1.09119     -1.09119      0.00000      1.00000
     0.79000     -2.28675     -2.18332      1.63056      5.00000
     0.81000     -5.60377     -5.17648      3.63112      4.00000
     0.83000     -5.52562     -5.52562      0.00000      1.00000
     0.85000     -7.60899     -7.60899      0.00000      1.00000
     0.87000     -3.96709     -4.88117      3.44074      3.00000
     0.89000     -2.78224     -3.29451      1.67654      4.00000
     0.91000     -9.48902     -9.48902      0.00000      1.00000
     0.93000     -5.09313     -4.47062      2.33058      4.00000
     0.95000     -7.75272     -7.75272      0.00000      1.00000
     0.97000     -3.54045     -4.75668      3.03938      5.00000
     0.99000          nan          nan          nan      0.00000
     1.01000          nan          nan          nan      0.00000
     1.03000     -7.88194     -7.88194      1.71341      2.00000
     1.05000     -4.76173     -4.49799      2.27717      5.00000
     1.07000     -6.33772     -4.76007      2.78110      3.00000
     1.09000     -9.90253     -9.90253      0.00000      1.00000
     1.11000     -6.47307     -6.47307      0.00000      1.00000
     1.13000     -3.51034     -4.33278      3.43945      4.00000
     1.15000     -6.74600     -6.74600      1.53034      2.00000
     1.17000     -3.87294     -3.87294      2.94978      2.00000
     1.19000     -7.95302     -6.95544      2.86108      4.00000
     1.21000     -2.13440     -3.59887      2.51531      3.00000
     1.23000     -5.24808     -5.24808      0.00000      1.00000
     1.25000     -8.00939     -7.65491      2.01483      3.00000
     1.27000     -4.73044     -4.73044      2.48706      2.00000
     1.29000     -1.28532     -1.28532      0.00000      1.00000
     1.31000     -7.57497     -6.82545      2.80983      4.00000
     1.33000     -5.58313     -5.10319      1.96884      3.00000
     1.35000     -7.84518     -6.84659      2.77917      4.00000
     1.37000     -4.80743     -4.80743      0.00000      1.00000
     1.39000     -1.89305     -1.89305      0.00000      1.00000
     1.41000     -7.01447     -7.13464      1.54764      3.00000
     1.43000     -7.81807     -7.81807      0.02706      2.00000
     1.45000     -3.65957     -3.82958      2.38672      3.00000
     1.47000     -4.46427     -4.86004      3.00496      4.00000
     1.49000     -4.93582     -4.93582      0.00000      1.00000
     1.51000     -6.43923     -6.44176      1.31982      3.00000
     1.53000     -8.04019     -8.04019      0.00000      1.00000
     1.55000     -1.62333     -2.49981      1.95886      4.00000
     1.57000     -7.80526     -7.80526      0.53776      2.00000
     1.59000     -5.31556     -5.18955      0.50869      3.00000
     1.61000     -2.30444     -2.30444      0.00000      1.00000
     1.63000     -6.35211     -5.58220      2.76243      4.00000
     1.65000     -3.16662     -3.16662      2.66354      2.00000
     1.67000          nan          nan          nan      0.00000
     1.69000     -6.59685     -6.35104      1.78832      4.00000
     1.71000     -1.30689     -1.30689      0.00000      1.00000
     1.73000     -5.24364     -5.63823      2.44410      5.00000
     1.75000     -4.70239     -3.94049      2.07670      3.00000
     1.77000     -4.21054     -4.21054      0.00000      1.00000
     1.79000     -5.36771     -4.84218      2.84652      3.00000
     1.81000     -2.40748     -2.40748      0.00000      1.00000
     1.83000     -7.34962     -7.26864      0.94978      3.00000
     1.85000     -4.99680     -4.99680      2.88544      2.00000
     1.87000     -2.93694     -2.93751      1.47064      6.00000
     1.89000     -6.52947     -6.52947      0.00000      1.00000
     1.91000     -8.01221     -8.01221      0.00000      1.00000
     1.93000     -7.21094     -7.21094      0.72659      2.00000
     1.95000     -3.88630     -4.54358      2.77728      5.00000
     1.97000     -6.47307     -6.47307      0.00000      1.00000
     1.99000     -4.96698     -4.96698      0.47467      2.00000
     2.01000     -4.76904     -4.76904      2.90054      2.00000
     2.03000     -6.23621     -6.22050      1.29943      3.00000
     2.05000     -1.88707     -1.88707      1.02842      2.00000
     2.07000     -7.31515     -7.57293      1.43850      3.00000
     2.09000     -7.59598     -7.59598      0.00000      1.00000
     2.11000     -5.16354     -5.16354      0.86965      2.00000
     2.13000     -4.76515     -4.65903      2.39916      6.00000
     2.15000     -1.61612     -1.61612      0.00000      1.00000
     2.17000     -6.60275     -6.60275      0.54700      2.00000
     2.19000     -2.80199     -2.80199      0.00000      1.00000
     2.21000     -5.94295     -5.43280      3.11364      5.00000
     2.23000     -4.24621     -4.24621      2.93899      2.00000
     2.25000     -4.98274     -4.98274      0.49043      2.00000
     2.27000     -5.59330     -5.59330      0.00000      1.00000
     2.29000     -1.93733     -3.04428      2.76259      3.00000
     2.31000     -5.57074     -7.21085      4.25126      3.00000
     2.33000     -2.07364     -2.07364      0.23833      2.00000
     2.35000     -7.01088     -6.70012      0.48834      3.00000
     2.37000     -2.82997     -2.82997      2.32761      2.00000
     2.39000     -7.07423     -6.70307      2.77540      4.00000
     2.41000     -9.33992     -9.33992      3.91581      2.00000
     2.43000     -2.24718     -2.24718      0.34426      2.00000
     2.45000     -6.01063     -4.48274      3.11076      3.00000
     2.47000     -6.74400     -6.74400      0.00000      1.00000
     2.49000     -3.69709     -3.69709      1.36711      2.00000
     2.51000     -6.65696     -7.25137      3.11396      4.00000
     2.53000     -2.30339     -2.82269      2.13831      3.00000
     2.55000     -5.80760     -4.95006      2.26731      3.00000
     2.57000     -2.36240     -2.36240      0.00000      1.00000
     2.59000     -6.16763     -6.16763      0.59689      2.00000
     2.61000     -5.77463     -5.64723      4.00346      4.00000
     2.63000     -2.69946     -2.69946      0.00000      1.00000
     2.65000     -5.76734     -5.76734      0.24172      2.00000
     2.67000     -4.77568     -4.77568      2.32681      2.00000
     2.69000     -1.59317     -2.39297      2.05286      3.00000
     2.71000    -10.96772    -10.96772      0.17602      2.00000
     2.73000     -5.31132     -5.31269      1.56520      5.00000
     2.75000     -2.62179     -2.62179      0.00000      1.00000
     2.77000     -7.03160     -7.03160      0.00000      1.00000
     2.79000     -5.07445     -3.60801      2.60299      3.00000
     2.81000     -9.86769     -9.86769      0.00000      1.00000
     2.83000     -2.51943     -3.31821      1.81066      7.00000
     2.85000     -6.47711     -6.47711      0.00000      1.00000
     2.87000     -2.16879     -2.16879      2.19513      2.00000
     2.89000     -6.11590     -6.11590      0.45493      2.00000
     2.91000     -5.47633     -5.47633      3.22094      2.00000
     2.93000     -5.19853     -4.72738      1.69234      3.00000
     2.95000     -3.29158     -3.29158      3.43285      2.00000
     2.97000     -3.34345     -3.34345      1.94530      2.00000
     2.99000     -6.07678     -5.93561      1.47680      3.00000
     3.01000     -2.94602     -6.25426      4.99189      3.00000
     3.03000     -2.13743     -2.13743      3.10622      2.00000
     3.05000     -6.56683     -6.56683      0.92554      2.00000
     3.07000     -5.39027     -5.39027      0.00000      1.00000
     3.09000     -7.15725     -7.15725      0.00000      1.00000
     3.11000     -2.81633     -3.20702      2.32551      7.00000
     3.13000     -5.27748     -5.27748      0.00000      1.00000
     3.15000          nan          nan          nan      0.00000
     3.17000     -5.42411     -5.16267      1.28911      3.00000
     3.19000     -3.99149     -3.51858      2.81657      4.00000
     3.21000     -5.16469     -4.18862      2.28623      3.00000
     3.23000     -2.90602     -2.90602      1.02605      2.00000
     3.25000     -5.26586     -5.26586      0.00000      1.00000
     3.27000     -5.27748     -3.38607      3.07129      3.00000
     3.29000     -4.33808     -4.33808      2.00810      2.00000
     3.31000     -5.27748     -3.87486      2.50291      3.00000
     3.33000     -8.32949     -8.32949      2.66837      2.00000
     3.35000     -3.02825     -2.29157      2.40894      3.00000
     3.37000     -3.92040     -3.86169      1.44843      5.00000
     3.39000     -5.52483     -5.52483      0.00000      1.00000
     3.41000     -2.57562     -2.57562      2.40860      2.00000
     3.43000     -2.60018     -2.60018      3.56897      2.00000
     3.45000     -5.43413     -5.43413      0.28072      2.00000
     3.47000     -2.08140     -2.08140      0.00000      1.00000
     3.49000     -4.38819     -4.44493      1.09519      4.00000
     3.51000     -1.62759     -2.19835      1.82887      3.00000
     3.53000      1.80780      1.80780      0.00000      1.00000
     3.55000     -4.51050     -3.90336      1.51371      3.00000
     3.57000          nan          nan          nan      0.00000
     3.59000     -4.97224     -5.04405      0.64337      4.00000
     3.61000     -0.61110     -0.98158      2.40554      3.00000
     3.63000     -4.52679     -4.52679      0.00000      1.00000
     3.65000     -4.02549     -4.59615      3.12909      5.00000
     3.67000          nan          nan          nan      0.00000
     3.69000     -2.26154     -1.80972      2.54014      4.00000
     3.71000     -5.13328     -5.13328      0.28736      2.00000
     3.73000     -2.29755     -2.29755      1.01593      2.00000
     3.75000     -4.32747     -4.32747      0.30197      2.00000
     3.77000     -1.93892     -1.93892      3.35595      2.00000
     3.79000     -2.69158     -2.60390      1.46313      4.00000
     3.81000     -2.99431     -3.38532      1.64479      3.00000
     3.83000     -3.45025     -3.45025      0.00000      1.00000
     3.85000     -3.67530     -2.37180      2.97078      3.00000
     3.87000     -3.57740     -4.21833      0.94528      3.00000
     3.89000     -3.67584     -3.16095      1.83953      3.00000
     3.91000     -1.50859     -1.50859      0.00000      1.00000
     3.93000     -2.43061     -2.24703      2.57946      4.00000
     3.95000     -8.88838     -8.88838      0.00000      1.00000
     3.97000     -3.78947     -3.78947      0.45201      2.00000
     3.99000     -3.53524     -3.14335      1.95800      5.00000
     4.01000     -1.26979     -1.26979      3.12356      2.00000
     4.03000     -3.76784     -3.76784      0.72364      2.00000
     4.05000     -1.42109     -1.42109      0.00000      1.00000
     4.07000     -4.12379     -4.12379      1.00063      2.00000
     4.09000     -1.34939     -1.36667      2.17484      4.00000
     4.11000     -4.28188     -4.28188      1.30687      2.00000
     4.13000     -3.23396     -3.23396      0.03185      2.00000
     4.15000     -4.47156     -4.47156      0.24000      2.00000
     4.17000     -2.47373     -1.89933      2.55236      4.00000
     4.19000     -1.05399     -1.60862      2.08743      3.00000
     4.21000     -2.94269     -2.94269      0.00000      1.00000
     4.23000     -3.23178     -3.23178      0.00000      1.00000
     4.25000     -4.91923     -4.91923      0.23871      2.00000
     4.27000     -3.73024     -3.16667      2.72847      6.00000
     4.29000      0.30105      0.30105      0.00000      1.00000
     4.31000     -3.77800     -3.77800      1.41054      2.00000
     4.33000     -0.93927     -0.93927      0.00000      1.00000
     4.35000     -2.17487     -1.50121      1.90435      4.00000
     4.37000     -4.95171     -4.65064      0.97591      4.00000
     4.39000      0.67311      0.67311      0.00000      1.00000
     4.41000     -4.70129     -4.17742      1.17646      3.00000
     4.43000      1.03775      1.03775      0.00000      1.00000
     4.45000     -2.23210     -2.56960      0.66868      3.00000
     4.47000     -2.74158     -2.45674      2.31359      5.00000
     4.49000          nan          nan          nan      0.00000
     4.51000     -2.45769     -2.33350      2.58141      3.00000
     4.53000     -4.92712     -3.91069      1.53135      3.00000
     4.55000     -2.10803     -2.10803      0.00000      1.00000
     4.57000     -1.98540     -1.98540      2.50248      2.00000
     4.59000     -3.85106     -3.26886      2.73409      4.00000
     4.61000     -1.45561     -1.45561      1.22761      2.00000
     4.63000     -3.28923     -3.28923      1.52125      2.00000
     4.65000     -4.43546     -4.18136      0.99622      4.00000
     4.67000      0.59597      0.59597      0.23490      2.00000
     4.69000     -3.40018     -3.40018      1.29215      2.00000
     4.71000     -1.32486     -1.32486      0.00000      1.00000
     4.73000     -1.58340     -1.58340      1.28656      2.00000
     4.75000     -3.20317     -2.73734      1.62537      4.00000
     4.77000     -2.46149     -2.46149      2.82255      2.00000
     4.79000     -3.07140     -3.22920      1.22038      4.00000
     4.81000     -4.71596     -4.71596      0.00000      1.00000
     4.83000     -1.58824     -1.58824      0.97096      2.00000
     4.85000     -3.66653     -3.68041      0.76275      3.00000
     4.87000      0.10164      0.10164      0.03138      2.00000
     4.89000     -1.95012     -2.18361      0.43216      3.00000
     4.91000     -4.52679     -4.13550      1.77560      5.00000
     4.93000     -1.71326     -1.71326      0.00000      1.00000
     4.95000     -3.34826     -3.34826      0.00000      1.00000
     4.97000     -1.85989     -1.96194      1.30805      5.00000
     4.99000          nan          nan          nan      0.00000
