    -1.99000      0.37150      0.40285      0.18463     44.00000
    -1.97000      0.37042      0.40614      0.20008     44.00000
    -1.95000      0.37944      0.42110      0.20179     44.00000
    -1.93000      0.39955      0.40613      0.16445     44.00000
    -1.91000      0.39085      0.42479      0.21541     44.00000
    -1.89000      0.34585      0.41861      0.23762     44.00000
    -1.87000      0.33963      0.40702      0.23068     44.00000
    -1.85000      0.35205      0.39857      0.19806     44.00000
    -1.83000      0.30967      0.39596      0.24229     44.00000
    -1.81000      0.36194      0.41263      0.24421     44.00000
    -1.79000      0.35894      0.41023      0.20083     44.00000
    -1.77000      0.39116      0.44735      0.27402     44.00000
    -1.75000      0.36389      0.42336      0.26343     44.00000
    -1.73000      0.30646      0.41268      0.23825     44.00000
    -1.71000      0.31505      0.38535      0.23251     44.00000
    -1.69000      0.33127      0.37017      0.21624     44.00000
    -1.67000      0.36364      0.42847      0.30882     44.00000
    -1.65000      0.29004      0.40946      0.36921     44.00000
    -1.63000      0.30384      0.41986      0.36488     44.00000
    -1.61000      0.31139      0.45848      0.46568     44.00000
    -1.59000      0.33790      0.43068      0.32846     44.00000
    -1.57000      0.33652      0.45884      0.39571     44.00000
    -1.55000      0.29438      0.40467      0.31709     44.00000
    -1.53000      0.30658      0.41214      0.31697     44.00000
    -1.51000      0.33117      0.38875      0.21811     44.00000
    -1.49000      0.35466      0.43067      0.30882     44.00000
    -1.47000      0.38243      0.46232      0.39358     44.00000
    -1.45000      0.33869      0.40641      0.22055     44.00000
    -1.43000      0.34617      0.38862      0.20644     44.00000
    -1.41000      0.35043      0.41855      0.29001     44.00000
    -1.39000      0.35040      0.43282      0.32370     44.00000
    -1.37000      0.33323      0.39537      0.23151     44.00000
    -1.35000      0.37822      0.41819      0.24966     44.00000
    -1.33000      0.37563      0.40046      0.23055     44.00000
    -1.31000      0.37785      0.42006      0.20249     44.00000
    -1.29000      0.34009      0.38542      0.21148     44.00000
    -1.27000      0.31497      0.37191      0.19599     44.00000
    -1.25000      0.31042      0.39756      0.23623     44.00000
    -1.23000      0.32190      0.38898      0.24883     44.00000
    -1.21000      0.32954      0.41009      0.24605     44.00000
    -1.19000      0.35089      0.40289      0.24926     44.00000
    -1.17000      0.32043      0.42361      0.30918     44.00000
    -1.15000      0.34307      0.39718      0.24156     44.00000
    -1.13000      0.33105      0.39796      0.24516     44.00000
    -1.11000      0.31603      0.41108      0.30581     44.00000
    -1.09000      0.39633      0.40880      0.19826     44.00000
    -1.07000      0.33304      0.40093      0.22580     44.00000
    -1.05000      0.36567      0.43343      0.27325     44.00000
    -1.03000      0.34823      0.43876      0.27452     44.00000
    -1.01000      0.39046      0.44595      0.26781     44.00000
    -0.99000      0.36448      0.44645      0.26918     44.00000
    -0.97000      0.33802      0.44052      0.26936     44.00000
    -0.95000      0.38081      0.44092      0.27821     44.00000
    -0.93000      0.37042      0.41511      0.26093     44.00000
    -0.91000      0.39077      0.42230      0.22450     44.00000
    -0.89000      0.37692      0.41870      0.23182     44.00000
    -0.87000      0.38857      0.43667      0.22486     44.00000
    -0.85000      0.41881      0.40987      0.17494     44.00000
    -0.83000      0.32335      0.37144      0.15945     44.00000
    -0.81000      0.33558      0.37802      0.18794     44.00000
    -0.79000      0.35607      0.39017      0.18338     44.00000
    -0.77000      0.36449      0.39544      0.19182     44.00000
    -0.75000      0.32860      0.36081      0.16102     44.00000
    -0.73000      0.33210      0.35948      0.15816     44.00000
    -0.71000      0.31594      0.33746      0.15106     44.00000
    -0.69000      0.34907      0.35670      0.16105     44.00000
    -0.67000      0.30580      0.36786      0.22144     44.00000
    -0.65000      0.32581      0.36763      0.21865     44.00000
    -0.63000      0.29965      0.37852      0.24906     44.00000
    -0.61000      0.31510      0.36704      0.22181     44.00000
    -0.59000      0.29128      0.37546      0.28232     44.00000
    -0.57000      0.29540      0.37009      0.22517     44.00000
    -0.55000      0.33400      0.38306      0.22768     44.00000
    -0.53000      0.33635      0.39891      0.19516     44.00000
    -0.51000      0.34230      0.42256      0.24840     44.00000
    -0.49000      0.32254      0.39961      0.24065     44.00000
    -0.47000      0.36357      0.41689      0.24127     44.00000
    -0.45000      0.37417      0.41367      0.21248     44.00000
    -0.43000      0.34195      0.39012      0.21038     44.00000
    -0.41000      0.33537      0.38143      0.19275     44.00000
    -0.39000      0.36561      0.42315      0.22384     44.00000
    -0.37000      0.35833      0.44238      0.27199     44.00000
    -0.35000      0.35563      0.43920      0.29315     44.00000
    -0.33000      0.37159      0.46272      0.32730     44.00000
    -0.31000      0.34962      0.43995      0.31496     44.00000
    -0.29000      0.35389      0.41269      0.24466     44.00000
    -0.27000      0.33314      0.41872      0.27482     44.00000
    -0.25000      0.31469      0.41544      0.21297     44.00000
    -0.23000      0.37919      0.45687      0.27272     44.00000
    -0.21000      0.39662      0.45005      0.23370     44.00000
    -0.19000      0.36926      0.42346      0.21738     44.00000
    -0.17000      0.37790      0.47513      0.34459     44.00000
    -0.15000      0.41735      0.49825      0.32599     44.00000
    -0.13000      0.38889      0.46986      0.31324     44.00000
    -0.11000      0.40251      0.50307      0.34226     44.00000
    -0.09000      0.46195      0.50263      0.26160     44.00000
    -0.07000      0.46972      0.55701      0.32846     44.00000
    -0.05000      0.56944      0.57251      0.32969     44.00000
    -0.03000      0.59869      0.65924      0.42698     44.00000
    -0.01000      0.65547      0.85389      0.68570     44.00000
     0.01000      1.35345      1.60270      1.08852     44.00000
     0.03000      1.16916      1.46143      0.95849     44.00000
     0.05000      1.13380      1.45927      1.11122     44.00000
     0.07000      1.07486      1.43370      1.12875     44.00000
     0.09000      1.26466      1.39266      1.01062     44.00000
     0.11000      1.01103      1.39942      1.10264     44.00000
     0.13000      1.06211      1.34217      1.02289     44.00000
     0.15000      1.01902      1.19814      0.81937     44.00000
     0.17000      1.03878      1.19567      0.89860     44.00000
     0.19000      0.96086      1.11193      0.74464     44.00000
     0.21000      0.94241      1.14241      0.78061     44.00000
     0.23000      0.92503      1.13632      0.85686     44.00000
     0.25000      0.89111      1.06637      0.69102     44.00000
     0.27000      0.89996      1.03456      0.72538     44.00000
     0.29000      0.73674      0.92461      0.67015     44.00000
     0.31000      0.80586      1.06347      0.77547     44.00000
     0.33000      0.84055      0.93518      0.55875     44.00000
     0.35000      0.87035      1.04446      0.72627     44.00000
     0.37000      0.80105      0.97817      0.59808     44.00000
     0.39000      0.81753      0.86066      0.39749     44.00000
     0.41000      0.82165      0.98797      0.63471     44.00000
     0.43000      0.83761      0.95676      0.70440     44.00000
     0.45000      0.68756      0.84716      0.55915     44.00000
     0.47000      0.65761      0.87669      0.67227     44.00000
     0.49000      0.68912      0.85133      0.64114     44.00000
     0.51000      0.68493      0.79150      0.49553     44.00000
     0.53000      0.78804      0.91914      0.71581     44.00000
     0.55000      0.66643      0.83623      0.70725     44.00000
     0.57000      0.71756      0.82893      0.63841     44.00000
     0.59000      0.68370      0.83497      0.77265     44.00000
     0.61000      0.59367      0.70612      0.50746     44.00000
     0.63000      0.63004      0.77541      0.53542     44.00000
     0.65000      0.64958      0.82066      0.54883     44.00000
     0.67000      0.62707      0.76703      0.53745     44.00000
     0.69000      0.53267      0.73105      0.45708     44.00000
     0.71000      0.59290      0.73682      0.51823     44.00000
     0.73000      0.61590      0.76699      0.51862     44.00000
     0.75000      0.61302      0.83365      0.57939     44.00000
     0.77000      0.61661      0.81357      0.69898     44.00000
     0.79000      0.57859      0.69107      0.46374     44.00000
     0.81000      0.48110      0.63909      0.45142     44.00000
     0.83000      0.59395      0.67656      0.38180     44.00000
     0.85000      0.58857      0.73446      0.45618     44.00000
     0.87000      0.56923      0.68652      0.43496     44.00000
     0.89000      0.51475      0.62928      0.39006     44.00000
     0.91000      0.61189      0.66438      0.35677     44.00000
     0.93000      0.62480      0.66903      0.38801     44.00000
     0.95000      0.47761      0.62175      0.41709     44.00000
     0.97000      0.52874      0.59314      0.35654     44.00000
     0.99000      0.49353      0.64749      0.44276     44.00000
     1.01000      0.45630      0.64365      0.49840     44.00000
     1.03000      0.38592      0.62078      0.48589     44.00000
     1.05000      0.41095      0.61343      0.50356     44.00000
     1.07000      0.42682      0.62741      0.58722     44.00000
     1.09000      0.40252      0.61289      0.56681     44.00000
     1.11000      0.38019      0.53839      0.40348     44.00000
     1.13000      0.39050      0.55566      0.46132     44.00000
     1.15000      0.36900      0.48494      0.31896     44.00000
     1.17000      0.39860      0.48174      0.35372     44.00000
     1.19000      0.45347      0.48964      0.33429     44.00000
     1.21000      0.39925      0.51738      0.42403     44.00000
     1.23000      0.35424      0.50275      0.42308     44.00000
     1.25000      0.32431      0.49585      0.51246     44.00000
     1.27000      0.38833      0.51652      0.43540     44.00000
     1.29000      0.32553      0.51425      0.53923     44.00000
     1.31000      0.31311      0.45552      0.44456     44.00000
     1.33000      0.29971      0.42821      0.36424     44.00000
     1.35000      0.30816      0.48223      0.50005     44.00000
     1.37000      0.32490      0.42835      0.42222     44.00000
     1.39000      0.28038      0.38047      0.31137     44.00000
     1.41000      0.30234      0.39097      0.29148     44.00000
     1.43000      0.31163      0.43571      0.39052     44.00000
     1.45000      0.28715      0.36330      0.27334     44.00000
     1.47000      0.26496      0.33873      0.20261     44.00000
     1.49000      0.27533      0.39532      0.33782     44.00000
     1.51000      0.32364      0.43535      0.32070     44.00000
     1.53000      0.32219      0.44472      0.44062     44.00000
     1.55000      0.28539      0.40416      0.29440     44.00000
     1.57000      0.34644      0.40976      0.27143     44.00000
     1.59000      0.30021      0.37034      0.22931     44.00000
     1.61000      0.30180      0.39134      0.31612     44.00000
     1.63000      0.28682      0.39232      0.50686     44.00000
     1.65000      0.26624      0.35657      0.28123     44.00000
     1.67000      0.27268      0.41312      0.57846     44.00000
     1.69000      0.26355      0.37593      0.29111     44.00000
     1.71000      0.27469      0.37090      0.36365     44.00000
     1.73000      0.28094      0.38587      0.28683     44.00000
     1.75000      0.28274      0.38896      0.38515     44.00000
     1.77000      0.25947      0.34778      0.29866     44.00000
     1.79000      0.30073      0.47942      0.95145     44.00000
     1.81000      0.28642      0.40514      0.47239     44.00000
     1.83000      0.28201      0.37831      0.30188     44.00000
     1.85000      0.27513      0.38091      0.33412     44.00000
     1.87000      0.26894      0.42913      0.46702     44.00000
     1.89000      0.26967      0.38598      0.32929     44.00000
     1.91000      0.26199      0.41617      0.52772     44.00000
     1.93000      0.27773      0.38151      0.27887     44.00000
     1.95000      0.27814      0.39611      0.34501     44.00000
     1.97000      0.27197      0.36877      0.22231     44.00000
     1.99000      0.29673      0.37165      0.31469     44.00000
     2.01000      0.30661      0.36197      0.20016     44.00000
     2.03000      0.28572      0.38422      0.24365     44.00000
     2.05000      0.31307      0.38513      0.24772     44.00000
     2.07000      0.33489      0.38117      0.23115     44.00000
     2.09000      0.30325      0.37040      0.29023     44.00000
     2.11000      0.31978      0.34582      0.18660     44.00000
     2.13000      0.30932      0.35771      0.17750     44.00000
     2.15000      0.31711      0.34570      0.16197     44.00000
     2.17000      0.27616      0.35178      0.22618     44.00000
     2.19000      0.28478      0.37233      0.22538     44.00000
     2.21000      0.30087      0.37880      0.21165     44.00000
     2.23000      0.30186      0.38583      0.24488     44.00000
     2.25000      0.30380      0.35454      0.18283     44.00000
     2.27000      0.28289      0.38172      0.24895     44.00000
     2.29000      0.29258      0.38605      0.29442     44.00000
     2.31000      0.29266      0.33697      0.17073     44.00000
     2.33000      0.26458      0.33251      0.20901     44.00000
     2.35000      0.30550      0.37632      0.23210     44.00000
     2.37000      0.35985      0.41122      0.27310     44.00000
     2.39000      0.31354      0.38436      0.22417     44.00000
     2.41000      0.27795      0.37895      0.25543     44.00000
     2.43000      0.29218      0.36917      0.23197     44.00000
     2.45000      0.30393      0.38642      0.23649     44.00000
     2.47000      0.29092      0.38491      0.24736     44.00000
     2.49000      0.31671      0.36767      0.20278     44.00000
     2.51000      0.27901      0.39073      0.25415     44.00000
     2.53000      0.30250      0.38271      0.24970     44.00000
     2.55000      0.30359      0.39713      0.26385     44.00000
     2.57000      0.29500      0.38944      0.27623     44.00000
     2.59000      0.30331      0.39486      0.24163     44.00000
     2.61000      0.33866      0.43912      0.30404     44.00000
     2.63000      0.35119      0.42010      0.22714     44.00000
     2.65000      0.28864      0.41951      0.27819     44.00000
     2.67000      0.27005      0.40439      0.29262     44.00000
     2.69000      0.28911      0.36368      0.22339     44.00000
     2.71000      0.28125      0.40853      0.29619     44.00000
     2.73000      0.29806      0.41793      0.31349     44.00000
     2.75000      0.33286      0.45634      0.39771     44.00000
     2.77000      0.32100      0.40892      0.26522     44.00000
     2.79000      0.29986      0.38462      0.24699     44.00000
     2.81000      0.30783      0.37599      0.23644     44.00000
     2.83000      0.33179      0.38554      0.25761     44.00000
     2.85000      0.34946      0.41400      0.28377     44.00000
     2.87000      0.34367      0.43679      0.30600     44.00000
     2.89000      0.28597      0.43353      0.32372     44.00000
     2.91000      0.28066      0.39838      0.29971     44.00000
     2.93000      0.28298      0.43200      0.38252     44.00000
     2.95000      0.31643      0.42700      0.33214     44.00000
     2.97000      0.30369      0.46597      0.49960     44.00000
     2.99000      0.28617      0.44078      0.39152     44.00000
     3.01000      0.28349      0.40321      0.32068     44.00000
     3.03000      0.28712      0.41372      0.32056     44.00000
     3.05000      0.27617      0.37685      0.26329     44.00000
     3.07000      0.28380      0.39142      0.29174     44.00000
     3.09000      0.30876      0.41633      0.34202     44.00000
     3.11000      0.33627      0.42346      0.30767     44.00000
     3.13000      0.34413      0.42366      0.29069     44.00000
     3.15000      0.35735      0.41371      0.26630     44.00000
     3.17000      0.37238      0.44046      0.31778     44.00000
     3.19000      0.36078      0.42510      0.29925     44.00000
     3.21000      0.32850      0.41462      0.25955     44.00000
     3.23000      0.34682      0.42109      0.27675     44.00000
     3.25000      0.33147      0.43363      0.28286     44.00000
     3.27000      0.32809      0.46107      0.35846     44.00000
     3.29000      0.32622      0.44498      0.28589     44.00000
     3.31000      0.31079      0.42630      0.32919     44.00000
     3.33000      0.31360      0.45462      0.36166     44.00000
     3.35000      0.34537      0.44872      0.32042     44.00000
     3.37000      0.32488      0.49601      0.47927     44.00000
     3.39000      0.39535      0.53116      0.42408     44.00000
     3.41000      0.37537      0.49670      0.45714     44.00000
     3.43000      0.34949      0.46033      0.37627     44.00000
     3.45000      0.33202      0.45101      0.33112     44.00000
     3.47000      0.28801      0.40105      0.27497     44.00000
     3.49000      0.28703      0.39583      0.30503     44.00000
     3.51000      0.30611      0.43193      0.31673     44.00000
     3.53000      0.34090      0.41369      0.26473     44.00000
     3.55000      0.35564      0.44824      0.26851     44.00000
     3.57000      0.33778      0.46084      0.29277     44.00000
     3.59000      0.32400      0.41182      0.25596     44.00000
     3.61000      0.32539      0.41228      0.28772     44.00000
     3.63000      0.34869      0.39967      0.23540     44.00000
     3.65000      0.33417      0.38164      0.17867     44.00000
     3.67000      0.34748      0.36023      0.16931     44.00000
     3.69000      0.34865      0.40795      0.22668     44.00000
     3.71000      0.38791      0.42506      0.23833     44.00000
     3.73000      0.36407      0.48969      0.43843     44.00000
     3.75000      0.33740      0.41635      0.22636     44.00000
     3.77000      0.36426      0.44464      0.28077     44.00000
     3.79000      0.33115      0.44651      0.40498     44.00000
     3.81000      0.33949      0.45381      0.36702     44.00000
     3.83000      0.33699      0.44843      0.33613     44.00000
     3.85000      0.31125      0.42784      0.36114     44.00000
     3.87000      0.31717      0.41343      0.30674     44.00000
     3.89000      0.30629      0.46215      0.38625     44.00000
     3.91000      0.34355      0.44053      0.33874     44.00000
     3.93000      0.35807      0.43656      0.34980     44.00000
     3.95000      0.39585      0.52587      0.53449     44.00000
     3.97000      0.35520      0.49236      0.53609     44.00000
     3.99000      0.37639      0.46597      0.36447     44.00000
     4.01000      0.33282      0.45523      0.36885     44.00000
     4.03000      0.31080      0.41220      0.32124     44.00000
     4.05000      0.28154      0.44809      0.54546     44.00000
     4.07000      0.36911      0.45852      0.31823     44.00000
     4.09000      0.34040      0.45405      0.43889     44.00000
     4.11000      0.31788      0.42445      0.33070     44.00000
     4.13000      0.31546      0.41196      0.29651     44.00000
     4.15000      0.33771      0.41147      0.26754     44.00000
     4.17000      0.37089      0.41836      0.24959     44.00000
     4.19000      0.33908      0.42758      0.31785     44.00000
     4.21000      0.32414      0.39737      0.30186     44.00000
     4.23000      0.31265      0.42499      0.33910     44.00000
     4.25000      0.31307      0.45738      0.42984     44.00000
     4.27000      0.36173      0.50854      0.44362     44.00000
     4.29000      0.34321      0.43611      0.36570     44.00000
     4.31000      0.32176      0.42079      0.37247     44.00000
     4.33000      0.32227      0.39694      0.31379     44.00000
     4.35000      0.32318      0.41031      0.33435     44.00000
     4.37000      0.29339      0.41771      0.38213     44.00000
     4.39000      0.26834      0.43599      0.41423     44.00000
     4.41000      0.31169      0.39280      0.27535     44.00000
     4.43000      0.29080      0.39177      0.29823     44.00000
     4.45000      0.32085      0.42295      0.30852     44.00000
     4.47000      0.31993      0.40863      0.34805     44.00000
     4.49000      0.35058      0.41335      0.24626     44.00000
     4.51000      0.38561      0.41176      0.26362     44.00000
     4.53000      0.33449      0.45268      0.34884     44.00000
     4.55000      0.35301      0.45192      0.34355     44.00000
     4.57000      0.32787      0.44857      0.37657     44.00000
     4.59000      0.31041      0.40670      0.29168     44.00000
     4.61000      0.32039      0.41581      0.28555     44.00000
     4.63000      0.36556      0.43800      0.29807     44.00000
     4.65000      0.34806      0.44830      0.30821     44.00000
     4.67000      0.34898      0.44414      0.31104     44.00000
     4.69000      0.35075      0.46297      0.35902     44.00000
     4.71000      0.33878      0.41389      0.24992     44.00000
     4.73000      0.33449      0.39745      0.24558     44.00000
     4.75000      0.32825      0.41167      0.25926     44.00000
     4.77000      0.37257      0.45003      0.30803     44.00000
     4.79000      0.37759      0.48944      0.40216     44.00000
     4.81000      0.38241      0.49129      0.56178     44.00000
     4.83000      0.41237      0.45304      0.32963     44.00000
     4.85000      0.37217      0.44556      0.37099     44.00000
     4.87000      0.38225      0.44856      0.31651     44.00000
     4.89000      0.37897      0.46104      0.34098     44.00000
     4.91000      0.35935      0.41773      0.27230     44.00000
     4.93000      0.31654      0.41228      0.28730     44.00000
     4.95000      0.36195      0.43153      0.30883     44.00000
     4.97000      0.39115      0.43396      0.25019     44.00000
     4.99000      0.37165      0.43939      0.28453     44.00000
