    -1.99000      0.03547      0.03258      0.01150     13.00000
    -1.97000      0.03607      0.03247      0.01141     13.00000
    -1.95000      0.03090      0.03206      0.01338     14.00000
    -1.93000      0.03461      0.03491      0.01679     14.00000
    -1.91000      0.03436      0.03473      0.01730     14.00000
    -1.89000      0.03394      0.03552      0.01913     14.00000
    -1.87000      0.03417      0.03711      0.02259     14.00000
    -1.85000      0.03363      0.03280      0.01677     13.00000
    -1.83000      0.03368      0.03380      0.01427     12.00000
    -1.81000      0.03270      0.03291      0.01553     12.00000
    -1.79000      0.02987      0.03257      0.01633     12.00000
    -1.77000      0.03013      0.03450      0.02199     12.00000
    -1.75000      0.02771      0.03262      0.02114     12.00000
    -1.73000      0.03022      0.03213      0.01947     14.00000
    -1.71000      0.02625      0.03407      0.02330     14.00000
    -1.69000      0.03008      0.03589      0.02248     13.00000
    -1.67000      0.03140      0.03661      0.02435     13.00000
    -1.65000      0.02870      0.03465      0.02274     14.00000
    -1.63000      0.03206      0.03508      0.02309     14.00000
    -1.61000      0.02983      0.03547      0.02545     14.00000
    -1.59000      0.03259      0.03620      0.02720     13.00000
    -1.57000      0.03161      0.04008      0.03123     13.00000
    -1.55000      0.03271      0.03987      0.02944     13.00000
    -1.53000      0.03143      0.03695      0.02293     14.00000
    -1.51000      0.03086      0.03654      0.02358     14.00000
    -1.49000      0.03039      0.03570      0.02311     14.00000
    -1.47000      0.03629      0.03797      0.02337     14.00000
    -1.45000      0.03360      0.03873      0.02511     14.00000
    -1.43000      0.02938      0.03794      0.02590     13.00000
    -1.41000      0.03070      0.03719      0.02422     13.00000
    -1.39000      0.03256      0.03606      0.02043     13.00000
    -1.37000      0.03077      0.03736      0.02639     13.00000
    -1.35000      0.03219      0.03588      0.01734     13.00000
    -1.33000      0.03547      0.03649      0.01665     13.00000
    -1.31000      0.03594      0.03473      0.01435     13.00000
    -1.29000      0.03493      0.03720      0.01669     13.00000
    -1.27000      0.03847      0.03873      0.01751     13.00000
    -1.25000      0.03579      0.03415      0.01329     13.00000
    -1.23000      0.03826      0.03343      0.01079     12.00000
    -1.21000      0.03696      0.03400      0.01165     12.00000
    -1.19000      0.03675      0.03525      0.01263     12.00000
    -1.17000      0.03477      0.03523      0.01623     12.00000
    -1.15000      0.03052      0.03151      0.01597     12.00000
    -1.13000      0.02478      0.03067      0.01760     12.00000
    -1.11000      0.02351      0.03058      0.01823     12.00000
    -1.09000      0.02616      0.03010      0.01778     11.00000
    -1.07000      0.02682      0.02897      0.01835     11.00000
    -1.05000      0.02756      0.02987      0.02036     11.00000
    -1.03000      0.03055      0.03295      0.02101     11.00000
    -1.01000      0.03018      0.03173      0.01969     11.00000
    -0.99000      0.03316      0.03046      0.01833     11.00000
    -0.97000      0.02489      0.02915      0.01867     11.00000
    -0.95000      0.02855      0.02907      0.01843     12.00000
    -0.93000      0.02789      0.02923      0.01675     12.00000
    -0.91000      0.03150      0.03419      0.01982     12.00000
    -0.89000      0.04140      0.04314      0.03820     13.00000
    -0.87000      0.04537      0.04384      0.04237     13.00000
    -0.85000      0.03460      0.03943      0.03346     14.00000
    -0.83000      0.03257      0.04068      0.03693     14.00000
    -0.81000      0.03697      0.04026      0.03188     12.00000
    -0.79000      0.02682      0.03787      0.03176     12.00000
    -0.77000      0.02795      0.03653      0.03299     12.00000
    -0.75000      0.02790      0.03633      0.03525     12.00000
    -0.73000      0.02788      0.03630      0.03843     12.00000
    -0.71000      0.02092      0.03296      0.03616     13.00000
    -0.69000      0.02361      0.03019      0.03796     13.00000
    -0.67000      0.02302      0.03279      0.03937     13.00000
    -0.65000      0.02269      0.02988      0.02952     13.00000
    -0.63000      0.01784      0.02395      0.01643     12.00000
    -0.61000      0.02013      0.02518      0.01745     12.00000
    -0.59000      0.02600      0.02856      0.01851     12.00000
    -0.57000      0.02983      0.02823      0.01637     13.00000
    -0.55000      0.02821      0.02702      0.01588     14.00000
    -0.53000      0.03074      0.03048      0.01944     14.00000
    -0.51000      0.02799      0.02947      0.01716     14.00000
    -0.49000      0.02813      0.02947      0.01741     14.00000
    -0.47000      0.02798      0.03228      0.02223     13.00000
    -0.45000      0.02663      0.03277      0.02664     13.00000
    -0.43000      0.02379      0.03578      0.04236     12.00000
    -0.41000      0.02509      0.03868      0.05258     12.00000
    -0.39000      0.01962      0.03166      0.03658     13.00000
    -0.37000      0.02008      0.03221      0.03838     12.00000
    -0.35000      0.02270      0.03322      0.04320     12.00000
    -0.33000      0.02408      0.03396      0.04045     12.00000
    -0.31000      0.02135      0.02891      0.02350     12.00000
    -0.29000      0.02680      0.04306      0.06189     13.00000
    -0.27000      0.02803      0.03812      0.03628     13.00000
    -0.25000      0.02601      0.03787      0.03053     13.00000
    -0.23000      0.02724      0.03510      0.02698     13.00000
    -0.21000      0.02996      0.03554      0.02532     13.00000
    -0.19000      0.02935      0.03592      0.02789     13.00000
    -0.17000      0.02912      0.04003      0.03424     13.00000
    -0.15000      0.02521      0.04062      0.03472     13.00000
    -0.13000      0.02294      0.04079      0.03576     13.00000
    -0.11000      0.02575      0.03954      0.03072     13.00000
    -0.09000      0.03122      0.04500      0.03808     13.00000
    -0.07000      0.02896      0.04525      0.03929     13.00000
    -0.05000      0.02785      0.04403      0.03786     13.00000
    -0.03000      0.02602      0.04328      0.03327     13.00000
    -0.01000      0.03126      0.04456      0.04201     13.00000
     0.01000      0.03212      0.04486      0.04910     15.00000
     0.03000      0.03440      0.04389      0.04472     15.00000
     0.05000      0.03384      0.04089      0.04017     15.00000
     0.07000      0.03535      0.04082      0.04223     15.00000
     0.09000      0.03427      0.04081      0.02976     15.00000
     0.11000      0.04414      0.04632      0.03138     15.00000
     0.13000      0.03849      0.05029      0.03397     15.00000
     0.15000      0.04070      0.05448      0.03088     15.00000
     0.17000      0.05038      0.05722      0.02517     15.00000
     0.19000      0.05478      0.05986      0.02639     15.00000
     0.21000      0.05687      0.06109      0.02363     15.00000
     0.23000      0.06507      0.06310      0.02386     15.00000
     0.25000      0.05756      0.06288      0.02473     15.00000
     0.27000      0.06082      0.06963      0.03742     15.00000
     0.29000      0.05408      0.06984      0.04875     15.00000
     0.31000      0.05913      0.06597      0.03827     15.00000
     0.33000      0.05324      0.05728      0.02891     15.00000
     0.35000      0.05056      0.05710      0.03289     15.00000
     0.37000      0.05620      0.06605      0.03752     15.00000
     0.39000      0.05457      0.06339      0.03769     15.00000
     0.41000      0.06077      0.06495      0.03876     14.00000
     0.43000      0.06027      0.06157      0.03511     14.00000
     0.45000      0.05223      0.05678      0.03123     15.00000
     0.47000      0.05546      0.06174      0.04125     15.00000
     0.49000      0.04765      0.06274      0.03742     15.00000
     0.51000      0.05406      0.06407      0.03587     15.00000
     0.53000      0.04740      0.06594      0.03791     15.00000
     0.55000      0.05427      0.06947      0.04032     15.00000
     0.57000      0.04660      0.06738      0.04162     15.00000
     0.59000      0.06412      0.06802      0.04009     15.00000
     0.61000      0.05121      0.06876      0.04515     15.00000
     0.63000      0.05247      0.07343      0.05095     15.00000
     0.65000      0.06979      0.07447      0.04266     15.00000
     0.67000      0.06662      0.07010      0.04152     15.00000
     0.69000      0.06112      0.07679      0.05286     15.00000
     0.71000      0.07736      0.07884      0.05085     15.00000
     0.73000      0.07272      0.07673      0.05020     15.00000
     0.75000      0.07219      0.07755      0.04794     15.00000
     0.77000      0.06648      0.08294      0.05691     15.00000
     0.79000      0.06517      0.07791      0.05554     15.00000
     0.81000      0.06316      0.07804      0.05911     15.00000
     0.83000      0.06405      0.07709      0.06003     15.00000
     0.85000      0.06263      0.06947      0.04097     15.00000
     0.87000      0.05716      0.06300      0.03365     15.00000
     0.89000      0.06301      0.06134      0.03323     15.00000
     0.91000      0.06620      0.07369      0.04738     15.00000
     0.93000      0.06349      0.07769      0.05216     14.00000
     0.95000      0.05804      0.06668      0.04436     14.00000
     0.97000      0.04735      0.05897      0.04493     15.00000
     0.99000      0.03518      0.05258      0.04181     15.00000
     1.01000      0.03715      0.05551      0.04031     15.00000
     1.03000      0.04353      0.05918      0.04959     15.00000
     1.05000      0.04558      0.05771      0.04877     15.00000
     1.07000      0.04582      0.05115      0.02781     15.00000
     1.09000      0.04617      0.05203      0.03188     15.00000
     1.11000      0.03945      0.04793      0.02840     15.00000
     1.13000      0.03817      0.04780      0.02948     15.00000
     1.15000      0.03590      0.04992      0.03497     14.00000
     1.17000      0.04177      0.05150      0.03171     14.00000
     1.19000      0.04840      0.04963      0.03532     14.00000
     1.21000      0.05074      0.04988      0.03342     14.00000
     1.23000      0.05031      0.05007      0.03176     13.00000
     1.25000      0.04423      0.05497      0.03408     13.00000
     1.27000      0.04595      0.05548      0.03386     12.00000
     1.29000      0.04776      0.06618      0.05060     12.00000
     1.31000      0.04957      0.06081      0.04475     12.00000
     1.33000      0.05166      0.06020      0.04019     11.00000
     1.35000      0.05139      0.06191      0.04678     13.00000
     1.37000      0.04571      0.06109      0.04750     13.00000
     1.39000      0.04341      0.06523      0.05028     13.00000
     1.41000      0.04871      0.06674      0.04849     13.00000
     1.43000      0.05252      0.06552      0.04851     13.00000
     1.45000      0.04669      0.06058      0.03896     12.00000
     1.47000      0.05410      0.06420      0.03767     12.00000
     1.49000      0.06832      0.07276      0.04571     12.00000
     1.51000      0.07244      0.07712      0.04955     12.00000
     1.53000      0.07404      0.07354      0.04641     12.00000
     1.55000      0.05654      0.06227      0.04308     13.00000
     1.57000      0.04521      0.04805      0.02265     13.00000
     1.59000      0.04158      0.04569      0.01821     13.00000
     1.61000      0.04019      0.04606      0.02031     13.00000
     1.63000      0.04421      0.04587      0.02198     13.00000
     1.65000      0.02818      0.04137      0.02461     13.00000
     1.67000      0.03430      0.03884      0.02544     13.00000
     1.69000      0.02973      0.03800      0.02542     13.00000
     1.71000      0.02734      0.03516      0.02485     13.00000
     1.73000      0.03003      0.03345      0.02411     13.00000
     1.75000      0.03109      0.03240      0.02289     13.00000
     1.77000      0.02895      0.03259      0.02055     13.00000
     1.79000      0.04079      0.03632      0.01693     13.00000
     1.81000      0.04056      0.03696      0.01845     13.00000
     1.83000      0.03149      0.03309      0.01458     13.00000
     1.85000      0.03298      0.03182      0.01495     12.00000
     1.87000      0.03075      0.03204      0.01558     12.00000
     1.89000      0.03629      0.03256      0.01534     12.00000
     1.91000      0.03297      0.03313      0.01710     12.00000
     1.93000      0.03323      0.03340      0.01548     13.00000
     1.95000      0.02916      0.03030      0.01503     14.00000
     1.97000      0.03120      0.03221      0.01567     14.00000
     1.99000      0.03428      0.03450      0.01759     14.00000
     2.01000      0.03282      0.03172      0.01716     14.00000
     2.03000      0.03648      0.03501      0.02017     14.00000
     2.05000      0.04152      0.03883      0.01955     13.00000
     2.07000      0.04052      0.03752      0.01895     13.00000
     2.09000      0.03943      0.03881      0.02167     13.00000
     2.11000      0.04278      0.03937      0.02100     13.00000
     2.13000      0.04134      0.04364      0.02942     13.00000
     2.15000      0.02972      0.04006      0.02847     12.00000
     2.17000      0.02533      0.03507      0.02716     12.00000
     2.19000      0.03633      0.03817      0.02767     12.00000
     2.21000      0.03958      0.03830      0.02749     12.00000
     2.23000      0.02000      0.03058      0.02347     13.00000
     2.25000      0.01862      0.03145      0.02258     15.00000
     2.27000      0.02396      0.03398      0.02236     15.00000
     2.29000      0.02203      0.03371      0.02362     15.00000
     2.31000      0.02044      0.02914      0.01695     15.00000
     2.33000      0.02323      0.02872      0.01459     15.00000
     2.35000      0.02365      0.03049      0.01733     15.00000
     2.37000      0.02745      0.03191      0.02010     15.00000
     2.39000      0.02925      0.03332      0.02372     15.00000
     2.41000      0.02725      0.03431      0.02101     15.00000
     2.43000      0.02843      0.03420      0.02029     15.00000
     2.45000      0.02295      0.03382      0.01745     15.00000
     2.47000      0.02527      0.03383      0.01715     15.00000
     2.49000      0.02631      0.03175      0.01613     15.00000
     2.51000      0.02427      0.03190      0.01855     15.00000
     2.53000      0.02501      0.03219      0.01979     15.00000
     2.55000      0.03102      0.03537      0.01998     15.00000
     2.57000      0.03144      0.03466      0.02052     15.00000
     2.59000      0.02860      0.03348      0.01942     15.00000
     2.61000      0.03123      0.03373      0.01975     15.00000
     2.63000      0.03053      0.03176      0.01676     15.00000
     2.65000      0.02936      0.03286      0.01694     15.00000
     2.67000      0.03009      0.03216      0.01768     14.00000
     2.69000      0.03095      0.03278      0.01743     15.00000
     2.71000      0.03651      0.03481      0.01875     14.00000
     2.73000      0.03036      0.03055      0.01423     14.00000
     2.75000      0.02911      0.02767      0.01041     13.00000
     2.77000      0.02928      0.02814      0.01222     14.00000
     2.79000      0.03270      0.03257      0.01366     12.00000
     2.81000      0.03160      0.03337      0.01421     12.00000
     2.83000      0.03084      0.03531      0.01709     12.00000
     2.85000      0.02892      0.02808      0.00980     12.00000
     2.87000      0.03016      0.02829      0.00851     12.00000
     2.89000      0.02699      0.02799      0.00887     11.00000
     2.91000      0.02633      0.02844      0.00990     12.00000
     2.93000      0.03123      0.03226      0.01212     13.00000
     2.95000      0.02985      0.03224      0.01182     13.00000
     2.97000      0.02753      0.03098      0.01372     14.00000
     2.99000      0.02803      0.03134      0.01309     14.00000
     3.01000      0.03029      0.03223      0.01375     14.00000
     3.03000      0.03064      0.03365      0.01468     14.00000
     3.05000      0.02945      0.03266      0.01495     14.00000
     3.07000      0.02966      0.03387      0.01733     14.00000
     3.09000      0.03173      0.03536      0.02198     14.00000
     3.11000      0.03365      0.03477      0.01615     13.00000
     3.13000      0.03209      0.03762      0.02487     13.00000
     3.15000      0.02927      0.03561      0.02021     13.00000
     3.17000      0.03673      0.04012      0.02206     13.00000
     3.19000      0.04223      0.04307      0.02585     14.00000
     3.21000      0.04411      0.04441      0.02668     14.00000
     3.23000      0.04671      0.04849      0.04030     14.00000
     3.25000      0.03845      0.04741      0.04835     14.00000
     3.27000      0.03594      0.04629      0.05087     13.00000
     3.29000      0.03242      0.04530      0.04445     13.00000
     3.31000      0.03146      0.03970      0.02765     14.00000
     3.33000      0.03191      0.04396      0.03878     14.00000
     3.35000      0.03284      0.04024      0.02324     14.00000
     3.37000      0.03329      0.03645      0.01782     14.00000
     3.39000      0.03059      0.03046      0.01261     14.00000
     3.41000      0.02930      0.03217      0.01601     14.00000
     3.43000      0.03323      0.03267      0.01479     14.00000
     3.45000      0.03312      0.03245      0.01472     14.00000
     3.47000      0.03458      0.03394      0.01615     14.00000
     3.49000      0.03377      0.03237      0.01578     14.00000
     3.51000      0.03290      0.03317      0.01844     14.00000
     3.53000      0.03800      0.03603      0.01757     13.00000
     3.55000      0.03540      0.03621      0.01912     13.00000
     3.57000      0.03676      0.03603      0.01622     13.00000
     3.59000      0.03946      0.03807      0.01847     13.00000
     3.61000      0.03570      0.03865      0.01763     13.00000
     3.63000      0.03341      0.03644      0.01719     13.00000
     3.65000      0.03782      0.03836      0.01890     12.00000
     3.67000      0.03873      0.04102      0.01844     11.00000
     3.69000      0.03650      0.03967      0.01601     11.00000
     3.71000      0.03381      0.04058      0.01717     11.00000
     3.73000      0.03807      0.04047      0.01948     11.00000
     3.75000      0.03736      0.04193      0.02044     11.00000
     3.77000      0.03904      0.04186      0.02001     11.00000
     3.79000      0.03782      0.04174      0.02188     11.00000
     3.81000      0.03358      0.03981      0.01894     12.00000
     3.83000      0.03470      0.03971      0.01673     13.00000
     3.85000      0.03128      0.03740      0.02238     14.00000
     3.87000      0.02943      0.03653      0.02176     14.00000
     3.89000      0.02881      0.03599      0.02365     15.00000
     3.91000      0.02654      0.03774      0.02411     15.00000
     3.93000      0.03502      0.04241      0.02265     14.00000
     3.95000      0.03745      0.03816      0.02006     15.00000
     3.97000      0.03931      0.04135      0.02389     15.00000
     3.99000      0.03454      0.04021      0.02282     14.00000
     4.01000      0.03545      0.03989      0.02272     14.00000
     4.03000      0.03586      0.03947      0.02529     14.00000
     4.05000      0.02521      0.03825      0.02741     15.00000
     4.07000      0.02394      0.03385      0.02450     14.00000
     4.09000      0.02369      0.03572      0.02735     14.00000
     4.11000      0.03326      0.03749      0.02411     12.00000
     4.13000      0.02639      0.03780      0.02743     13.00000
     4.15000      0.02832      0.03444      0.02054     13.00000
     4.17000      0.03372      0.03432      0.02200     13.00000
     4.19000      0.03497      0.03617      0.01785     13.00000
     4.21000      0.03658      0.03692      0.01972     13.00000
     4.23000      0.03463      0.03641      0.02017     13.00000
     4.25000      0.04153      0.04075      0.01834     12.00000
     4.27000      0.03632      0.03976      0.01984     12.00000
     4.29000      0.03283      0.03750      0.01793     12.00000
     4.31000      0.03784      0.03959      0.01586     12.00000
     4.33000      0.03310      0.03368      0.02020     15.00000
     4.35000      0.03140      0.03320      0.01874     15.00000
     4.37000      0.02977      0.03319      0.01827     15.00000
     4.39000      0.02645      0.03149      0.01683     15.00000
     4.41000      0.02412      0.03104      0.01829     14.00000
     4.43000      0.03196      0.03417      0.01547     13.00000
     4.45000      0.03152      0.03527      0.01769     13.00000
     4.47000      0.03334      0.03567      0.01792     14.00000
     4.49000      0.03279      0.03858      0.02265     13.00000
     4.51000      0.03248      0.03839      0.02134     14.00000
     4.53000      0.03362      0.03997      0.02416     14.00000
     4.55000      0.03431      0.03962      0.02377     14.00000
     4.57000      0.03650      0.03801      0.02069     14.00000
     4.59000      0.03318      0.03512      0.01842     15.00000
     4.61000      0.03394      0.03321      0.01966     15.00000
     4.63000      0.03498      0.03340      0.01998     15.00000
     4.65000      0.03272      0.03088      0.01714     14.00000
     4.67000      0.02977      0.02985      0.01571     14.00000
     4.69000      0.03073      0.03087      0.01636     14.00000
     4.71000      0.03106      0.03121      0.01634     14.00000
     4.73000      0.03050      0.03095      0.01618     14.00000
     4.75000      0.03174      0.03168      0.01668     14.00000
     4.77000      0.03019      0.03039      0.01406     14.00000
     4.79000      0.03090      0.03162      0.01504     14.00000
     4.81000      0.02653      0.03430      0.02239     14.00000
     4.83000      0.02399      0.03423      0.02676     14.00000
     4.85000      0.02440      0.03325      0.02344     14.00000
     4.87000      0.02349      0.03281      0.02444     14.00000
     4.89000      0.02492      0.03584      0.02935     12.00000
     4.91000      0.02533      0.03487      0.02819     12.00000
     4.93000      0.02611      0.03902      0.03299     12.00000
     4.95000      0.02571      0.03862      0.02997     12.00000
     4.97000      0.03054      0.03880      0.02695     12.00000
     4.99000      0.03281      0.04018      0.03137     12.00000
