    -1.99000      0.05756      0.08201      0.05755     13.00000
    -1.97000      0.06434      0.07806      0.05622     13.00000
    -1.95000      0.04701      0.07614      0.04748     13.00000
    -1.93000      0.05968      0.07635      0.04427     13.00000
    -1.91000      0.06350      0.07789      0.04057     13.00000
    -1.89000      0.05517      0.06349      0.02277     13.00000
    -1.87000      0.05895      0.06645      0.02841     13.00000
    -1.85000      0.06322      0.07419      0.03507     13.00000
    -1.83000      0.06244      0.07335      0.04333     13.00000
    -1.81000      0.07819      0.08144      0.03307     13.00000
    -1.79000      0.06194      0.07991      0.04149     13.00000
    -1.77000      0.05882      0.07296      0.03742     13.00000
    -1.75000      0.06703      0.07262      0.04177     13.00000
    -1.73000      0.06100      0.06571      0.04228     13.00000
    -1.71000      0.04793      0.06020      0.03781     13.00000
    -1.69000      0.04784      0.05067      0.02092     13.00000
    -1.67000      0.06222      0.05888      0.02585     13.00000
    -1.65000      0.07826      0.06815      0.03234     13.00000
    -1.63000      0.06724      0.07492      0.04079     13.00000
    -1.61000      0.07306      0.07929      0.03438     13.00000
    -1.59000      0.07522      0.07235      0.02524     13.00000
    -1.57000      0.06667      0.07228      0.03452     13.00000
    -1.55000      0.06631      0.06885      0.02828     13.00000
    -1.53000      0.06626      0.07742      0.03868     13.00000
    -1.51000      0.06469      0.06788      0.03635     13.00000
    -1.49000      0.07683      0.08175      0.04390     13.00000
    -1.47000      0.08390      0.07829      0.03443     13.00000
    -1.45000      0.07805      0.07753      0.03660     13.00000
    -1.43000      0.06206      0.07077      0.03961     13.00000
    -1.41000      0.05261      0.06014      0.03645     13.00000
    -1.39000      0.06532      0.06294      0.02992     13.00000
    -1.37000      0.05258      0.06306      0.03374     13.00000
    -1.35000      0.05275      0.05482      0.02592     13.00000
    -1.33000      0.04581      0.05766      0.02846     13.00000
    -1.31000      0.05511      0.05924      0.02964     13.00000
    -1.29000      0.04615      0.05400      0.02944     13.00000
    -1.27000      0.04254      0.04808      0.02572     13.00000
    -1.25000      0.04067      0.05606      0.03522     13.00000
    -1.23000      0.05200      0.06621      0.04687     13.00000
    -1.21000      0.05702      0.06305      0.03633     13.00000
    -1.19000      0.04759      0.05358      0.02910     13.00000
    -1.17000      0.04335      0.06582      0.04570     13.00000
    -1.15000      0.03615      0.05361      0.03124     13.00000
    -1.13000      0.03836      0.07185      0.05743     13.00000
    -1.11000      0.03418      0.08360      0.10424     13.00000
    -1.09000      0.04998      0.06761      0.06124     13.00000
    -1.07000      0.04993      0.05101      0.02754     13.00000
    -1.05000      0.05166      0.05182      0.02561     13.00000
    -1.03000      0.05229      0.06342      0.03651     13.00000
    -1.01000      0.06273      0.06894      0.03754     13.00000
    -0.99000      0.04690      0.06619      0.03758     13.00000
    -0.97000      0.05181      0.06191      0.03588     13.00000
    -0.95000      0.04743      0.05883      0.03447     13.00000
    -0.93000      0.03809      0.05555      0.03495     13.00000
    -0.91000      0.05430      0.05781      0.03095     13.00000
    -0.89000      0.04669      0.05283      0.02956     13.00000
    -0.87000      0.05143      0.06612      0.03838     13.00000
    -0.85000      0.05730      0.06151      0.03986     13.00000
    -0.83000      0.04585      0.04921      0.01995     13.00000
    -0.81000      0.03826      0.05167      0.02635     13.00000
    -0.79000      0.05323      0.06105      0.04034     13.00000
    -0.77000      0.05714      0.05586      0.02024     13.00000
    -0.75000      0.04423      0.05801      0.03766     13.00000
    -0.73000      0.05022      0.05732      0.03046     13.00000
    -0.71000      0.04563      0.05153      0.02491     13.00000
    -0.69000      0.04663      0.05445      0.02708     13.00000
    -0.67000      0.03902      0.05036      0.02773     13.00000
    -0.65000      0.04044      0.05074      0.02633     13.00000
    -0.63000      0.05693      0.05882      0.03808     13.00000
    -0.61000      0.03909      0.04333      0.02139     13.00000
    -0.59000      0.03439      0.04512      0.02565     13.00000
    -0.57000      0.03999      0.05290      0.03241     13.00000
    -0.55000      0.05535      0.05440      0.02506     13.00000
    -0.53000      0.05413      0.06184      0.02487     13.00000
    -0.51000      0.06337      0.06569      0.03276     13.00000
    -0.49000      0.04979      0.05785      0.02655     13.00000
    -0.47000      0.06743      0.06309      0.02700     13.00000
    -0.45000      0.05877      0.07129      0.04229     13.00000
    -0.43000      0.04994      0.05321      0.01914     13.00000
    -0.41000      0.05082      0.05545      0.02262     13.00000
    -0.39000      0.06568      0.06657      0.03468     13.00000
    -0.37000      0.04910      0.06083      0.02836     13.00000
    -0.35000      0.05525      0.05166      0.02294     13.00000
    -0.33000      0.05017      0.05255      0.02205     13.00000
    -0.31000      0.05314      0.05551      0.03028     13.00000
    -0.29000      0.04724      0.05416      0.03380     13.00000
    -0.27000      0.04378      0.04586      0.02312     13.00000
    -0.25000      0.05138      0.05883      0.03478     13.00000
    -0.23000      0.06272      0.06585      0.03695     13.00000
    -0.21000      0.07020      0.06473      0.03456     13.00000
    -0.19000      0.06817      0.05951      0.03196     13.00000
    -0.17000      0.04838      0.05167      0.02664     13.00000
    -0.15000      0.04172      0.06103      0.03426     13.00000
    -0.13000      0.04475      0.05561      0.02723     13.00000
    -0.11000      0.06756      0.06194      0.02640     13.00000
    -0.09000      0.06761      0.07363      0.03866     13.00000
    -0.07000      0.06791      0.08183      0.04640     13.00000
    -0.05000      0.07273      0.07627      0.04267     13.00000
    -0.03000      0.07023      0.08409      0.05592     13.00000
    -0.01000      0.07290      0.08687      0.03958     13.00000
     0.01000      0.10015      0.10771      0.04808     13.00000
     0.03000      0.07975      0.08782      0.04370     13.00000
     0.05000      0.06913      0.07790      0.03176     13.00000
     0.07000      0.06885      0.07140      0.02444     13.00000
     0.09000      0.07174      0.07883      0.03086     13.00000
     0.11000      0.07663      0.08018      0.04997     13.00000
     0.13000      0.05948      0.07755      0.04272     13.00000
     0.15000      0.06634      0.08886      0.04903     13.00000
     0.17000      0.06970      0.07962      0.04020     13.00000
     0.19000      0.08018      0.08948      0.04666     13.00000
     0.21000      0.08442      0.08435      0.03035     13.00000
     0.23000      0.06729      0.07564      0.02849     13.00000
     0.25000      0.07974      0.08566      0.03425     13.00000
     0.27000      0.06247      0.07251      0.03631     13.00000
     0.29000      0.06018      0.06364      0.03158     13.00000
     0.31000      0.06523      0.06481      0.02018     13.00000
     0.33000      0.06133      0.06563      0.02155     13.00000
     0.35000      0.07644      0.07395      0.02745     13.00000
     0.37000      0.05792      0.07213      0.02794     13.00000
     0.39000      0.05124      0.06301      0.03483     13.00000
     0.41000      0.05214      0.05590      0.01987     13.00000
     0.43000      0.04404      0.05750      0.03490     13.00000
     0.45000      0.04868      0.05235      0.02624     13.00000
     0.47000      0.04570      0.06539      0.05398     13.00000
     0.49000      0.04843      0.06235      0.04556     13.00000
     0.51000      0.04508      0.05761      0.04372     13.00000
     0.53000      0.05037      0.07737      0.06841     13.00000
     0.55000      0.03662      0.05258      0.03591     13.00000
     0.57000      0.04130      0.04785      0.03326     13.00000
     0.59000      0.03980      0.04604      0.02207     13.00000
     0.61000      0.02260      0.03397      0.01768     13.00000
     0.63000      0.04136      0.04208      0.02028     13.00000
     0.65000      0.04654      0.05339      0.03541     13.00000
     0.67000      0.04650      0.04859      0.02286     13.00000
     0.69000      0.04131      0.04429      0.02020     13.00000
     0.71000      0.04375      0.04755      0.03274     13.00000
     0.73000      0.04390      0.05217      0.02550     13.00000
     0.75000      0.05367      0.06381      0.03552     13.00000
     0.77000      0.04635      0.05721      0.04319     13.00000
     0.79000      0.04625      0.04953      0.01860     13.00000
     0.81000      0.03880      0.04459      0.02359     13.00000
     0.83000      0.05100      0.05732      0.02358     13.00000
     0.85000      0.04710      0.05019      0.02356     13.00000
     0.87000      0.04229      0.04891      0.02434     13.00000
     0.89000      0.03569      0.04490      0.02066     13.00000
     0.91000      0.04491      0.05810      0.04411     13.00000
     0.93000      0.05407      0.06087      0.03662     13.00000
     0.95000      0.04535      0.05362      0.03517     13.00000
     0.97000      0.03434      0.04022      0.02302     13.00000
     0.99000      0.04244      0.05069      0.03064     13.00000
     1.01000      0.05304      0.05809      0.03434     13.00000
     1.03000      0.04670      0.05199      0.03658     13.00000
     1.05000      0.04775      0.05045      0.03263     13.00000
     1.07000      0.03493      0.05878      0.04936     13.00000
     1.09000      0.03725      0.06512      0.05791     13.00000
     1.11000      0.03005      0.05502      0.05988     13.00000
     1.13000      0.02496      0.04010      0.02805     13.00000
     1.15000      0.02336      0.03131      0.01915     13.00000
     1.17000      0.02588      0.03404      0.02121     13.00000
     1.19000      0.03021      0.03299      0.01817     13.00000
     1.21000      0.03188      0.03264      0.01575     13.00000
     1.23000      0.02807      0.03832      0.03760     13.00000
     1.25000      0.02616      0.03844      0.03084     13.00000
     1.27000      0.02341      0.04836      0.05960     13.00000
     1.29000      0.02759      0.03729      0.03433     13.00000
     1.31000      0.02149      0.02831      0.01928     13.00000
     1.33000      0.02457      0.02746      0.01338     13.00000
     1.35000      0.02663      0.02983      0.02264     13.00000
     1.37000      0.02640      0.02669      0.01124     13.00000
     1.39000      0.02451      0.02545      0.00983     13.00000
     1.41000      0.02172      0.02828      0.01435     13.00000
     1.43000      0.01971      0.02726      0.01405     13.00000
     1.45000      0.02521      0.02817      0.01138     13.00000
     1.47000      0.02214      0.03252      0.03295     13.00000
     1.49000      0.03498      0.03554      0.02829     13.00000
     1.51000      0.02607      0.03220      0.01921     13.00000
     1.53000      0.02498      0.03237      0.01782     13.00000
     1.55000      0.02076      0.03015      0.01879     13.00000
     1.57000      0.02116      0.02687      0.01391     13.00000
     1.59000      0.02448      0.03205      0.02738     13.00000
     1.61000      0.02446      0.02623      0.00937     13.00000
     1.63000      0.02425      0.03073      0.02959     13.00000
     1.65000      0.02497      0.02947      0.02276     13.00000
     1.67000      0.02607      0.02645      0.00828     13.00000
     1.69000      0.02756      0.02685      0.00874     13.00000
     1.71000      0.02639      0.02542      0.01085     13.00000
     1.73000      0.02444      0.02412      0.00828     13.00000
     1.75000      0.02203      0.02818      0.01683     13.00000
     1.77000      0.02074      0.02645      0.01450     13.00000
     1.79000      0.02173      0.02845      0.01839     13.00000
     1.81000      0.01951      0.03149      0.02193     13.00000
     1.83000      0.02131      0.03384      0.02983     13.00000
     1.85000      0.01944      0.03622      0.03570     13.00000
     1.87000      0.02282      0.03498      0.03090     13.00000
     1.89000      0.02215      0.03607      0.04125     13.00000
     1.91000      0.02436      0.03525      0.03402     13.00000
     1.93000      0.02646      0.03852      0.03320     13.00000
     1.95000      0.02514      0.04704      0.04533     13.00000
     1.97000      0.03284      0.04035      0.02982     13.00000
     1.99000      0.02586      0.03680      0.03425     13.00000
     2.01000      0.03009      0.03776      0.03155     13.00000
     2.03000      0.03355      0.04275      0.03034     13.00000
     2.05000      0.03180      0.04337      0.03755     13.00000
     2.07000      0.02979      0.03986      0.03140     13.00000
     2.09000      0.02410      0.04113      0.03882     13.00000
     2.11000      0.02454      0.04242      0.04589     13.00000
     2.13000      0.02753      0.03667      0.02695     13.00000
     2.15000      0.03190      0.03880      0.02985     13.00000
     2.17000      0.02928      0.04047      0.02901     13.00000
     2.19000      0.03465      0.03470      0.02142     13.00000
     2.21000      0.03390      0.04503      0.03638     13.00000
     2.23000      0.03577      0.04404      0.03100     13.00000
     2.25000      0.03685      0.04409      0.02873     13.00000
     2.27000      0.03105      0.04515      0.03284     13.00000
     2.29000      0.03496      0.03823      0.02230     13.00000
     2.31000      0.03796      0.04466      0.02712     13.00000
     2.33000      0.02827      0.03872      0.02786     13.00000
     2.35000      0.02767      0.03834      0.02814     13.00000
     2.37000      0.02993      0.03766      0.02310     13.00000
     2.39000      0.02864      0.03918      0.02651     13.00000
     2.41000      0.03145      0.04539      0.03882     13.00000
     2.43000      0.03397      0.04229      0.03832     13.00000
     2.45000      0.03916      0.04880      0.04196     13.00000
     2.47000      0.03425      0.05177      0.04475     13.00000
     2.49000      0.03360      0.03863      0.02361     13.00000
     2.51000      0.03315      0.04909      0.04114     13.00000
     2.53000      0.03523      0.04427      0.02834     13.00000
     2.55000      0.03064      0.04372      0.03183     13.00000
     2.57000      0.03086      0.03941      0.02850     13.00000
     2.59000      0.03255      0.03694      0.01817     13.00000
     2.61000      0.03790      0.04994      0.03306     13.00000
     2.63000      0.04161      0.04730      0.03110     13.00000
     2.65000      0.03273      0.04052      0.02660     13.00000
     2.67000      0.03653      0.04094      0.03385     13.00000
     2.69000      0.03580      0.04055      0.02914     13.00000
     2.71000      0.02764      0.04371      0.03007     13.00000
     2.73000      0.04170      0.05301      0.03753     13.00000
     2.75000      0.05151      0.05319      0.03078     13.00000
     2.77000      0.03557      0.04999      0.02914     13.00000
     2.79000      0.02784      0.04169      0.02579     13.00000
     2.81000      0.04129      0.04787      0.03116     13.00000
     2.83000      0.04122      0.04534      0.02606     13.00000
     2.85000      0.04197      0.04893      0.03196     13.00000
     2.87000      0.05071      0.05627      0.04262     13.00000
     2.89000      0.03911      0.04980      0.03505     13.00000
     2.91000      0.04429      0.05374      0.03903     13.00000
     2.93000      0.05699      0.05616      0.03976     13.00000
     2.95000      0.04505      0.04793      0.03172     13.00000
     2.97000      0.05761      0.05868      0.03764     13.00000
     2.99000      0.04651      0.05783      0.04452     13.00000
     3.01000      0.04718      0.05996      0.04618     13.00000
     3.03000      0.07117      0.06686      0.05150     13.00000
     3.05000      0.05770      0.06570      0.05670     13.00000
     3.07000      0.05402      0.06293      0.04389     13.00000
     3.09000      0.06571      0.06766      0.06202     13.00000
     3.11000      0.05123      0.06553      0.04378     13.00000
     3.13000      0.05145      0.06123      0.04350     13.00000
     3.15000      0.03736      0.05437      0.04417     13.00000
     3.17000      0.05270      0.06048      0.04121     13.00000
     3.19000      0.05103      0.05881      0.03566     13.00000
     3.21000      0.05850      0.06533      0.03642     13.00000
     3.23000      0.06282      0.07280      0.03990     13.00000
     3.25000      0.05245      0.06881      0.03951     13.00000
     3.27000      0.07864      0.07859      0.04520     13.00000
     3.29000      0.06064      0.06600      0.03224     13.00000
     3.31000      0.05219      0.06451      0.04596     13.00000
     3.33000      0.04857      0.06140      0.03937     13.00000
     3.35000      0.05718      0.06423      0.05092     13.00000
     3.37000      0.03411      0.06341      0.05357     13.00000
     3.39000      0.05396      0.05310      0.03412     13.00000
     3.41000      0.05096      0.05703      0.04331     13.00000
     3.43000      0.04407      0.06266      0.04760     13.00000
     3.45000      0.03836      0.05796      0.04044     13.00000
     3.47000      0.03587      0.05331      0.03052     13.00000
     3.49000      0.02819      0.04677      0.02956     13.00000
     3.51000      0.04029      0.04872      0.02903     13.00000
     3.53000      0.04507      0.05031      0.03089     13.00000
     3.55000      0.04831      0.05884      0.03475     13.00000
     3.57000      0.04910      0.06390      0.04863     13.00000
     3.59000      0.04004      0.05108      0.03143     13.00000
     3.61000      0.03902      0.06287      0.04954     13.00000
     3.63000      0.05689      0.05403      0.02831     13.00000
     3.65000      0.04352      0.04937      0.02659     13.00000
     3.67000      0.03854      0.04358      0.02364     13.00000
     3.69000      0.03963      0.05025      0.03122     13.00000
     3.71000      0.05927      0.05719      0.03005     13.00000
     3.73000      0.05782      0.07098      0.05321     13.00000
     3.75000      0.04882      0.06034      0.03433     13.00000
     3.77000      0.03996      0.05071      0.02882     13.00000
     3.79000      0.05240      0.05716      0.03882     13.00000
     3.81000      0.04533      0.05573      0.04219     13.00000
     3.83000      0.03902      0.05252      0.03355     13.00000
     3.85000      0.03312      0.04908      0.03251     13.00000
     3.87000      0.02981      0.04117      0.02597     13.00000
     3.89000      0.03520      0.04995      0.03043     13.00000
     3.91000      0.02792      0.04834      0.03100     13.00000
     3.93000      0.03433      0.05058      0.03069     13.00000
     3.95000      0.08208      0.06780      0.04762     13.00000
     3.97000      0.05140      0.06716      0.04827     13.00000
     3.99000      0.04438      0.05146      0.02661     13.00000
     4.01000      0.05177      0.05775      0.02828     13.00000
     4.03000      0.04808      0.04653      0.02391     13.00000
     4.05000      0.05209      0.06913      0.07044     13.00000
     4.07000      0.06326      0.06785      0.03805     13.00000
     4.09000      0.05441      0.06618      0.05057     13.00000
     4.11000      0.06532      0.05910      0.02533     13.00000
     4.13000      0.05592      0.06303      0.03641     13.00000
     4.15000      0.07168      0.06680      0.02965     13.00000
     4.17000      0.07047      0.06840      0.02298     13.00000
     4.19000      0.06653      0.07119      0.04297     13.00000
     4.21000      0.05422      0.06603      0.03836     13.00000
     4.23000      0.04672      0.05760      0.03021     13.00000
     4.25000      0.04945      0.05942      0.03933     13.00000
     4.27000      0.06170      0.07998      0.05202     13.00000
     4.29000      0.04227      0.06823      0.03941     13.00000
     4.31000      0.06062      0.06063      0.02730     13.00000
     4.33000      0.04348      0.05587      0.03457     13.00000
     4.35000      0.04640      0.04854      0.02434     13.00000
     4.37000      0.04556      0.04747      0.02192     13.00000
     4.39000      0.04181      0.04465      0.02373     13.00000
     4.41000      0.04554      0.04854      0.02524     13.00000
     4.43000      0.03027      0.04364      0.02865     13.00000
     4.45000      0.03172      0.04838      0.02742     13.00000
     4.47000      0.03811      0.04691      0.02515     13.00000
     4.49000      0.04748      0.05133      0.02857     13.00000
     4.51000      0.03047      0.04149      0.02418     13.00000
     4.53000      0.04026      0.05102      0.04153     13.00000
     4.55000      0.05550      0.05462      0.03105     13.00000
     4.57000      0.04743      0.05735      0.03290     13.00000
     4.59000      0.05889      0.05896      0.02638     13.00000
     4.61000      0.06448      0.06684      0.05197     13.00000
     4.63000      0.06337      0.06699      0.03639     13.00000
     4.65000      0.05641      0.06939      0.04301     13.00000
     4.67000      0.07165      0.07504      0.04227     13.00000
     4.69000      0.05759      0.07009      0.04677     13.00000
     4.71000      0.04401      0.05789      0.02968     13.00000
     4.73000      0.04098      0.05215      0.02542     13.00000
     4.75000      0.03976      0.04921      0.02526     13.00000
     4.77000      0.06068      0.06706      0.03915     13.00000
     4.79000      0.05195      0.06239      0.03997     13.00000
     4.81000      0.03882      0.05502      0.03306     13.00000
     4.83000      0.04161      0.06301      0.04449     13.00000
     4.85000      0.06811      0.05961      0.03203     13.00000
     4.87000      0.08462      0.07126      0.03838     13.00000
     4.89000      0.04792      0.06608      0.03821     13.00000
     4.91000      0.05817      0.06073      0.03095     13.00000
     4.93000      0.04994      0.05150      0.03239     13.00000
     4.95000      0.04170      0.06121      0.05922     13.00000
     4.97000      0.04473      0.05136      0.02657     13.00000
     4.99000      0.04469      0.05234      0.02850     13.00000
