    -1.99000  74933.30000  92823.91374  71819.08582     39.00000
    -1.97000  73504.00000  96018.88041  75607.01113     39.00000
    -1.95000  70272.38462  95130.00672  78755.91823     39.00000
    -1.93000  66889.16667  96593.31795  87006.22020     39.00000
    -1.91000  67640.58974  97593.41829  87454.01899     39.00000
    -1.89000  60523.18889  98742.95747 102531.06332     38.00000
    -1.87000  65553.00490 103049.70826 114785.60018     38.00000
    -1.85000  66480.42857 105563.72373 120570.88902     37.00000
    -1.83000  75616.03333 104370.18738 109214.98812     36.00000
    -1.81000  69862.28571 105263.56831 113387.24896     36.00000
    -1.79000  68055.25000 109246.42347 126864.00362     37.00000
    -1.77000  67480.00000 112322.22047 135316.09356     37.00000
    -1.75000  66940.65260 104532.74057 121311.35259     36.00000
    -1.73000  69267.00000 100777.69008 125846.42820     37.00000
    -1.71000  68669.63636 100714.41552 119314.12868     37.00000
    -1.69000  70164.42857 107148.22310 122697.42228     37.00000
    -1.67000  66294.36364 107522.35807 124453.67503     37.00000
    -1.65000  69855.59259 113155.12412 133879.39467     37.00000
    -1.63000  62367.10000 111081.75670 126207.39306     37.00000
    -1.61000  63211.20000 114035.02701 131200.95237     36.00000
    -1.59000  63096.40230 115615.49850 145614.17893     36.00000
    -1.57000  61971.60000 109356.76800 132734.67604     37.00000
    -1.55000  70298.56522 109444.41890 127485.04144     37.00000
    -1.53000  68936.84762 108600.00985 133121.47782     38.00000
    -1.51000  65526.46591 104384.49086 126153.82712     38.00000
    -1.49000  64017.92299 103521.44935 126440.68614     38.00000
    -1.47000  66258.50000 103295.62585 122271.47773     38.00000
    -1.45000  67114.93548 104083.89574 119903.57050     38.00000
    -1.43000  70257.56250 104846.19560 121280.05452     37.00000
    -1.41000  70725.15000 101382.97185 109929.12082     38.00000
    -1.39000  70082.83000 106064.48477 110725.35387     38.00000
    -1.37000  60418.22000 106853.40413 124038.69970     38.00000
    -1.35000  80335.81379 110120.53295 121679.12046     38.00000
    -1.33000  77605.06158 110724.19080 126943.01115     38.00000
    -1.31000  71992.32222 113511.13537 124295.92574     38.00000
    -1.29000  73459.37013 112813.25821 120149.01039     38.00000
    -1.27000  80538.96296 113845.85294 111014.67697     38.00000
    -1.25000  80298.41705 114077.62353 114412.91517     38.00000
    -1.23000  82619.56705 108974.69793 107309.87483     38.00000
    -1.21000  87192.14286 104680.34057  96104.49231     39.00000
    -1.19000  86619.79841 107334.37819  92475.69750     38.00000
    -1.17000  80766.74932 102332.36177  90221.23121     38.00000
    -1.15000  82990.28205 105163.99096  87204.25429     37.00000
    -1.13000  83984.96296 104074.40274  80025.75237     37.00000
    -1.11000  83567.42857  99080.88505  68663.08284     37.00000
    -1.09000  88324.74633  99976.48790  65112.82427     36.00000
    -1.07000  81451.71429  94806.45293  74582.11324     36.00000
    -1.05000  81239.99286 102409.64549  95170.50834     36.00000
    -1.03000  83175.80936 106444.91350  98593.43331     36.00000
    -1.01000  84520.47826 103472.56199  99905.45459     36.00000
    -0.99000  79588.72981 104016.36575 104355.49993     36.00000
    -0.97000  84705.64799 101384.53036  94833.00426     36.00000
    -0.95000  82525.56667  99960.14211  75073.01327     36.00000
    -0.93000  86567.99301  99366.12741  64561.59816     36.00000
    -0.91000  86143.62153 106392.46197  70193.44053     36.00000
    -0.89000  80243.86667 101626.64946  71955.23713     37.00000
    -0.87000  78614.87500  96841.43244  75101.02210     37.00000
    -0.85000  77629.35000  94746.51112  70260.01800     39.00000
    -0.83000  75521.94118  95917.96092  70541.28534     39.00000
    -0.81000  78498.90330 101177.60563  74788.58643     38.00000
    -0.79000  76592.10417 100983.60820  77288.76396     38.00000
    -0.77000  87658.51613 106293.88454  82087.11975     37.00000
    -0.75000  77945.00000 112694.03817  90916.44855     37.00000
    -0.73000  84871.25714 107107.26157  74537.75955     38.00000
    -0.71000  77926.27564 103384.89151  69741.31629     38.00000
    -0.69000  82666.31190 109613.63604  74902.47838     38.00000
    -0.67000  91418.69755 117051.70003  83461.69537     38.00000
    -0.65000  95048.64348 123436.86420  94465.98841     38.00000
    -0.63000  84283.18182 133297.44058 114494.51903     38.00000
    -0.61000  91273.08118 135033.01599 116500.42583     38.00000
    -0.59000  88959.45017 136292.47884 128984.20077     38.00000
    -0.57000  81415.95238 138322.68802 139371.42073     40.00000
    -0.55000  91233.20109 137009.85861 124232.46709     40.00000
    -0.53000 105626.32512 148562.35516 154563.97411     40.00000
    -0.51000 112686.67657 154358.81401 161021.33567     40.00000
    -0.49000 114658.69565 165382.86455 181217.31169     41.00000
    -0.47000  98181.48148 159347.34002 174101.03824     41.00000
    -0.45000  96823.00000 163663.16731 175176.64098     41.00000
    -0.43000  97378.36000 171760.60232 186887.54491     41.00000
    -0.41000  95639.25000 173884.96248 187887.73470     41.00000
    -0.39000  94500.60000 159457.45547 163093.20984     41.00000
    -0.37000 103040.19355 156141.94427 154338.73950     41.00000
    -0.35000 100382.14286 167794.48668 165082.24522     41.00000
    -0.33000 101406.60000 178888.29793 182837.28834     41.00000
    -0.31000  97637.17391 183365.70630 186294.96515     41.00000
    -0.29000  86210.35714 181027.99013 201507.47587     41.00000
    -0.27000  94261.45455 201085.47110 231030.75811     41.00000
    -0.25000 102318.64286 203875.58434 243221.83277     41.00000
    -0.23000  90474.40000 185452.02264 215929.57695     41.00000
    -0.21000  88617.04167 181455.84188 210230.96309     41.00000
    -0.19000  85504.37500 180269.29271 211708.59286     41.00000
    -0.17000  79861.12000 178412.75984 221708.17289     41.00000
    -0.15000  75624.11538 170377.23895 235376.25605     41.00000
    -0.13000  63276.33333 155675.08485 217142.87552     41.00000
    -0.11000  58791.86111 166216.64417 207479.01797     41.00000
    -0.09000  59351.27778 163083.45699 220800.21428     41.00000
    -0.07000  75056.13514 179839.49902 266485.53975     41.00000
    -0.05000  72228.42857 164196.63348 243186.57054     41.00000
    -0.03000  71784.50000 142003.22787 208991.96064     41.00000
    -0.01000  73162.98333 146829.50393 226344.66313     40.00000
     0.01000  74717.35714 139612.00669 192135.53746     41.00000
     0.03000  61784.50000 124094.85164 173817.56218     41.00000
     0.05000  60266.26316 121423.41343 177513.30060     41.00000
     0.07000  47171.72000 102092.57542 140508.93179     41.00000
     0.09000  42268.93333  90064.56650 125515.65061     41.00000
     0.11000  40177.94146  79878.01053 100953.50618     41.00000
     0.13000  30638.43478  73121.28240 107068.56807     41.00000
     0.15000  28232.27586  67233.66807  88581.28264     41.00000
     0.17000  23807.82759  64528.44641  93428.66189     41.00000
     0.19000  25005.07407  62763.34088  87630.19189     41.00000
     0.21000  25460.15385  59027.04853  84308.50151     41.00000
     0.23000  22747.62069  59481.92197  90307.97847     41.00000
     0.25000  25934.20833  61711.32978  96267.49580     41.00000
     0.27000  25374.63636  60356.42626 105190.70932     41.00000
     0.29000  23721.75000  59276.55512 107669.82375     41.00000
     0.31000  21854.40741  55874.63768 101371.46112     41.00000
     0.33000  21975.44444  55189.43425  97160.95105     41.00000
     0.35000  24725.76471  54787.24794  99298.90188     41.00000
     0.37000  25838.00000  57683.46451 111670.62775     41.00000
     0.39000  25852.41667  62000.18300 135224.97993     41.00000
     0.41000  24974.27273  63450.37951 141653.38769     41.00000
     0.43000  25485.77778  61808.58770 129414.03277     41.00000
     0.45000  23551.33333  64274.97070 138903.32273     41.00000
     0.47000  22227.78571  61585.25866 143001.08089     41.00000
     0.49000  20641.22222  60188.74162 137569.26089     41.00000
     0.51000  22789.40000  64116.41827 145761.44228     41.00000
     0.53000  22967.40000  65693.52563 136795.22352     41.00000
     0.55000  24332.12500  65505.06821 126957.70312     41.00000
     0.57000  21470.45946  60161.43448 110530.50240     41.00000
     0.59000  22593.62963  54786.68249  95821.51304     41.00000
     0.61000  21780.00000  52254.87061 104354.86054     41.00000
     0.63000  19223.62963  49363.88267 101120.10979     41.00000
     0.65000  18616.65000  50472.69455 102886.61254     41.00000
     0.67000  20309.72727  43238.42494  59880.99547     41.00000
     0.69000  22432.94595  42881.30376  48739.79267     41.00000
     0.71000  20573.14286  45221.59662  60738.72632     41.00000
     0.73000  21737.36364  51506.21214  88097.18065     41.00000
     0.75000  24580.50000  52875.39808  84459.29302     41.00000
     0.77000  23645.75000  47587.17158  67910.00335     41.00000
     0.79000  22855.37500  52048.50725  85138.30322     41.00000
     0.81000  20590.04878  48031.73746  79354.53101     41.00000
     0.83000  18757.86957  47251.34472  74832.49096     41.00000
     0.85000  22781.92593  47397.98709  70150.39590     41.00000
     0.87000  24225.00000  51616.83613  84567.64843     41.00000
     0.89000  23293.36364  53124.43668  83862.60144     41.00000
     0.91000  23773.76923  43321.36151  52123.68387     41.00000
     0.93000  24256.05769  43251.73262  48551.83111     40.00000
     0.95000  27145.06593  47033.53052  48769.21395     40.00000
     0.97000  33646.05882  50628.54421  49067.54997     41.00000
     0.99000  34881.33333  63554.99156  66176.93933     41.00000
     1.01000  37472.29167  65679.00162  67769.24990     41.00000
     1.03000  41031.78049  78433.03885  84532.21596     41.00000
     1.05000  47155.42105  76132.13127  85860.07309     41.00000
     1.07000  48767.52174  78281.46599  89212.87979     41.00000
     1.09000  52712.64286  76879.27890  85440.89619     41.00000
     1.11000  40216.72414  73238.99244  79265.66661     41.00000
     1.13000  42097.88462  76997.92954  75893.08413     41.00000
     1.15000  49593.46154  87225.83970  89684.87045     41.00000
     1.17000  45108.93333  93131.83511 100659.11913     41.00000
     1.19000  46335.57143  88383.32873  93121.25707     41.00000
     1.21000  50254.15789  89475.98502  89577.36421     41.00000
     1.23000  46256.47471  91396.50949  94346.40000     40.00000
     1.25000  51095.71916  99959.93356 115485.30874     40.00000
     1.27000  48334.31034  95370.14460  98666.21932     40.00000
     1.29000  49920.89706  89372.26987  82552.35426     40.00000
     1.31000  51290.97360  94003.21231  86380.35680     40.00000
     1.33000  64950.76589  94258.18891  82516.19246     40.00000
     1.35000  79756.26877 109111.56392  95545.80646     40.00000
     1.37000  68538.85207 112815.01139 109640.46632     40.00000
     1.39000  59752.35714 109523.33652 114096.96200     39.00000
     1.41000  61509.50000 107315.47994 120390.24444     39.00000
     1.43000  80742.08333 115349.59172 133826.23756     39.00000
     1.45000  80847.91667 118323.71759 132772.91568     39.00000
     1.47000  58603.45833 121884.12417 141511.06145     39.00000
     1.49000  78397.50000 120902.68273 140947.85170     39.00000
     1.51000  73178.56250 127586.54035 150874.31798     39.00000
     1.53000  65217.13333 121579.17936 141764.16372     39.00000
     1.55000  82710.54545 126732.51735 147039.55029     38.00000
     1.57000  83032.06608 122345.14686 136039.13508     38.00000
     1.59000  96709.89655 108447.80287 128028.85254     39.00000
     1.61000  82662.10000 104112.63522 131513.67332     39.00000
     1.63000  79918.08333 107248.84132 137918.36612     39.00000
     1.65000  90238.00000 115585.49482 139399.16598     39.00000
     1.67000  78411.62500 111650.33819 141497.67237     39.00000
     1.69000  78069.17647 107486.73916 127480.54129     39.00000
     1.71000  79318.26087  97782.12705  70441.46812     39.00000
     1.73000  80883.15000  94829.51927  73336.53273     39.00000
     1.75000  74448.81818  89701.09627  70283.91670     39.00000
     1.77000  80373.50000  91036.87979  70431.03544     39.00000
     1.79000  83680.68182  91231.54029  67710.54228     39.00000
     1.81000  76115.54545  90553.98506  77626.94180     40.00000
     1.83000  77896.72973  90106.72875  74080.66562     41.00000
     1.85000  78895.93436  90494.21948  71237.60917     40.00000
     1.87000  75915.15620  88004.40165  67072.36939     40.00000
     1.89000  66070.19119  85808.43660  67618.15986     40.00000
     1.91000  68598.57176  96057.23131  83345.68277     40.00000
     1.93000  76369.82778  96596.69977  80373.63220     40.00000
     1.95000  75649.83784  88508.22488  72662.82168     41.00000
     1.97000  74012.47368  88056.97143  72083.32542     41.00000
     1.99000  80079.20690  86005.47283  64863.99525     41.00000
     2.01000  76773.01911  84392.46889  63337.49967     40.00000
     2.03000  66842.86607  81932.86196  62163.26127     40.00000
     2.05000  76077.00000  82870.72091  61273.85692     39.00000
     2.07000  87273.96429  85514.74893  62971.79601     39.00000
     2.09000  70165.64865  84126.96127  64153.83870     39.00000
     2.11000  84073.26923  90430.55036  71661.95530     39.00000
     2.13000  82174.22727 116107.06905 123907.64898     39.00000
     2.15000  75189.72527 115966.15731 121516.82434     40.00000
     2.17000  71142.47826 120070.96636 129404.16330     41.00000
     2.19000  72330.41379 115889.07502 140963.70662     41.00000
     2.21000  69444.18919 116869.01360 147192.30523     41.00000
     2.23000  61072.77778 110322.01045 144752.84065     41.00000
     2.25000  70211.60000 110652.74512 132621.38251     41.00000
     2.27000  67906.56757 113203.15572 130482.04751     41.00000
     2.29000  72987.94118 106829.93109 113825.23404     41.00000
     2.31000  74043.66667 103285.44718 116069.73868     41.00000
     2.33000  65950.20690  99923.74436 109427.69649     41.00000
     2.35000  76594.37500  99984.00153 104251.41637     41.00000
     2.37000  71335.42857 108552.62677 116198.51957     41.00000
     2.39000  70428.46341 112535.87928 128072.87596     41.00000
     2.41000  67096.82927 114052.90052 118636.75174     41.00000
     2.43000  71194.18919 111733.62296 111543.30014     41.00000
     2.45000  65784.24390 110704.96926 114035.27412     41.00000
     2.47000  71022.55556 103503.76293 101925.59859     41.00000
     2.49000  68288.05000 108456.66917 116397.97402     41.00000
     2.51000  75018.04762 113519.40804 128062.50758     41.00000
     2.53000  63432.33333 110871.39362 128415.77731     41.00000
     2.55000  64039.91667 106898.65094 112821.67129     41.00000
     2.57000  64058.05556 102272.00546  99109.82048     41.00000
     2.59000  67155.31250  96148.78724  84756.72751     41.00000
     2.61000  72177.91667  95823.18036  81272.72318     41.00000
     2.63000  72018.50000  93199.82228  75087.63412     41.00000
     2.65000  69098.50000  87712.15327  68955.14524     41.00000
     2.67000  65044.08308  89267.99655  71043.57841     40.00000
     2.69000  74660.82353  88529.94885  70514.55747     41.00000
     2.71000  75315.95000  88309.33556  69610.19496     41.00000
     2.73000  71114.40000  99750.04733 104906.36197     41.00000
     2.75000  64294.48148 105112.32723 120493.91609     41.00000
     2.77000  59552.89474 102015.72511 120817.57783     41.00000
     2.79000  73305.02652 106451.73290 123552.97769     40.00000
     2.81000  67598.12222 104553.42498 119966.44869     40.00000
     2.83000  69055.47083 101874.34390 110127.02021     40.00000
     2.85000  57626.83333 102600.90407 110974.51675     39.00000
     2.87000  62692.96154  91923.45353  78829.68388     39.00000
     2.89000  63205.88462  93129.61788  82983.17094     39.00000
     2.91000  60543.88235  87192.87278  80165.88759     39.00000
     2.93000  62686.36538  84382.84415  73387.42117     40.00000
     2.95000  57869.54545  79306.99942  65012.96233     39.00000
     2.97000  63206.65000  86192.20824  71241.56674     40.00000
     2.99000  58469.97711  83844.06021  68703.74776     40.00000
     3.01000  58428.84231  85983.88567  71298.95555     40.00000
     3.03000  51534.11875  85480.81392  75686.48021     40.00000
     3.05000  58452.88974  88076.37816  75082.50318     40.00000
     3.07000  58994.51923  90782.15526  73219.92157     40.00000
     3.09000  61695.80208  89302.58903  72324.31554     40.00000
     3.11000  64677.69502  86351.84292  70214.41937     40.00000
     3.13000  59842.38889  87564.04170  72035.29274     39.00000
     3.15000  60095.06667  85916.01568  72124.27429     39.00000
     3.17000  69820.23077  88386.49592  68460.10830     39.00000
     3.19000  76213.09955  91152.26015  70853.96956     40.00000
     3.21000  71289.20764  89341.13513  70131.69425     40.00000
     3.23000  68446.65476  86979.59362  66319.65467     40.00000
     3.25000  75274.22037  85139.72629  62956.90206     40.00000
     3.27000  79743.58065  90052.86713  63878.85638     39.00000
     3.29000  69321.83826  93693.54494  76478.18347     38.00000
     3.31000  59709.66667  91630.92022  77040.13305     39.00000
     3.33000  53614.66667  88914.38288  76955.05375     39.00000
     3.35000  58315.96774  90460.57652  79886.02585     39.00000
     3.37000  59513.42308  89945.68560  75571.09270     39.00000
     3.39000  58246.66667  88181.31065  71474.37288     39.00000
     3.41000  62707.23333  88370.37741  76059.77458     39.00000
     3.43000  61096.15385  87230.61260  75196.09464     39.00000
     3.45000  72491.86667  88988.73693  69727.24087     39.00000
     3.47000  70805.29032  87938.45082  69633.35229     39.00000
     3.49000  71846.00000  86149.29600  65945.04295     39.00000
     3.51000  72878.25806  86549.41633  59505.96209     39.00000
     3.53000  73529.91667  84636.15083  62203.94199     39.00000
     3.55000  64516.21429  81680.93547  62669.53760     39.00000
     3.57000  73230.25000  88795.19917  69276.24658     39.00000
     3.59000  69653.92857  90103.16164  75721.84572     39.00000
     3.61000  64233.33333  89269.69294  76374.60837     39.00000
     3.63000  60246.92308  82560.68498  71273.37499     39.00000
     3.65000  65366.77778  86958.18752  77272.78562     39.00000
     3.67000  60290.51852  87735.64259  74007.37261     39.00000
     3.69000  73477.34483  92521.40035  76222.09575     39.00000
     3.71000  74817.00000  90228.82869  71473.18325     39.00000
     3.73000  80866.96552  87394.74292  67724.94370     39.00000
     3.75000  74604.60000  87961.03052  72465.68532     39.00000
     3.77000  74227.33333  92466.99431  74632.20091     39.00000
     3.79000  78472.29167  92406.30583  70663.05741     39.00000
     3.81000  64586.76667  90548.30013  68257.68487     39.00000
     3.83000  58432.33262  91124.02459  72415.08319     40.00000
     3.85000  64193.33417  89954.95403  68214.47589     40.00000
     3.87000  70608.47500  92407.13200  66971.77483     40.00000
     3.89000  70126.00000  90244.57368  65253.34872     39.00000
     3.91000  68645.91852  86072.84653  59049.16863     40.00000
     3.93000  72663.61779  89139.67285  60569.84083     40.00000
     3.95000  73162.88333  89156.10448  63614.19699     40.00000
     3.97000  60695.30556  90356.76416  66973.70588     40.00000
     3.99000  61587.43403  89179.99506  65706.56858     40.00000
     4.01000  73723.39205  91989.84159  67796.71841     40.00000
     4.03000  72021.35417  90303.11033  67412.90688     40.00000
     4.05000  75122.75000  89651.58279  67400.63156     40.00000
     4.07000  77579.16667  92153.36119  65918.50572     39.00000
     4.09000  83129.00000  97627.14075  71438.18509     39.00000
     4.11000  81636.46667  96876.06432  71949.22953     39.00000
     4.13000  73828.23333  98507.62997  70777.60519     39.00000
     4.15000  82416.33333 100554.27556  73144.28240     39.00000
     4.17000  81726.08333  99275.86215  74185.38056     39.00000
     4.19000  83974.24603 102327.66559  70719.68552     40.00000
     4.21000  76382.32266  99298.21533  71502.78499     40.00000
     4.23000  70083.87917 100236.31363  71944.46228     40.00000
     4.25000  69366.96667  98014.89571  72006.07009     40.00000
     4.27000  74689.88315  96171.78941  75664.14627     40.00000
     4.29000  65356.28261  96056.66382  78477.17720     40.00000
     4.31000  61615.34571  97126.47927  75196.48248     40.00000
     4.33000  66965.17083  95562.32239  70899.66921     40.00000
     4.35000  66478.03026  93492.21757  73098.05341     40.00000
     4.37000  64610.20924  96936.29316  75772.64285     40.00000
     4.39000  67633.75202  98620.06416  75297.13985     40.00000
     4.41000  67045.62179 102441.02301  79883.81767     40.00000
     4.43000  59844.20098 102563.32479  80560.74349     40.00000
     4.45000  55228.11413 100718.50357  79572.98441     40.00000
     4.47000  72532.76496  99506.33313  81866.44662     40.00000
     4.49000  62341.31034  96469.27500  75381.57889     40.00000
     4.51000  70767.96667  99927.58725  79766.01313     40.00000
     4.53000  61571.52941 102528.45043  84566.05601     39.00000
     4.55000  62651.28632 100790.35290  84130.33271     38.00000
     4.57000  68687.25926 100342.63221  89327.81110     37.00000
     4.59000  69241.86667 100871.83713  94047.06732     37.00000
     4.61000  67876.95294  97979.57136  88137.09173     36.00000
     4.63000  57052.53984  97464.83657  95365.29919     36.00000
     4.65000  70311.78571 100710.00199  94604.12221     35.00000
     4.67000  69550.44828 101726.27423  98189.54538     35.00000
     4.69000  81754.92857 107083.41120 100284.65607     35.00000
     4.71000  75092.53571 104922.77682  97402.31743     35.00000
     4.73000  79657.22222 103298.04058  95968.71969     35.00000
     4.75000  85619.07407 109022.96182 102469.07998     35.00000
     4.77000  85292.43478 108139.18004  99188.87474     35.00000
     4.79000  80096.51852 110497.94837 107272.44312     35.00000
     4.81000  81657.09091 108283.79891 105834.69281     35.00000
     4.83000  81565.90909 104749.44687  93615.91554     35.00000
     4.85000  80305.32857 107063.97199  88940.54129     36.00000
     4.87000  84439.72222 109387.60039  90632.95228     35.00000
     4.89000  92833.33333 118271.88663  96278.83606     36.00000
     4.91000  84538.36932 117253.23457 104829.03397     36.00000
     4.93000  83072.84066 116442.79016 101997.13443     36.00000
     4.95000  82592.56522 110455.90789  96431.90162     36.00000
     4.97000  83430.68771 111343.64177  97777.18266     36.00000
     4.99000  82604.03846 110198.78639  95574.82282     36.00000
