    -1.99000     -0.71875     -0.71875      0.00000      1.00000
    -1.97000      0.03485     -0.10659      0.69624     12.00000
    -1.95000     -0.17597     -0.19613      0.76714      7.00000
    -1.93000     -0.03554      0.31857      1.35001     10.00000
    -1.91000     -0.00556      0.11849      0.40462      7.00000
    -1.89000     -0.14644     -0.04277      0.70363     10.00000
    -1.87000     -0.03655      0.10001      0.52062      7.00000
    -1.85000      0.02089      0.32322      1.31005     10.00000
    -1.83000      0.08749     -0.08227      0.70270      9.00000
    -1.81000     -0.05473     -0.07592      0.41270      9.00000
    -1.79000     -0.06004      0.28072      1.23406      9.00000
    -1.77000     -0.09587     -0.15753      0.61623      8.00000
    -1.75000      0.07071      0.02447      0.46246      8.00000
    -1.73000     -0.09514     -0.10036      0.38820      9.00000
    -1.71000      0.14734      0.21159      1.19570      9.00000
    -1.69000     -0.01075     -0.01551      0.28051     10.00000
    -1.67000     -0.16767     -0.20937      0.76333      4.00000
    -1.65000     -0.03148     -0.01815      1.19914     13.00000
    -1.63000     -0.19972     -0.14347      0.60573      8.00000
    -1.61000     -0.12925     -0.13012      0.32306      8.00000
    -1.59000     -0.51668     -0.76538      1.03728      8.00000
    -1.57000     -0.07189      0.15815      1.15199     12.00000
    -1.55000     -0.19052     -0.41853      0.62484      5.00000
    -1.53000     -0.02349     -0.26846      0.73671     10.00000
    -1.51000     -0.19388     -0.47641      0.55952      8.00000
    -1.49000     -0.04267      0.23107      1.05275      9.00000
    -1.47000     -0.12236     -0.31939      0.53163      9.00000
    -1.45000      0.15830     -0.10850      0.59333      9.00000
    -1.43000      0.00932     -0.19957      0.39562      7.00000
    -1.41000      0.08920     -0.18233      0.66108     10.00000
    -1.39000     -0.15709     -0.23091      0.47677      7.00000
    -1.37000     -0.00769     -0.14138      0.50657     10.00000
    -1.35000      0.00834     -0.33022      0.83107     10.00000
    -1.33000     -0.05218     -0.05575      0.32624      7.00000
    -1.31000     -0.36659     -0.20817      0.37741      7.00000
    -1.29000     -0.04914     -0.28444      0.94188     13.00000
    -1.27000     -0.27794     -0.26051      0.42696      7.00000
    -1.25000      0.03134     -0.08265      0.30468      9.00000
    -1.23000     -0.14620     -0.47195      0.87980      6.00000
    -1.21000     -0.28590     -0.25559      0.38355     10.00000
    -1.19000     -0.05527     -0.09020      0.49793     11.00000
    -1.17000     -0.00052     -0.38275      0.91145      6.00000
    -1.15000     -0.15989     -0.22984      0.57218     10.00000
    -1.13000     -0.04815     -0.22517      0.37433      8.00000
    -1.11000     -0.13098     -0.39458      0.93488     10.00000
    -1.09000     -0.16648     -0.20576      0.26464      8.00000
    -1.07000     -0.48448     -0.53689      0.69929      7.00000
    -1.05000     -0.08192     -0.32988      0.98939     10.00000
    -1.03000     -0.43464     -0.32729      0.52360      6.00000
    -1.01000     -0.09136     -0.18300      0.68371     11.00000
    -0.99000      0.30174      0.24306      0.41528      4.00000
    -0.97000     -0.14274     -0.29588      0.71092     12.00000
    -0.95000     -0.39570     -0.78254      1.35825      6.00000
    -0.93000      0.04839      0.05296      0.44620     10.00000
    -0.91000     -0.20800     -0.23730      0.66561      7.00000
    -0.89000     -0.05218     -0.44768      1.37053      9.00000
    -0.87000      0.20905      0.13537      0.27362      7.00000
    -0.85000     -0.10774     -0.20631      0.69242      9.00000
    -0.83000     -0.00972     -0.41709      1.41456      9.00000
    -0.81000     -0.01646      0.02707      0.36423      9.00000
    -0.79000      0.03207     -0.54167      1.25164      8.00000
    -0.77000     -0.11178     -0.53644      1.39792      8.00000
    -0.75000     -0.00768     -0.03758      0.59554      7.00000
    -0.73000     -0.19907     -0.27971      0.46611      9.00000
    -0.71000     -0.08398     -1.03849      1.83384      9.00000
    -0.69000     -0.48367     -0.79621      1.09141      9.00000
    -0.67000      0.29817      0.25418      0.51102      4.00000
    -0.65000     -0.35508     -1.11764      1.56134     12.00000
    -0.63000      0.04968     -0.26786      1.00364      8.00000
    -0.61000     -0.39190     -0.53047      0.71871      8.00000
    -0.59000     -0.25680     -0.82480      1.72641      7.00000
    -0.57000     -0.43486     -0.81062      1.28363     12.00000
    -0.55000      0.20694     -0.30536      1.05613      4.00000
    -0.53000     -0.50432     -0.90374      1.61356     10.00000
    -0.51000     -1.28188     -0.80464      1.03153      7.00000
    -0.49000      0.26681     -0.30590      1.48656      9.00000
    -0.47000     -0.86732     -1.36217      1.87578      9.00000
    -0.45000      0.33415      0.00625      0.94806      8.00000
    -0.43000     -0.38815     -1.59078      2.32779      7.00000
    -0.41000     -0.82281     -0.81141      1.36701     10.00000
    -0.39000      0.01132     -0.95403      2.19939      6.00000
    -0.37000     -0.19319     -0.38082      1.29710     10.00000
    -0.35000     -0.40090     -1.39489      2.06162      9.00000
    -0.33000     -0.52577     -0.69772      1.21767      7.00000
    -0.31000     -0.23210     -1.17218      2.07811      7.00000
    -0.29000     -0.53169     -0.81662      1.52721     12.00000
    -0.27000     -0.39079     -0.93228      1.81263      7.00000
    -0.25000     -0.45522     -0.50627      1.17273      8.00000
    -0.23000     -1.39585     -1.75772      2.07684      6.00000
    -0.21000     -0.17774     -0.29858      1.09178     10.00000
    -0.19000     -0.82158     -1.17472      1.78924     10.00000
    -0.17000     -0.28616     -1.08611      1.63318      6.00000
    -0.15000      0.08319     -0.96365      1.91876      9.00000
    -0.13000     -0.11796     -0.40811      1.14127      8.00000
    -0.11000     -0.95460     -1.44873      2.19714     10.00000
    -0.09000     -0.23109     -0.50962      0.94173      7.00000
    -0.07000     -1.51386     -1.59377      2.22759      7.00000
    -0.05000     -0.26879     -0.80204      1.49886     10.00000
    -0.03000     -1.00748     -1.37353      2.22747      6.00000
    -0.01000     -0.54646     -0.89213      1.17136     10.00000
     0.01000     -0.16693     -0.16693      0.00000      1.00000
     0.03000     -1.10284     -1.36865      1.71926     12.00000
     0.05000     -0.84826     -1.22046      1.89278      6.00000
     0.07000     -0.85271     -1.34853      1.97810     10.00000
     0.09000     -0.99466     -1.05512      0.85539      7.00000
     0.11000     -1.33579     -2.03110      2.08171      9.00000
     0.13000     -1.19479     -0.74452      0.95909      7.00000
     0.15000     -0.27441     -1.67068      2.27271      9.00000
     0.17000     -0.80283     -1.19766      1.34505      9.00000
     0.19000     -1.34692     -1.71391      2.28854      9.00000
     0.21000     -0.37999     -0.55211      1.12748      8.00000
     0.23000     -1.33648     -2.29982      2.55530      8.00000
     0.25000     -0.54624     -0.54766      0.35386      7.00000
     0.27000     -1.23562     -1.58992      2.21916      9.00000
     0.29000     -0.87970     -1.12275      1.51275      9.00000
     0.31000     -0.85591     -1.44156      2.09476      9.00000
     0.33000     -0.95311     -0.88362      0.58531      4.00000
     0.35000     -1.04505     -1.52059      2.05111     12.00000
     0.37000     -0.65918     -0.61796      0.87208      8.00000
     0.39000     -0.80205     -1.63658      2.24452      8.00000
     0.41000     -1.09813     -1.27676      1.29500      7.00000
     0.43000     -0.18545     -1.09981      2.14181     12.00000
     0.45000     -1.26099     -0.69544      1.27139      4.00000
     0.47000     -0.13526     -1.44599      2.47332     10.00000
     0.49000     -1.19304     -0.81318      0.86607      8.00000
     0.51000     -0.74417     -1.20417      2.09752      8.00000
     0.53000     -0.09514     -0.99468      2.06571      9.00000
     0.55000     -0.50250     -0.86806      2.19530      8.00000
     0.57000     -1.26939     -1.19175      2.15944      7.00000
     0.59000     -0.90927     -1.30456      1.49963     10.00000
     0.61000     -0.02132     -0.59130      2.22129      6.00000
     0.63000     -0.34834     -0.68494      1.71718     10.00000
     0.65000     -1.27841     -1.41183      1.76723      9.00000
     0.67000     -0.45427     -1.28414      1.71405      7.00000
     0.69000     -0.41846     -0.76341      1.70673      7.00000
     0.71000     -1.06121     -1.16987      1.66109     12.00000
     0.73000     -0.24299     -0.85186      1.76180      7.00000
     0.75000     -0.65437     -1.11858      1.39028      8.00000
     0.77000     -0.94641     -1.26403      1.95647      6.00000
     0.79000     -0.53330     -0.84339      1.56204     10.00000
     0.81000     -0.31001     -0.79500      1.58883     10.00000
     0.83000     -0.84856     -1.11761      1.80151      6.00000
     0.85000     -0.23718     -0.71992      1.62348      9.00000
     0.87000     -0.06768     -0.69382      1.77217      8.00000
     0.89000     -1.04325     -0.92354      1.52132     11.00000
     0.91000     -0.05224     -0.74417      1.63068      7.00000
     0.93000      0.02527     -0.77925      1.97214      7.00000
     0.95000     -0.20036     -0.56431      1.56214     11.00000
     0.97000      0.25135     -0.35808      1.93153      6.00000
     0.99000     -0.76919     -0.93326      1.43561     13.00000
     1.01000      1.25904      1.25904      0.39132      2.00000
     1.03000     -0.30147     -0.92081      1.85440     12.00000
     1.05000     -0.30732     -0.63982      1.82675      7.00000
     1.07000     -0.88978     -1.16771      1.96721     10.00000
     1.09000     -0.94976     -0.80788      0.82212      8.00000
     1.11000     -0.63413     -1.51945      2.29107      9.00000
     1.13000     -0.06555     -0.03713      0.92365      7.00000
     1.15000     -0.71540     -1.23525      1.98897     10.00000
     1.17000     -0.83217     -1.20458      1.49527      9.00000
     1.19000     -0.74796     -1.18087      1.96375     10.00000
     1.21000     -0.91267     -0.64000      1.23462      8.00000
     1.23000     -0.63770     -1.68928      2.38976      8.00000
     1.25000     -0.83243     -0.84771      0.70106      8.00000
     1.27000     -0.77931     -1.28257      2.06798      9.00000
     1.29000     -0.55955     -0.81993      1.71594     10.00000
     1.31000     -0.75705     -1.19617      2.05089      9.00000
     1.33000     -0.39400     -0.60607      0.92563      4.00000
     1.35000     -1.04819     -1.55924      2.02295     13.00000
     1.37000     -0.62626     -0.30240      1.05477      8.00000
     1.39000     -0.72045     -1.39337      2.25827      8.00000
     1.41000     -0.54624     -1.24782      1.58941      7.00000
     1.43000     -0.58513     -1.12216      1.89223     12.00000
     1.45000     -1.00685     -0.20704      1.30306      5.00000
     1.47000     -0.58856     -1.52571      2.38001     10.00000
     1.49000     -0.58318     -0.52229      0.62112     10.00000
     1.51000     -0.36678     -0.67636      2.14321      8.00000
     1.53000     -0.50673     -1.12138      2.03523      9.00000
     1.55000     -0.63485     -0.74531      1.97625      9.00000
     1.57000     -0.50107     -0.67516      1.61825      7.00000
     1.59000     -0.93036     -1.23961      2.00045     11.00000
     1.61000     -0.46453     -0.62693      1.69771      6.00000
     1.63000     -0.40606     -0.57597      1.84080     10.00000
     1.65000     -0.69532     -1.09393      1.90942     10.00000
     1.67000     -0.62140     -0.88886      1.77796      7.00000
     1.69000     -0.52601     -0.61637      1.63769      8.00000
     1.71000     -0.79842     -0.89934      2.10288     12.00000
     1.73000     -0.59010     -0.54504      1.64216      7.00000
     1.75000     -0.19052     -0.59169      1.54339      9.00000
     1.77000     -0.59074     -1.39111      2.53865      6.00000
     1.79000     -0.00421     -0.24740      1.83321     11.00000
     1.81000     -0.33408     -0.72580      1.62192     10.00000
     1.83000     -0.02339     -1.13705      2.73933      6.00000
     1.85000     -0.13076     -0.26808      1.53904     10.00000
     1.87000      0.19215      0.08526      1.89176      8.00000
     1.89000     -1.08011     -1.32876      2.00143     11.00000
     1.91000     -0.16134     -0.36524      1.74314      7.00000
     1.93000      0.10691      0.01618      1.91559      7.00000
     1.95000     -0.69195     -0.66856      2.25634     11.00000
     1.97000     -0.07598     -0.41323      1.93121      6.00000
     1.99000     -0.82344     -0.66417      1.80589     12.00000
     2.01000      2.33613      2.33613      0.33028      2.00000
     2.03000     -0.62149     -0.74930      1.72284     12.00000
     2.05000      0.09525     -0.22316      2.31874      7.00000
     2.07000     -0.56540     -0.69935      2.05716     10.00000
     2.09000     -0.41130     -0.27905      1.28339      8.00000
     2.11000     -0.64837     -1.06704      2.31168      9.00000
     2.13000     -0.01431      0.10812      1.74110      7.00000
     2.15000     -0.25875     -0.28788      1.81412     10.00000
     2.17000     -0.57210     -0.94592      1.89821      9.00000
     2.19000     -0.22200     -0.51682      1.57302     10.00000
     2.21000      0.15977      0.54671      1.40876      8.00000
     2.23000     -1.40324     -1.31095      2.24172      8.00000
     2.25000     -0.02826      0.09055      1.18920      8.00000
     2.27000     -0.77835     -0.93721      1.68899      9.00000
     2.29000      0.26132      0.13903      1.93131     10.00000
     2.31000     -0.33412     -0.52642      1.70313      9.00000
     2.33000     -0.50815     -0.43597      1.40742      4.00000
     2.35000     -0.55734     -0.70955      1.93792     13.00000
     2.37000      0.12112      0.22621      1.43876      8.00000
     2.39000     -0.76767     -0.61616      1.63854      9.00000
     2.41000     -0.26704     -0.65437      1.88366      7.00000
     2.43000     -0.37587     -0.59967      1.61079     12.00000
     2.45000      0.29515      1.08017      1.71335      5.00000
     2.47000     -0.77064     -0.59732      3.01828     10.00000
     2.49000     -0.13325      0.10027      0.87181      8.00000
     2.51000     -0.25774      0.12902      2.42007      8.00000
     2.53000     -0.46801     -0.45148      2.58043      9.00000
     2.55000     -0.20167      0.14293      2.24913      9.00000
     2.57000      0.31433      0.31113      2.09129      7.00000
     2.59000      0.03201     -0.43876      1.86994     11.00000
     2.61000      0.38195      0.11263      2.39487      6.00000
     2.63000     -0.12959     -0.00780      1.98666     10.00000
     2.65000      0.21360     -0.27334      2.14406     10.00000
     2.67000      0.06358     -0.11481      1.49307      7.00000
     2.69000      0.50446      0.25319      1.77739      8.00000
     2.71000     -0.01364     -0.44835      2.01157     12.00000
     2.73000     -0.01431      0.28595      1.86876      7.00000
     2.75000      0.09249     -0.06332      1.38883      9.00000
     2.77000     -0.26524     -0.47296      2.55986      6.00000
     2.79000      0.37576      0.15332      1.74657     11.00000
     2.81000      0.30836     -0.00656      1.57377     10.00000
     2.83000      0.00380     -0.76372      2.20520      6.00000
     2.85000      0.25936      0.26179      1.76875     10.00000
     2.87000      0.20133      0.38310      1.74963      8.00000
     2.89000     -0.53891     -0.54288      1.99252     11.00000
     2.91000     -0.18608     -0.00583      1.50870      7.00000
     2.93000      0.62303      0.56527      1.68570      7.00000
     2.95000      0.15745     -0.26933      2.14467     11.00000
     2.97000      0.83878      0.47305      1.61004      6.00000
     2.99000      0.17935     -0.15171      1.42982     13.00000
     3.01000      2.54677      2.54677      0.70187      2.00000
     3.03000      0.06737     -0.18275      1.80193     12.00000
     3.05000      1.23647      0.55184      2.36810      7.00000
     3.07000      0.06084     -0.34770      1.86922     10.00000
     3.09000      0.50449      0.48775      1.23240      8.00000
     3.11000      0.00044     -0.62484      2.39291      9.00000
     3.13000      1.37810      1.10096      1.50505      7.00000
     3.15000      0.29891     -0.03200      1.79233     10.00000
     3.17000      0.71315     -0.31801      2.31409      9.00000
     3.19000      0.58348      0.01831      1.74187     10.00000
     3.21000      1.18079      1.10572      0.94361      8.00000
     3.23000     -0.88499     -1.19620      2.89188      8.00000
     3.25000      0.67724      0.45343      1.13371      8.00000
     3.27000      0.46056     -0.32540      2.07692      9.00000
     3.29000      0.72677      0.19257      2.46430     10.00000
     3.31000      0.61211      0.05239      1.98809      9.00000
     3.33000      0.26637      0.19196      1.31817      4.00000
     3.35000      0.40845     -0.38770      2.44834     13.00000
     3.37000      0.50071      0.68300      1.07076      8.00000
     3.39000      0.12058     -0.54654      1.76600      9.00000
     3.41000      0.20144     -0.46360      2.51422      7.00000
     3.43000     -0.18112     -0.45454      1.87701     12.00000
     3.45000      0.43981      0.10565      1.99151      5.00000
     3.47000     -0.60579     -1.41003      2.35208     10.00000
     3.49000      0.87381      0.97264      1.28624      9.00000
     3.51000     -0.58002     -1.01101      2.04287      8.00000
     3.53000     -0.27701     -0.96254      2.06724      9.00000
     3.55000     -0.14720     -0.60395      2.35405      9.00000
     3.57000     -0.34331     -0.27853      2.17330      7.00000
     3.59000     -0.15809     -0.61881      2.25037     11.00000
     3.61000     -1.06723     -0.80751      1.79034      6.00000
     3.63000     -0.34087     -0.55795      2.11733     10.00000
     3.65000     -0.39297     -0.98613      2.36428     10.00000
     3.67000      0.02182     -0.09355      2.14750      7.00000
     3.69000     -0.12402     -0.78333      2.45152      8.00000
     3.71000     -0.56410     -1.13222      2.80963     12.00000
     3.73000     -0.26704     -0.88801      2.62317      7.00000
     3.75000     -0.13630     -0.26604      2.05841      9.00000
     3.77000     -1.07540     -2.06921      3.00379      6.00000
     3.79000     -0.66095     -0.70884      2.91850     11.00000
     3.81000     -0.00372     -0.51497      2.25550     10.00000
     3.83000     -0.77942     -1.63899      2.51820      6.00000
     3.85000      0.28151     -0.15485      2.60262     10.00000
     3.87000     -0.34047     -1.04803      2.66740      8.00000
     3.89000     -0.78097     -1.32886      2.21287     11.00000
     3.91000      0.00066     -0.39656      2.04618      7.00000
     3.93000      0.27801     -0.07107      2.60059      7.00000
     3.95000     -0.18608     -1.30907      2.56187     11.00000
     3.97000     -0.21152     -0.65579      1.72938      6.00000
     3.99000      0.18052      0.15147      2.03490     13.00000
     4.01000     -0.43243     -0.43243      2.40379      2.00000
     4.03000     -0.25955     -0.77541      1.88257     12.00000
     4.05000     -0.36510     -0.68575      2.68695      7.00000
     4.07000     -0.37409     -0.63768      2.38771     10.00000
     4.09000     -0.01015      0.21131      1.30701      8.00000
     4.11000     -2.10374     -1.75297      2.57528      9.00000
     4.13000      0.20144      0.06127      1.94399      7.00000
     4.15000     -0.08318     -0.62961      2.37707     10.00000
     4.17000     -0.00421     -0.41664      2.28587      9.00000
     4.19000     -0.19559     -0.88482      2.01048     10.00000
     4.21000      0.34743      0.70310      1.90615      8.00000
     4.23000     -2.42831     -2.16657      2.36507      8.00000
     4.25000      0.15925      0.38078      0.78787      8.00000
     4.27000     -1.91916     -1.32685      2.12521      9.00000
     4.29000      0.04660     -0.04823      2.56222     10.00000
     4.31000     -0.43867     -0.85331      2.15403      9.00000
     4.33000      0.21378      0.02227      1.31814      4.00000
     4.35000     -0.18613     -0.67866      2.68821     13.00000
     4.37000     -0.45793     -0.05713      1.42887      8.00000
     4.39000     -0.39744     -1.16207      2.24477      9.00000
     4.41000     -0.36794     -0.58332      2.29041      7.00000
     4.43000     -0.29373     -0.54751      2.26573     12.00000
     4.45000      0.49148      0.37347      1.51681      5.00000
     4.47000     -1.58484     -1.68453      2.27898     10.00000
     4.49000      0.48114      1.09564      1.32363      9.00000
     4.51000     -0.86322     -1.04662      1.73111      8.00000
     4.53000      0.25405     -0.64430      2.47731      9.00000
     4.55000     -0.47405     -0.56950      1.95192      9.00000
     4.57000     -0.48494     -0.00352      2.42059      7.00000
     4.59000     -0.11572     -0.60812      2.32823     11.00000
     4.61000     -0.89353     -0.79660      1.92599      6.00000
     4.63000     -0.25789     -0.07673      2.03132     10.00000
     4.65000     -0.33481     -0.76900      2.45525     10.00000
     4.67000     -0.32731     -0.16738      2.27728      7.00000
     4.69000      0.01711     -0.24624      1.73166      8.00000
     4.71000     -0.34198     -0.33665      2.55128     12.00000
     4.73000      0.00066     -0.40564      1.75948      7.00000
     4.75000      0.03620     -0.34888      1.83410      9.00000
     4.77000     -0.65314     -1.26310      2.42588      6.00000
     4.79000      0.26415      0.08272      2.29445     11.00000
     4.81000      0.02630      0.08194      1.41377     10.00000
     4.83000     -0.85098     -1.68050      2.40823      6.00000
     4.85000     -0.10517      0.42310      2.17478     10.00000
     4.87000     -0.20266     -0.28990      2.01570      8.00000
     4.89000     -0.07814     -0.75918      1.78964     11.00000
     4.91000     -0.04914     -0.28228      2.10882      7.00000
     4.93000     -0.01165      0.50733      2.33320      7.00000
     4.95000     -0.44885     -0.95062      2.02957     11.00000
     4.97000     -0.05298     -0.36225      1.83869      6.00000
     4.99000     -0.06281     -0.28631      1.87432     10.00000
